file
1094
0.05 -0.0185747 0.0453908 -0.0246513 1.5575e-05 -0.000314755
-0.05 -0.043815 -0.0486723 -0.0429798 1.62692e-05 0.00170488
-0.05 -0.0162709 -0.039285 -0.00849906 1.63056e-05 0.00259061
0.05 -0.0310139 0.0481079 -0.031589 1.95757e-05 -0.000494146
-0.05 0.0166396 -0.0423235 0.0198603 1.51738e-05 0.00233159
0.00134152 0.00381103 -0.00113728 0.00491166 7.21379e-06 -0.000586783
0.00134152 0.00381103 0.00106846 0.00336253 1.60791e-05 -0.00133667
0.012303 0.0316719 0.0132549 0.0320712 1.13919e-05 0.000415986
0.012303 0.0316719 0.00735683 0.0336707 1.01871e-05 -0.000716345
0.00629354 0.0291513 0.012303 0.0316719 1.13919e-05 0.000627547
0.00629354 0.0291513 0.00493351 0.0346499 1.30272e-05 -0.000335574
-0.000452369 0.0263219 0.00629354 0.0291513 1.13919e-05 0.000637433
-0.000452369 0.0263219 -0.00263996 0.0280193 1.4215e-05 -0.00110482
-0.0036016 0.025001 -0.000452369 0.0263219 1.13919e-05 0.000467103
-0.0036016 0.025001 -0.00367637 0.0250593 1.07746e-05 -0.000444776
-0.00371317 0.0249542 -0.0036016 0.025001 1.13919e-05 0.000502114
-0.00371317 0.0249542 -0.00367637 0.0250593 1.40344e-05 0.000185442
-0.0350616 -0.0249489 -0.0307601 -0.0234125 1.04116e-05 0.000360426
-0.0350616 -0.0249489 -0.0392486 -0.0167009 1.05431e-05 -0.000187439
-0.0446045 -0.0305875 -0.0451323 -0.0306746 1.47183e-05 -0.00229185
-0.0446045 -0.0305875 -0.0455573 -0.0304265 1.32005e-05 -0.00121759
-0.0370599 -0.0293426 -0.0446045 -0.0305875 1.47183e-05 -0.002069
-0.0370599 -0.0293426 -0.0385895 -0.0282518 9.80828e-06 0.00061529
-0.0290301 -0.0280176 -0.0332476 -0.0287135 1.47183e-05 -0.00108193
-0.0290301 -0.0280176 -0.0291659 -0.0266552 1.09355e-05 0.000274885
-0.0149795 -0.025699 -0.0168088 -0.0260009 1.47183e-05 -0.000453612
-0.0149795 -0.025699 -0.015337 -0.0235835 8.03923e-06 0.000366696
-0.0137979 -0.0255041 -0.0149795 -0.025699 1.47183e-05 -0.000355707
-0.0137979 -0.0255041 -0.0146329 -0.0224269 1.23616e-05 0.000875038
0.0267226 -0.0311287 0.0245988 -0.0230292 1.03406e-05 -0.00133177
0.0267226 -0.0311287 0.027683 -0.0309274 1.11417e-05 0.00059916
0.0271345 -0.0326994 0.0267226 -0.0311287 1.03406e-05 -0.000686197
0.0271345 -0.0326994 0.027487 -0.0327031 1.33097e-05 0.000533124
0.0146486 0.0307241 0.0128335 0.0314575 1.01871e-05 -0.000948197
0.0146486 0.0307241 0.0148668 0.0307782 8.43568e-06 0.000566486
0.0147408 0.0306868 0.0146486 0.0307241 1.01871e-05 -0.00075102
0.0147408 0.0306868 0.0148668 0.0307782 1.63056e-05 0.0018276
0.0148314 -0.00554721 0.0174812 -0.00321047 1.17002e-05 0.000548984
0.0148314 -0.00554721 0.0139478 -0.00358803 6.72348e-06 -0.000188857
0.0142172 -0.00608889 0.0148314 -0.00554721 1.17002e-05 0.000517868
0.0142172 -0.00608889 0.0150653 -0.00606571 1.48878e-05 0.00125221
0.00454885 -0.00152426 0.0126352 -0.00067754 1.01219e-05 0.000855213
0.00454885 -0.00152426 0.000358443 0.00219632 1.25275e-05 -0.000690992
0.0072151 0.0134584 0.00508416 0.00995832 1.60791e-05 9.23824e-05
0.00770689 0.0142662 0.0072151 0.0134584 1.60791e-05 0.000738662
0.00770689 0.0142662 0.00754159 0.0163117 1.08643e-05 -0.000817246
0.0130122 0.0229802 0.0100741 0.0181543 1.60791e-05 0.000110083
0.00018814 -0.00647228 -0.00180107 -0.00135069 1.07296e-05 -0.000346569
0.00018814 -0.00647228 0.0033655 -0.00638545 1.48878e-05 0.00174484
0.00358953 -0.0152298 0.0022857 -0.0118728 1.07296e-05 -0.000607959
0.00398765 -0.0162548 0.00358953 -0.0152298 1.07296e-05 2.80024e-05
0.00398765 -0.0162548 0.0047602 -0.0162052 1.49011e-05 0.00196654
6.93584e-06 0.00967606 -0.000231401 0.0097946 9.51024e-06 -0.000521916
6.93584e-06 0.00967606 0.00505005 0.00995643 1.27929e-05 0.00105612
-0.0337971 -0.0274399 -0.0316905 -0.027083 1.07318e-05 0.000312403
-0.0337971 -0.0274399 -0.0350616 -0.0249489 1.05431e-05 0.000168489
-0.0374147 -0.0280527 -0.0337971 -0.0274399 1.07318e-05 0.000477929
-0.0374147 -0.0280527 -0.0399206 -0.0273025 1.30821e-05 -0.000115064
-0.0385895 -0.0282518 -0.0374147 -0.0280527 1.07318e-05 0.000422076
-0.0385895 -0.0282518 -0.0399206 -0.0273025 9.80828e-06 0.000153471
-0.0224458 0.0166421 -0.0179949 0.0199823 1.5516e-05 0.00127875
-0.02949 0.0136512 -0.0279448 0.0143073 1.0545e-05 0.00064063
-0.02949 0.0136512 -0.0344508 0.0203766 1.24656e-05 -0.00101276
-0.0359946 0.0108894 -0.02949 0.0136512 1.0545e-05 0.000602058
-0.0359946 0.0108894 -0.0397335 0.016189 1.19357e-05 -0.000881851
-0.0358709 0.0274546 -0.0473786 0.0306691 1.26593e-05 -0.00117087
-0.0358709 0.0274546 -0.0301031 0.0452805 1.1859e-05 0.00116744
-0.0358599 0.0274515 -0.0358709 0.0274546 1.26593e-05 -0.000110895
-0.0317931 0.0263155 -0.0358599 0.0274515 1.26593e-05 -0.000151031
-0.0447292 0.00644021 -0.044899 0.00698257 8.76789e-06 -0.00034309
-0.0447292 0.00644021 -0.0445677 0.0067732 1.18953e-05 0.000267562
-0.0431674 0.00145205 -0.0447292 0.00644021 8.76789e-06 1.99097e-05
-0.0431674 0.00145205 -0.0463808 0.00096292 9.39661e-06 -0.00108464
0.032375 -0.0227983 0.03006 -0.0195998 7.81398e-06 -0.00113164
0.032375 -0.0227983 0.0398109 -0.0238569 1.18127e-05 0.00074857
-0.0195691 -0.0163799 -0.021151 -0.0160462 1.142e-05 -0.000559432
-0.0195691 -0.0163799 -0.0195493 -0.014369 1.37255e-05 0.000340871
-0.0096972 -0.0184622 -0.011932 -0.0179908 1.142e-05 -0.000781531
-0.0096972 -0.0184622 -0.00734508 -0.0169825 1.62692e-05 0.00256444
0.0486149 0.0333108 0.0497723 0.0335381 8.85679e-06 0.000613437
0.0486149 0.0333108 0.0491621 0.0329514 1.20013e-05 0.000976315
0.0486102 0.0333099 0.0486149 0.0333108 8.85679e-06 0.000497404
0.0486102 0.0333099 0.0486119 0.0333127 1.26421e-05 0.000200334
-0.032429 -0.032645 -0.0363666 -0.0319796 1.32005e-05 -0.000404788
-0.032429 -0.032645 -0.0351494 -0.030705 9.80828e-06 3.99241e-06
-0.0230952 -0.0342223 -0.0252741 -0.0338541 1.32005e-05 -0.000957698
-0.0230952 -0.0342223 -0.0239141 -0.0356428 1.09276e-05 -2.1418e-05
-0.0197501 -0.0347876 -0.0219337 -0.0344186 1.32005e-05 -0.00043733
-0.0197501 -0.0347876 -0.0197359 -0.0333453 1.37255e-05 0.000208827
-0.0108718 -0.0362879 -0.0197501 -0.0347876 1.32005e-05 -0.000185078
-0.0108718 -0.0362879 -0.0128008 -0.0291786 1.23616e-05 0.000321398
-0.0370852 -0.0353724 -0.0451323 -0.0306746 1.24133e-05 -0.000526672
-0.0370852 -0.0353724 -0.0404763 -0.0359343 1.10764e-05 -0.000818797
-0.0368226 -0.0355257 -0.0370852 -0.0353724 1.24133e-05 -0.000487109
-0.0368226 -0.0355257 -0.036398 -0.0352586 1.62692e-05 0.00207847
-0.0344508 0.0203766 -0.035045 0.0211822 1.24656e-05 -0.000913884
-0.0397335 0.016189 -0.0344508 0.0203766 7.02744e-06 0.000175394
-0.0397335 0.016189 -0.0398921 0.0164138 1.19357e-05 -0.000840702
-0.0401683 0.0158443 -0.0397335 0.016189 7.02744e-06 0.000245283
-0.0401683 0.0158443 -0.0398921 0.0164138 1.18953e-05 0.000253105
0.0274118 -0.0333841 0.027487 -0.0327031 8.71288e-06 -0.000406308
0.0274118 -0.0333841 0.0276335 -0.0327047 8.16576e-06 -0.000307011
0.0272542 -0.0348113 0.0274118 -0.0333841 8.71288e-06 -0.000392695
0.0272542 -0.0348113 0.0387768 -0.0333709 1.39085e-05 0.000236741
0.00778452 0.0133055 0.0072151 0.0134584 1.26244e-05 -0.000823138
0.00778452 0.0133055 0.00770689 0.0142662 1.08643e-05 -0.000703821
0.0267884 0.00820239 0.0203477 0.00993191 1.26244e-05 -0.000977549
0.0267884 0.00820239 0.0286056 0.011266 7.19024e-06 -0.000463618
0.0352229 0.00593749 0.0331165 0.00650311 1.26244e-05 -0.000334669
0.0352229 0.00593749 0.0374633 0.00841944 1.34733e-05 0.00130143
0.0386167 0.00502617 0.0352229 0.00593749 1.26244e-05 0.000177536
0.0150653 -0.00606571 0.0148314 -0.00554721 6.72348e-06 -0.00013471
0.0150653 -0.00606571 0.0200484 -0.00592953 1.48878e-05 0.00131305
0.0251126 -0.0404288 0.0257831 -0.0383745 8.16576e-06 -1.40316e-05
0.0251126 -0.0404288 0.0212298 -0.0397585 1.04293e-05 -2.65753e-05
0.0340912 -0.00779124 0.0416797 -0.00533838 1.05909e-05 0.00113236
0.0340912 -0.00779124 0.0326028 -0.00711354 1.28166e-05 -0.000369819
0.0312086 -0.00872297 0.0340912 -0.00779124 1.05909e-05 0.000295293
0.0312086 -0.00872297 0.0326028 -0.00711354 1.24579e-05 0.000312932
-0.0106241 0.0444749 -0.00813911 0.0457155 1.14488e-05 0.000535486
-0.0106241 0.0444749 -0.0213345 0.0472477 9.28799e-06 -0.000294099
-0.0152314 0.0421746 -0.0106241 0.0444749 1.14488e-05 0.000296894
-0.0152314 0.0421746 -0.020857 0.0433495 1.36374e-05 -0.000965541
-0.032342 -0.0327071 -0.032429 -0.032645 9.80828e-06 0.000191117
-0.032342 -0.0327071 -0.0322827 -0.0326698 1.62692e-05 0.00255089
0.0301638 0.0350957 0.0300974 0.0351072 9.24593e-06 -0.000721474
0.0328137 0.0346361 0.0301638 0.0350957 9.24593e-06 -0.00105488
0.0328137 0.0346361 0.0331774 0.0342047 1.29013e-05 0.000755993
0.00935522 -0.0268976 0.00767911 -0.0249678 8.2999e-06 -7.78145e-05
0.00935522 -0.0268976 0.0095987 -0.0238975 8.35552e-06 7.72965e-05
0.035218 0.0424055 0.0358584 0.0426153 1.31454e-05 0.00131566
0.035218 0.0424055 0.0357672 0.0424425 1.15421e-05 0.00134272
0.03263 0.0415578 0.035218 0.0424055 1.31454e-05 0.00148505
0.03263 0.0415578 0.0323878 0.0422151 1.06925e-05 -0.000175967
0.0268577 0.0396669 0.0273391 0.0398246 1.31454e-05 0.00139047
0.0268577 0.0396669 0.0218117 0.0467686 1.2939e-05 -0.00200132
-0.0423429 0.0244386 -0.05 0.0209754 1.03829e-05 -0.000741099
-0.0423429 0.0244386 -0.05 0.0255329 1.32272e-05 -0.00130675
0.0428878 0.0370718 0.0445732 0.0359649 1.20013e-05 0.0011019
0.0428878 0.0370718 0.0388314 0.0426487 9.00588e-06 -0.000436543
0.0353244 0.0420387 0.0358603 0.0416868 1.20013e-05 0.000885306
0.0353244 0.0420387 0.0357672 0.0424425 1.13914e-05 -3.06758e-05
0.00625844 -0.0145907 0.00447924 -0.00954434 7.27476e-06 -0.000212333
0.00625844 -0.0145907 0.00435273 -0.0132869 1.09306e-05 -0.000691853
0.00812289 0.00911832 0.00804172 0.0101227 1.08643e-05 -0.00031119
0.00812289 0.00911832 0.00559123 0.00938323 1.24123e-05 -0.000787342
0.00820837 0.00806049 0.00812289 0.00911832 1.08643e-05 -0.000210357
0.00820837 0.00806049 0.00910834 0.00901521 9.21605e-06 0.000242099
-0.0385522 -0.0105304 -0.039285 -0.00849906 1.0537e-05 -0.000306869
-0.0385522 -0.0105304 -0.0382371 -0.00773904 8.53579e-06 0.000147295
-0.0180684 0.0205821 -0.0204967 0.0213165 1.1291e-05 -0.00102562
-0.0180684 0.0205821 -0.0188673 0.0271046 1.27697e-05 -5.0998e-05
-0.00647209 0.0170748 -0.0174463 0.0203939 1.1291e-05 -0.000955288
-0.00647209 0.0170748 -0.00371317 0.0249542 1.40344e-05 0.000593016
0.032461 -0.0416973 0.0251126 -0.0404288 1.04293e-05 -3.75615e-05
0.0173778 0.0191846 0.018563 0.0195976 9.01309e-06 0.000224349
0.0173778 0.0191846 0.0181858 0.0248712 1.41625e-05 4.97739e-05
0.0255545 -0.0231985 0.0245988 -0.0230292 9.27152e-06 0.000946058
0.0255545 -0.0231985 0.025215 -0.0163629 1.16344e-05 -0.00075392
0.0312804 -0.0198232 0.03006 -0.0195998 9.75894e-06 0.00031971
0.0312804 -0.0198232 0.0294771 -0.0187944 9.41565e-06 -0.000331366
0.0304556 0.042085 0.0323878 0.0422151 1.15421e-05 0.000927969
0.0304556 0.042085 0.0320181 0.0432184 1.63056e-05 0.00132287
0.021734 0.00242363 0.018309 0.00507944 1.07231e-05 6.07933e-05
0.021734 0.00242363 0.0211676 0.00549144 1.22318e-05 0.000163488
0.027803 -0.00228235 0.0255753 -0.000554993 1.07231e-05 -0.000216345
0.027803 -0.00228235 0.0317461 0.00208584 1.34733e-05 0.000467254
-0.0324966 -0.0073655 -0.0346817 -0.00516023 9.16333e-06 -0.000369597
-0.0324966 -0.0073655 -0.0313745 -0.00733483 1.48878e-05 0.00141082
-0.0314172 -0.00845488 -0.0315581 -0.00831265 9.16333e-06 -0.000398769
-0.0314172 -0.00845488 -0.0310184 -0.0073251 1.3732e-05 0.000266097
-0.0287686 -0.0306412 -0.0287856 -0.0304699 1.09355e-05 6.71185e-05
-0.0287686 -0.0306412 -0.0289646 -0.0305825 1.30821e-05 -0.00105096
-0.0286765 -0.0315652 -0.0287686 -0.0306412 1.09355e-05 -0.000246317
-0.0286765 -0.0315652 -0.0273953 -0.0310645 9.24696e-06 0.000291295
0.014333 -0.0415737 0.0155977 -0.0362683 1.04547e-05 -0.000103102
0.014333 -0.0415737 0.0133941 -0.041245 9.51248e-06 8.84596e-06
0.0142608 -0.0418766 0.014333 -0.0415737 1.04547e-05 -5.70481e-05
0.0142608 -0.0418766 0.0132489 -0.0421842 1.95757e-05 -4.29855e-06
-0.0143238 -0.0295788 -0.0149795 -0.025699 8.03923e-06 0.000187451
-0.0143238 -0.0295788 -0.0128008 -0.0291786 1.05961e-05 0.000151798
0.0237077 -0.0109802 0.0247793 -0.0109404 1.30264e-05 0.000855438
0.0237077 -0.0109802 0.0242494 -0.0103792 9.93375e-06 0.000149068
0.0198216 -0.0111242 0.0237077 -0.0109802 1.30264e-05 0.000828491
0.0198216 -0.0111242 0.0223296 -0.00834582 1.34733e-05 0.000195212
0.0164576 -0.011249 0.0198216 -0.0111242 1.30264e-05 0.000449518
0.0160701 -0.0112633 0.0164576 -0.011249 1.30264e-05 0.000160425
-0.0354258 0.010083 -0.0443845 0.00715097 1.12693e-05 -0.000976819
-0.0354258 0.010083 -0.0359946 0.0108894 1.19357e-05 -0.000349944
0.0263925 0.0307137 0.030132 0.0350587 8.11935e-06 0.000647599
0.0263925 0.0307137 0.023476 0.0312348 1.0681e-05 -0.000178881
0.0263649 0.0306817 0.0263925 0.0307137 8.11935e-06 0.000199006
0.0263649 0.0306817 0.0264065 0.0307112 9.36899e-06 0.000184829
-0.0284001 0.0121737 -0.0226008 0.0165258 1.5516e-05 0.000899796
-0.0284001 0.0121737 -0.0289378 0.0129027 1.24656e-05 -0.000682296
-0.0339582 0.00800277 -0.0284001 0.0121737 1.5516e-05 0.000794975
-0.0339582 0.00800277 -0.0354258 0.010083 1.19357e-05 -0.00127222
-0.0104677 0.0331091 -0.0107 0.0331281 9.15033e-06 -0.000669961
-0.0104677 0.0331091 -0.010155 0.0333568 8.36425e-06 0.000241785
-0.00469739 0.0326358 -0.00665768 0.0327966 9.15033e-06 -0.000392321
-0.00469739 0.0326358 -0.00476734 0.0356172 1.15373e-05 0.000126471
-0.0190851 0.00615229 -0.019345 0.00640709 8.15277e-06 -0.000414914
-0.0190851 0.00615229 -0.0134956 0.0102065 1.63056e-05 0.00184516
0.043433 -0.0272324 0.0437786 -0.0275545 1.2078e-05 0.00014437
0.043433 -0.0272324 0.0430772 -0.0277015 1.5575e-05 -8.39219e-05
0.0398109 -0.0238569 0.043433 -0.0272324 1.2078e-05 0.000357615
0.0398109 -0.0238569 0.0453908 -0.0246513 1.18127e-05 0.000382924
-0.0342619 -0.015757 -0.027154 -0.0103632 1.05016e-05 0.00041206
-0.0342619 -0.015757 -0.0380061 -0.00757148 1.32594e-05 -0.000583806
-0.0242137 0.00649812 -0.0255165 0.00826438 1.24656e-05 -0.000519854
-0.0242137 0.00649812 -0.0215846 0.0086025 1.26917e-05 0.000385531
-0.0216414 0.00301089 -0.02226 0.0038495 1.24656e-05 -0.000364796
-0.0194082 -1.66616e-05 -0.0216414 0.00301089 1.24656e-05 -0.000623276
-0.0194082 -1.66616e-05 -0.0193494 0.00596057 1.37255e-05 7.79078e-05
-0.0349019 -0.00743123 -0.0324966 -0.0073655 1.48878e-05 0.00144414
-0.0349019 -0.00743123 -0.0349878 -0.00538224 1.0821e-05 -7.42347e-06
-0.0379267 -0.0075139 -0.0349019 -0.00743123 1.48878e-05 0.00143875
-0.0379267 -0.0075139 -0.0349878 -0.00538224 1.63056e-05 0.0014289
0.0441807 0.0352941 0.0428878 0.0370718 9.00588e-06 -0.000346544
0.0441807 0.0352941 0.0445732 0.0359649 1.26978e-05 0.00125188
0.0445712 0.0347573 0.0441807 0.0352941 9.00588e-06 0.000236425
0.0120482 -0.0225316 0.0121217 -0.0212338 7.90825e-06 -6.58345e-05
0.0120482 -0.0225316 0.0138539 -0.0215248 1.27251e-05 0.000578922
-0.029763 0.00205631 -0.0339582 0.00800277 1.19357e-05 -0.000238779
-0.029763 0.00205631 -0.0268982 0.00434935 1.26917e-05 0.000827668
-0.0420815 0.0200892 -0.0415997 0.020164 9.85554e-06 0.000528649
-0.0420815 0.0200892 -0.0391386 0.0235717 1.00877e-05 0.00024632
-0.0424451 0.0200327 -0.0420815 0.0200892 9.85554e-06 0.000322739
0.0291638 0.0364212 0.0353244 0.0420387 1.13914e-05 0.000902032
0.0291638 0.0364212 0.0269475 0.0395405 1.2939e-05 -0.00078342
0.0281023 0.0354533 0.0291638 0.0364212 1.13914e-05 0.000909077
0.0281023 0.0354533 0.0226227 0.0364037 9.24593e-06 -0.000767696
0.023476 0.0312348 0.0281023 0.0354533 1.13914e-05 0.000891332
0.023476 0.0312348 0.0191987 0.031999 1.0681e-05 -0.00112949
0.0133941 -0.041245 0.0132489 -0.0421842 1.14372e-05 7.35731e-06
-0.0198753 -0.0310377 -0.0197128 -0.030995 1.05961e-05 0.000279342
-0.0198753 -0.0310377 -0.0210422 -0.0329542 1.60791e-05 -0.00104723
-0.0273616 -0.0245268 -0.027755 -0.0229618 8.88684e-06 6.74418e-05
-0.0273616 -0.0245268 -0.0269951 -0.022166 1.01579e-05 0.000279621
-0.0265854 -0.0276142 -0.0269221 -0.0262751 8.88684e-06 -9.58619e-05
-0.0265854 -0.0276142 -0.0290301 -0.0280176 1.47183e-05 -0.00111253
0.0158327 0.00831161 0.0161541 0.0105737 1.41625e-05 -0.000120062
0.0158327 0.00831161 0.0130598 0.00860175 1.24123e-05 -0.000967702
-0.0179949 0.0199823 -0.0180684 0.0205821 1.27697e-05 -0.000159038
-0.0179949 0.0199823 -0.0174463 0.0203939 1.5516e-05 0.00140964
0.0209547 -0.0140342 0.0237077 -0.0109802 9.93375e-06 0.000184405
0.0209547 -0.0140342 0.0184681 -0.0126236 9.73556e-06 -0.000581935
0.040538 0.00895558 0.0404564 0.00993064 1.03753e-05 0.000624537
0.040538 0.00895558 0.042351 0.00927172 1.24545e-05 0.00150842
0.011854 0.0300313 0.0146486 0.0307241 8.43568e-06 0.000328371
0.011854 0.0300313 0.0128335 0.0314575 1.01369e-05 -0.000273261
0.0127103 0.0363392 0.0095709 0.0406688 9.58462e-06 -0.000142561
0.0127103 0.0363392 0.00574104 0.0377947 1.36374e-05 -0.000785766
0.0164568 0.0311724 0.0160961 0.0316698 9.58462e-06 0.00033459
0.0069666 -0.0253651 0.00767911 -0.0249678 1.27251e-05 0.000357174
0.0069666 -0.0253651 0.00750558 -0.024768 1.34733e-05 0.000204282
-0.0212074 -0.0438824 -0.0206327 -0.0456988 9.37747e-06 -1.05194e-07
-0.0212074 -0.0438824 -0.0225931 -0.0430075 7.90631e-06 1.24768e-07
-0.0274073 -0.0310487 -0.0287686 -0.0306412 1.30821e-05 -0.000788952
-0.0197359 -0.0333453 -0.0210422 -0.0329542 1.30821e-05 -0.000347516
-0.0197359 -0.0333453 -0.0197128 -0.030995 1.37255e-05 0.000540054
-0.0198115 -0.0410383 -0.0232282 -0.0365448 9.71601e-06 -0.00010974
-0.0198115 -0.0410383 -0.0197789 -0.0377247 1.37255e-05 7.7683e-05
-0.0154597 -0.0036427 -0.0150043 -0.0030391 9.88069e-06 0.000288394
-0.0154597 -0.0036427 -0.0149278 -0.00353831 9.36319e-06 0.000587211
-0.0194964 -0.00899332 -0.0179688 -0.00696848 9.88069e-06 0.000345904
-0.0194964 -0.00899332 -0.0194769 -0.00700969 1.37255e-05 -0.000104766
-0.0250198 0.045384 -0.0216315 0.0496729 6.28601e-06 0.000115433
-0.0250198 0.045384 -0.0267821 0.0467514 1.4215e-05 -0.000415818
-0.0258099 0.0443839 -0.0250198 0.045384 6.28601e-06 9.73675e-05
-0.0258099 0.0443839 -0.0301031 0.0452805 1.36374e-05 -0.000581768
-0.0295984 0.0468404 -0.0290562 0.048516 1.1859e-05 0.000264659
-0.0267821 0.0467514 -0.0295984 0.0468404 1.0654e-05 -0.000260208
-0.0267821 0.0467514 -0.0290562 0.048516 1.4215e-05 -0.000220794
-0.0299262 -0.0252354 -0.0307601 -0.0234125 1.32594e-05 3.20431e-05
-0.0299262 -0.0252354 -0.029366 -0.0246487 1.37901e-05 0.000956335
-0.041463 -0.00730857 -0.0390206 -0.00535364 1.26917e-05 0.000522627
-0.041463 -0.00730857 -0.0415027 -0.00507432 9.63493e-06 -0.000688438
0.0119811 0.0426441 0.0124848 0.0428555 1.51738e-05 0.001176
0.0119257 0.0424359 0.0119811 0.0426441 9.15485e-06 3.11995e-05
0.0119257 0.0424359 0.0124848 0.0428555 1.5516e-05 0.000988656
0.0220331 0.000803677 0.0219182 0.00142582 1.22318e-05 -2.9269e-06
0.0220331 0.000803677 0.0228706 0.00154227 1.17002e-05 0.00058548
0.0226589 -0.00258582 0.0220331 0.000803677 1.22318e-05 -7.15937e-05
0.0226589 -0.00258582 0.0197114 -0.00124373 1.28166e-05 -0.000837468
0.0473308 0.0311907 0.0491621 0.0329514 8.63564e-06 0.000380687
0.0473308 0.0311907 0.0486102 0.0333099 1.26421e-05 0.000548805
0.01021 0.0180488 0.0100741 0.0181543 1.4215e-05 -0.000125552
0.0125258 0.010372 0.0120074 0.0120906 6.22244e-06 -0.000204429
0.0125258 0.010372 0.0161541 0.0105737 1.27929e-05 0.000998161
0.0130598 0.00860175 0.0125258 0.010372 6.22244e-06 -0.000126047
0.0130598 0.00860175 0.00910834 0.00901521 1.24123e-05 -0.000904513
0.0208288 0.0434703 0.0204962 0.0462167 1.03192e-05 -0.000318993
0.0208288 0.0434703 0.0212649 0.0465392 1.41625e-05 -0.000282255
0.00610221 -0.0263227 0.00616344 -0.0262549 1.34733e-05 0.000143869
0.00610221 -0.0263227 0.00448668 -0.0212922 7.97842e-06 -0.000242955
0.00903417 -0.0159662 0.00909636 -0.0159267 1.00008e-05 0.000572227
0.00903417 -0.0159662 0.00885607 -0.0159421 1.07364e-05 -0.00083203
0.00863756 -0.0162183 0.00903417 -0.0159662 1.00008e-05 0.000528278
0.00863756 -0.0162183 0.00828734 -0.0159787 1.09306e-05 -0.000806328
-0.00916596 0.00938121 -0.0109806 0.0120306 1.07909e-05 -0.000284821
-0.00916596 0.00938121 -0.0088263 0.0103513 1.40344e-05 0.000673825
0.0392649 0.0178298 0.0424851 0.023164 1.26421e-05 0.000811722
0.0392649 0.0178298 0.0372428 0.0234371 1.27925e-05 0.000122756
0.0339193 0.00897524 0.0392649 0.0178298 1.26421e-05 0.000974149
0.0339193 0.00897524 0.0367512 0.0107566 1.62692e-05 0.00219839
0.0422582 0.00952895 0.0408791 0.0133534 1.27925e-05 0.000562104
0.0422582 0.00952895 0.0429464 0.00937554 1.13389e-05 0.000683722
0.042351 0.00927172 0.0422582 0.00952895 1.27925e-05 0.000375111
0.042351 0.00927172 0.0429464 0.00937554 1.24545e-05 0.00112313
-0.000265057 0.00966094 6.93584e-06 0.00967606 1.27929e-05 0.000668128
-0.000265057 0.00966094 -0.000231401 0.0097946 9.72073e-06 -0.000290637
-0.0312063 -0.00643936 -0.03345 -0.00426681 1.16414e-05 -0.000556835
-0.0312063 -0.00643936 -0.0303801 -0.00204019 8.17494e-06 5.89416e-05
-0.019511 -0.0177638 -0.019582 -0.0176951 1.16414e-05 -0.000262118
-0.019511 -0.0177638 -0.01596 -0.0175358 1.49011e-05 0.00135085
0.0358752 0.0343355 0.0358603 0.0416868 7.66772e-06 -2.38437e-05
0.0358752 0.0343355 0.0438461 0.0347222 1.00759e-05 0.000805843
-0.0105739 -0.0373857 -0.0108718 -0.0362879 1.23616e-05 0.000123758
-0.0105739 -0.0373857 -0.019767 -0.0365137 8.65667e-06 -6.76212e-05
-0.0105549 -0.037456 -0.0105739 -0.0373857 1.23616e-05 7.43766e-05
-0.0105549 -0.037456 -0.0100028 -0.0374399 1.01421e-05 2.47126e-06
0.0098459 -0.0208515 0.0101386 -0.0172451 8.35552e-06 -0.00042253
0.0121217 -0.0212338 0.0108836 -0.0210258 9.48961e-06 -0.000417331
0.0121217 -0.0212338 0.012217 -0.0195487 7.90825e-06 -0.000103948
0.0138539 -0.0215248 0.0121217 -0.0212338 9.48961e-06 -0.000449093
0.0138539 -0.0215248 0.0241753 -0.0157697 1.27251e-05 0.000913829
0.0369445 0.00431057 0.0386167 0.00502617 1.00903e-05 0.000222123
0.0369445 0.00431057 0.0339562 0.00453424 1.08701e-05 -2.65151e-05
0.0255753 -0.000554993 0.0317461 0.00208584 1.00903e-05 0.000310211
0.0255753 -0.000554993 0.0228706 0.00154227 1.07231e-05 -0.000508249
0.0365093 -0.00889228 0.0340912 -0.00779124 1.28166e-05 0.000321883
-0.00793582 0.045604 -0.00813911 0.0457155 9.7738e-06 -0.000263037
-0.00793582 0.045604 -0.00775102 0.0459093 1.13961e-05 0.000142103
-0.00496339 0.0439732 -0.00793582 0.045604 9.7738e-06 -0.000256928
-0.00496339 0.0439732 -0.00504057 0.0472625 1.15373e-05 6.98853e-05
0.00725646 0.0252583 0.00629354 0.0291513 1.30272e-05 -0.000344218
0.00725646 0.0252583 0.0147408 0.0306868 1.63056e-05 0.00135839
0.0134666 0.00104172 0.0125426 0.00202044 1.31224e-05 -0.000446468
0.0134666 0.00104172 0.013328 0.00112404 9.12102e-06 -0.000185831
0.0158851 -0.00151985 0.014869 -0.00044364 1.31224e-05 -0.00068408
0.0158851 -0.00151985 0.0148465 -0.000445997 1.10908e-05 -0.000496039
0.0174812 -0.00321047 0.0163883 -0.00205284 1.31224e-05 -0.000796479
0.0174812 -0.00321047 0.0175022 -0.00319193 1.17002e-05 0.000561303
0.0283213 -0.0146921 0.0275579 -0.0138835 1.31224e-05 -0.00114812
0.0283213 -0.0146921 0.05 -0.0133 1.49011e-05 0.00202538
-0.0241328 0.0121849 -0.0226008 0.0165258 1.3732e-05 0.000322006
-0.0275745 0.0110544 -0.0241328 0.0121849 7.25216e-06 0.000207602
-0.0275745 0.0110544 -0.0284001 0.0121737 1.24656e-05 -0.000551824
-0.036398 -0.0352586 -0.0370852 -0.0353724 1.10764e-05 -0.000863135
-0.036398 -0.0352586 -0.032342 -0.0327071 1.62692e-05 0.00266611
-0.00142839 0.00504092 -0.000265057 0.00966094 9.72073e-06 0.000588648
-0.00142839 0.00504092 -0.00426284 0.00629946 7.21379e-06 -0.000336171
0.00492354 0.0183532 0.00726823 0.0196944 1.07911e-05 0.000218559
0.00492354 0.0183532 0.00146001 0.021054 1.07746e-05 -0.000719095
0.0147526 -0.0167397 0.012394 -0.0164207 1.07364e-05 -0.000699521
0.0147526 -0.0167397 0.0158797 -0.0154911 1.34733e-05 0.00086527
-0.042201 0.00159915 -0.0431674 0.00145205 9.39661e-06 -0.00106607
-0.042201 0.00159915 -0.0445677 0.0067732 1.32594e-05 -0.000301256
-0.0416227 0.00168717 -0.042201 0.00159915 9.39661e-06 -0.00031986
-0.00919875 0.013323 -0.00730474 0.0146968 1.63056e-05 0.00106803
-0.00815913 0.0122567 -0.00919875 0.013323 8.23029e-06 -0.000250326
-0.00815913 0.0122567 -0.00771753 0.0135179 1.40344e-05 0.000564904
-0.0284168 4.63988e-05 -0.0261144 0.00105378 8.78703e-06 0.000390566
-0.0284168 4.63988e-05 -0.0268982 0.00434935 1.3732e-05 0.000125204
-0.0301289 -0.000702694 -0.0284168 4.63988e-05 8.78703e-06 0.000208114
-0.00645661 0.0323318 -0.00665768 0.0327966 1.00293e-05 -0.000237387
-0.00659417 0.0310874 -0.00645661 0.0323318 1.01129e-05 2.59279e-05
-0.00659417 0.0310874 -0.00904986 0.0329928 1.4215e-05 -0.0008937
-0.00690153 0.0283072 -0.00659417 0.0310874 1.01129e-05 0.000120278
-0.00690153 0.0283072 -0.00525134 0.0295455 1.5516e-05 0.00129351
0.00106846 0.00336253 0.000358443 0.00219632 1.60791e-05 -0.00133667
-0.0100028 -0.0374399 -0.0105739 -0.0373857 8.65667e-06 2.89532e-06
0.03793 0.0246114 0.0397327 0.0264288 9.01757e-06 0.00012227
0.03793 0.0246114 0.0392963 0.0269465 1.26978e-05 3.68391e-05
0.0371155 0.0237903 0.03793 0.0246114 9.01757e-06 4.7799e-05
-0.00462521 0.0295597 -0.00463572 0.0300075 1.15373e-05 -0.000182286
-0.00462521 0.0295597 -0.00492381 0.0297913 1.4215e-05 -0.00127137
-0.0358793 0.0274286 -0.0358709 0.0274546 1.1859e-05 3.59295e-05
-0.0358793 0.0274286 -0.0358599 0.0274515 1.00877e-05 5.03678e-05
-0.0462374 -0.00810237 -0.05 -0.0105087 1.0221e-05 -0.000988516
-0.0462374 -0.00810237 -0.0463489 -0.0010568 9.37409e-06 -0.000167058
-0.0396812 -0.00390943 -0.0415027 -0.00507432 1.0221e-05 -0.000664127
-0.0396812 -0.00390943 -0.0415977 0.000280427 1.32594e-05 -0.000924661
-0.0221725 -0.0445905 -0.0225931 -0.0430075 8.65468e-06 3.67282e-07
-0.0221725 -0.0445905 -0.0263125 -0.0416107 9.10258e-06 -4.5758e-07
0.0264065 0.0307112 0.0263925 0.0307137 1.0681e-05 0.000162124
-0.0197789 -0.0377247 -0.0105549 -0.037456 1.01421e-05 9.31242e-05
-0.0197789 -0.0377247 -0.019767 -0.0365137 1.37255e-05 8.87097e-06
0.0372428 0.0234371 0.03793 0.0246114 1.26978e-05 8.97258e-05
0.0372428 0.0234371 0.0371155 0.0237903 1.27925e-05 3.3694e-05
0.0147627 -0.0417241 0.014333 -0.0415737 9.51248e-06 -4.17698e-05
0.0147627 -0.0417241 0.0142608 -0.0418766 1.95757e-05 -3.47659e-05
-0.0392486 -0.0167009 -0.0385522 -0.0105304 8.53579e-06 -0.000231518
-0.0145508 -0.00599786 -0.0149278 -0.00353831 1.00995e-05 -0.000208313
-0.0145508 -0.00599786 -0.0135983 -0.0032774 1.40344e-05 0.00035697
-0.014417 -0.00687141 -0.0145508 -0.00599786 1.00995e-05 -0.000167142
-0.014417 -0.00687141 -0.0123352 -0.00681452 1.48878e-05 0.00152492
-0.0141366 -0.00870089 -0.014417 -0.00687141 1.00995e-05 -0.000131755
-0.0141366 -0.00870089 -0.0123352 -0.00681452 1.37901e-05 0.000870311
-0.0422482 0.0198919 -0.0420815 0.0200892 1.00877e-05 0.00044749
-0.0422482 0.0198919 -0.0415997 0.020164 1.51738e-05 0.00124062
-0.0423014 0.019829 -0.0422482 0.0198919 1.00877e-05 0.000271496
-0.0423014 0.019829 -0.0423235 0.0198603 1.19357e-05 -0.000971712
0.0421934 0.0446905 0.0439458 0.0429929 1.1863e-05 0.000660168
0.0421934 0.0446905 0.05 0.0472478 1.31454e-05 0.00198121
0.0387058 0.048069 0.0421934 0.0446905 1.1863e-05 0.00144383
0.01575 0.0357044 0.0127103 0.0363392 1.36374e-05 -0.000449588
0.0453908 -0.0246513 0.043433 -0.0272324 1.5575e-05 -0.000249287
0.0453908 -0.0246513 0.05 -0.0253074 1.18127e-05 0.000296606
0.0289648 0.00693753 0.0207417 0.00779796 1.24123e-05 -0.000945387
0.0289648 0.00693753 0.0305011 0.00720542 1.24545e-05 0.000893173
0.0304354 0.00678365 0.0289648 0.00693753 1.24123e-05 -0.000769246
0.0304354 0.00678365 0.030925 0.0070916 1.62692e-05 0.00183078
0.0331165 0.00650311 0.0304354 0.00678365 1.24123e-05 -0.000278299
0.0331165 0.00650311 0.030925 0.0070916 1.26244e-05 -6.10445e-05
-0.0473786 0.0306691 -0.05 0.0289962 1.07519e-05 -0.000481201
-0.0473786 0.0306691 -0.05 0.0314014 1.26593e-05 -0.00076217
0.0181858 0.0248712 0.0263649 0.0306817 9.36899e-06 0.000357291
0.0181858 0.0248712 0.0191987 0.031999 1.41625e-05 -0.000186586
-0.0206327 -0.0456988 -0.0221725 -0.0445905 9.10258e-06 -1.08371e-07
-0.0332476 -0.0287135 -0.0316905 -0.027083 1.37901e-05 0.00113178
-0.0332476 -0.0287135 -0.0345111 -0.028922 1.47183e-05 -0.00107868
-0.0363666 -0.0319796 -0.0351494 -0.030705 1.37901e-05 0.00101591
-0.0363666 -0.0319796 -0.0446045 -0.0305875 1.32005e-05 -0.00146607
-0.039956 -0.0374968 -0.0368226 -0.0355257 1.62692e-05 0.00170681
-0.039956 -0.0374968 -0.0383537 -0.0423094 1.18976e-05 -0.000413016
-0.0486723 -0.0429798 -0.039956 -0.0374968 1.62692e-05 0.00140285
-0.0486723 -0.0429798 -0.0383537 -0.0423094 1.08504e-05 0.000452878
-0.0383467 0.0238675 -0.0388302 0.0239366 1.32272e-05 -0.00167459
-0.0383467 0.0238675 -0.0373111 0.0242543 9.91969e-06 0.000826494
-0.0227609 0.0216401 -0.0341888 0.0232733 1.32272e-05 -0.00134146
-0.0227609 0.0216401 -0.0225505 0.0219376 1.18851e-05 0.00100825
-0.0204967 0.0213165 -0.0208902 0.0213727 1.32272e-05 -0.000564856
-0.0204967 0.0213165 -0.0208702 0.0214295 1.1291e-05 -0.000363906
-0.0404763 -0.0359343 -0.039956 -0.0374968 1.18976e-05 2.62944e-06
-0.0404763 -0.0359343 -0.05 -0.0375123 1.10764e-05 -0.000821621
-0.00525134 0.0295455 -0.00557686 0.0302981 1.00293e-05 -0.000205228
-0.00525134 0.0295455 -0.00492381 0.0297913 1.5516e-05 0.00142616
-0.0463489 -0.0010568 -0.05 -0.00428179 8.70757e-06 -0.000449277
-0.0463489 -0.0010568 -0.0463808 0.00096292 9.37409e-06 0.000250274
0.00754159 0.0163117 0.00492354 0.0183532 1.07746e-05 -0.000500199
0.00754159 0.0163117 0.00726823 0.0196944 1.08643e-05 -0.000321179
-0.0391386 0.0235717 -0.0383467 0.0238675 9.91969e-06 0.000441536
-0.0391386 0.0235717 -0.0388302 0.0239366 1.00877e-05 -0.000187861
0.0163959 -0.00204804 0.0158851 -0.00151985 1.10908e-05 -0.00049552
0.0163959 -0.00204804 0.0185298 -0.000705702 1.62692e-05 0.00130484
0.0201473 -0.00592683 0.0175022 -0.00319193 1.10908e-05 -0.000566057
0.0201473 -0.00592683 0.0246236 -0.0058045 1.48878e-05 0.00124854
0.0224055 -0.00826172 0.0201473 -0.00592683 1.10908e-05 -0.00059137
0.0224055 -0.00826172 0.0246236 -0.0058045 1.34733e-05 0.000526883
0.0227457 -0.0150502 0.0209547 -0.0140342 9.73556e-06 -0.000393775
0.0227457 -0.0150502 0.0251422 -0.0148963 1.49011e-05 0.0017087
-0.014861 -0.00688355 -0.0145508 -0.00599786 1.40344e-05 0.000327343
-0.014861 -0.00688355 -0.014417 -0.00687141 1.48878e-05 0.00150092
-0.0162851 -0.0109507 -0.014861 -0.00688355 1.40344e-05 0.000331844
-0.0162851 -0.0109507 -0.0141366 -0.00870089 1.37901e-05 0.000773817
0.00735683 0.0336707 0.00480386 0.0370914 1.24523e-05 -0.000394781
0.00735683 0.0336707 0.00493351 0.0346499 1.01871e-05 -0.000233779
-0.0313745 -0.00733483 -0.0312063 -0.00643936 8.17494e-06 7.55539e-05
-0.0313745 -0.00733483 -0.0310184 -0.0073251 1.48878e-05 0.0013847
-0.0315581 -0.00831265 -0.0313745 -0.00733483 8.17494e-06 2.798e-05
-0.0315581 -0.00831265 -0.0324966 -0.0073655 9.16333e-06 -0.000423731
0.018309 0.00507944 0.0211521 0.0055752 1.24545e-05 5.23421e-05
0.03082 0.0340903 0.0331774 0.0342047 1.00759e-05 0.00125225
0.03082 0.0340903 0.030132 0.0350587 1.2939e-05 -0.00097516
-0.039285 -0.00849906 -0.0382371 -0.00773904 1.63056e-05 0.00239231
-0.0299853 -0.0184364 -0.0289101 -0.0183674 1.49011e-05 0.000410765
0.00552625 0.00521519 0.0058538 0.00556267 9.21605e-06 -0.000754443
0.0101386 -0.0172451 0.00863756 -0.0162183 1.09306e-05 -0.000322989
-0.0279448 0.0143073 -0.0227609 0.0216401 1.18851e-05 0.000417555
-0.0279448 0.0143073 -0.0225799 0.0165852 1.0545e-05 0.000522094
-0.0289378 0.0129027 -0.0279448 0.0143073 1.18851e-05 0.000312384
-0.0289378 0.0129027 -0.02949 0.0136512 1.24656e-05 -0.000980132
0.0404564 0.00993064 0.0422582 0.00952895 1.13389e-05 0.000894687
0.0367512 0.0107566 0.0404564 0.00993064 1.13389e-05 0.000323225
0.0367512 0.0107566 0.0408791 0.0133534 1.62692e-05 0.00197312
-0.0134956 0.0102065 -0.0109806 0.0120306 1.63056e-05 0.00184516
-0.0194515 -0.0044261 -0.0154597 -0.0036427 9.36319e-06 0.000549272
-0.0194515 -0.0044261 -0.0194082 -1.66616e-05 1.37255e-05 -0.000488157
-0.0105974 0.0412068 -0.00793582 0.045604 1.13961e-05 0.000136863
-0.0105974 0.0412068 -0.0152314 0.0421746 1.36374e-05 -0.000716293
0.043868 -0.0328777 0.0377375 -0.034741 1.95757e-05 -0.00026979
0.043868 -0.0328777 0.0495557 -0.0329383 1.33097e-05 0.000207092
0.0446681 -0.0326345 0.043868 -0.0328777 1.95757e-05 -0.000284192
0.0481079 -0.031589 0.0446681 -0.0326345 1.95757e-05 -0.000429743
0.0481079 -0.031589 0.0495557 -0.0329383 1.2078e-05 0.000147243
-0.0423235 0.0198603 -0.0422482 0.0198919 1.51738e-05 0.00135763
-0.0423235 0.0198603 -0.0424451 0.0200327 1.19357e-05 0.000266492
-0.00113728 0.00491166 -0.00142839 0.00504092 7.21379e-06 0.000457044
0.0132549 0.0320712 0.0144954 0.0338774 1.01369e-05 0.000198981
0.00406934 0.0381438 0.00380471 0.0392137 1.30272e-05 -0.000250297
0.00406934 0.0381438 0.00400901 0.0381564 1.36374e-05 -0.000978848
0.00440388 0.0367912 0.00409458 0.0380418 1.30272e-05 -0.000292456
0.00440388 0.0367912 0.00480386 0.0370914 1.5516e-05 0.000846607
0.00493351 0.0346499 0.00440388 0.0367912 1.30272e-05 -0.000518386
-0.00263996 0.0280193 -0.00462521 0.0295597 1.4215e-05 -0.00141932
-0.00263996 0.0280193 -0.000984332 0.0327477 1.40344e-05 0.000162522
-0.00367637 0.0250593 -0.00263996 0.0280193 1.40344e-05 -0.000156024
-0.0295329 -0.0229741 -0.0278987 -0.0223904 1.04116e-05 0.000518152
-0.0295329 -0.0229741 -0.0299853 -0.0184364 1.09355e-05 0.000559725
-0.0307601 -0.0234125 -0.0295329 -0.0229741 1.04116e-05 0.000729101
-0.0307601 -0.0234125 -0.0342619 -0.015757 1.32594e-05 -0.000257449
-0.0451323 -0.0306746 -0.05 -0.0314778 1.47183e-05 -0.00244754
-0.0451323 -0.0306746 -0.0455573 -0.0304265 1.24133e-05 -0.000342075
-0.0455573 -0.0304265 -0.05 -0.0278329 1.24133e-05 -0.00163689
-0.0291659 -0.0266552 -0.029366 -0.0246487 1.09355e-05 0.000371419
-0.0291659 -0.0266552 -0.0269221 -0.0262751 1.07318e-05 0.000399896
-0.023414 -0.0270908 -0.0265854 -0.0276142 1.47183e-05 -0.00117041
-0.023414 -0.0270908 -0.0196511 -0.0247238 1.62692e-05 0.00153418
-0.0196683 -0.0264728 -0.023414 -0.0270908 1.47183e-05 -0.00116223
-0.0196683 -0.0264728 -0.0196511 -0.0247238 1.37255e-05 0.000581533
-0.0168088 -0.0260009 -0.0196683 -0.0264728 1.47183e-05 -0.000968589
-0.0168088 -0.0260009 -0.0197105 -0.030767 1.60791e-05 -0.000995315
-0.015337 -0.0235835 -0.0155774 -0.0221612 8.03923e-06 0.00022573
-0.015337 -0.0235835 -0.0168088 -0.0260009 1.60791e-05 -0.00146671
-0.0160736 -0.0171172 -0.0174234 -0.0121428 1.23616e-05 5.44465e-05
-0.0160736 -0.0171172 -0.0195691 -0.0163799 1.142e-05 -0.000693807
-0.01596 -0.0175358 -0.0160736 -0.0171172 1.23616e-05 0.000114942
-0.01596 -0.0175358 -0.0145258 -0.0174437 1.49011e-05 0.00147329
-0.0146329 -0.0224269 -0.0148322 -0.0216924 1.23616e-05 0.000522038
-0.0146329 -0.0224269 -0.015337 -0.0235835 1.60791e-05 -0.00153719
0.0245988 -0.0230292 0.0195854 -0.0221408 9.27152e-06 -0.000539282
0.027683 -0.0309274 0.0282525 -0.0308081 1.11417e-05 0.000375015
0.027487 -0.0327031 0.0276335 -0.0327047 1.33097e-05 0.000454778
0.027487 -0.0327031 0.027683 -0.0309274 8.71288e-06 -0.000286627
0.0128335 0.0314575 0.012303 0.0316719 1.01871e-05 -0.000952928
0.0128335 0.0314575 0.0132549 0.0320712 1.01369e-05 -0.000268507
0.0148668 0.0307782 0.0164568 0.0311724 8.43568e-06 0.000380161
0.0148668 0.0307782 0.0160961 0.0316698 1.63056e-05 0.00192399
0.0126352 -0.00067754 0.0148465 -0.000445997 1.01219e-05 0.000763716
0.0139478 -0.00358803 0.0126352 -0.00067754 6.72348e-06 -0.000137744
0.0139478 -0.00358803 0.0163883 -0.00205284 1.62692e-05 0.00144898
-0.0088263 0.0103513 -0.0108359 0.0121356 1.25275e-05 -0.000601704
-0.0088263 0.0103513 -0.00815913 0.0122567 1.40344e-05 0.000418104
-0.00426284 0.00629946 -0.0088263 0.0103513 1.25275e-05 -0.000888184
0.000358443 0.00219632 -0.00185422 0.0041609 1.25275e-05 -0.00126173
0.000358443 0.00219632 -0.00180107 -0.00135069 1.60791e-05 -0.000891996
0.0269329 -0.0348514 0.0272542 -0.0348113 1.39085e-05 -9.26013e-06
0.0269329 -0.0348514 0.0274118 -0.0333841 8.16576e-06 -0.000321535
0.0155977 -0.0362683 0.0269329 -0.0348514 1.39085e-05 -7.74995e-05
0.00508416 0.00995832 0.00507009 0.00993521 1.60791e-05 -0.000126577
0.00508416 0.00995832 0.00804172 0.0101227 1.27929e-05 0.000777253
0.0100741 0.0181543 0.00770689 0.0142662 1.60791e-05 0.000662023
0.0100741 0.0181543 0.00774076 0.0199647 1.4215e-05 -0.000749874
-0.00180107 -0.00135069 -0.00500566 -0.00661422 1.60791e-05 -0.00112326
0.0097795 -0.00621016 0.0142172 -0.00608889 1.48878e-05 0.0016592
0.0097795 -0.00621016 0.0139478 -0.00358803 1.62692e-05 0.00147011
0.0033655 -0.00638545 0.0097795 -0.00621016 1.48878e-05 0.0016472
0.0019896 -0.0111105 0.00018814 -0.00647228 1.07296e-05 -0.000489305
0.0019896 -0.0111105 0.00447924 -0.00954434 1.62692e-05 0.00148668
0.0022857 -0.0118728 0.0019896 -0.0111105 1.07296e-05 -0.000596741
0.0022857 -0.0118728 0.00156331 -0.0113786 1.09306e-05 -0.000983213
0.0047602 -0.0162052 0.00828734 -0.0159787 1.49011e-05 0.00158383
0.0047602 -0.0162052 0.00464393 -0.0153724 1.12721e-05 -0.000109144
-0.000231401 0.0097946 -0.00771753 0.0135179 9.51024e-06 -0.000818986
0.00505005 0.00995643 0.00508416 0.00995832 1.27929e-05 0.000502048
-0.0316905 -0.027083 -0.0291659 -0.0266552 1.07318e-05 0.000498261
-0.0316905 -0.027083 -0.0299262 -0.0252354 1.37901e-05 0.000987145
-0.0301031 0.0452805 -0.0295984 0.0468404 1.1859e-05 0.000498428
-0.044899 0.00698257 -0.04541 0.00861457 8.76789e-06 8.30062e-05
-0.044899 0.00698257 -0.05 0.00531306 1.12693e-05 -0.00173591
-0.0443845 0.00715097 -0.0401683 0.0158443 1.18953e-05 0.000398012
-0.0443845 0.00715097 -0.0446941 0.00704962 1.12693e-05 -0.000888895
-0.0445677 0.0067732 -0.0443845 0.00715097 1.18953e-05 0.000481309
-0.0445677 0.0067732 -0.0446941 0.00704962 1.32594e-05 -0.000493013
-0.0463808 0.00096292 -0.05 0.000412033 9.39661e-06 -0.00083497
0.03006 -0.0195998 0.0294771 -0.0187944 7.81398e-06 -0.000732355
-0.021151 -0.0160462 -0.0213221 -0.0160101 1.142e-05 -0.00051323
-0.021151 -0.0160462 -0.0195493 -0.014369 1.37901e-05 0.000867028
-0.0195493 -0.014369 -0.0194964 -0.00899332 1.37255e-05 0.000144244
-0.0195493 -0.014369 -0.0174234 -0.0121428 1.37901e-05 0.00106273
-0.0145258 -0.0174437 -0.0160736 -0.0171172 1.142e-05 -0.000759291
-0.0145258 -0.0174437 -0.0114798 -0.0172481 1.49011e-05 0.0014909
-0.011932 -0.0179908 -0.0145258 -0.0174437 1.142e-05 -0.000736306
-0.011932 -0.0179908 -0.0137843 -0.0210332 1.60791e-05 -0.00167575
0.00156331 -0.0113786 0.0019896 -0.0111105 1.62692e-05 0.00155754
-0.00734508 -0.0169825 0.00156331 -0.0113786 1.62692e-05 0.00221812
-0.00734508 -0.0169825 0.00289151 -0.0163252 1.49011e-05 0.0022582
0.0497723 0.0335381 0.05 0.0335828 8.85679e-06 0.000609526
0.0497723 0.0335381 0.05 0.033757 8.63564e-06 0.000425694
0.0491621 0.0329514 0.05 0.0324012 1.20013e-05 0.000946816
0.0491621 0.0329514 0.0497723 0.0335381 8.63564e-06 0.000421683
0.0486119 0.0333127 0.05 0.0356121 1.26421e-05 0.00065775
0.0486119 0.0333127 0.0486149 0.0333108 1.20013e-05 0.00106195
-0.0351494 -0.030705 -0.0370599 -0.0293426 9.80828e-06 -0.000273624
-0.0351494 -0.030705 -0.0336833 -0.0291698 1.37901e-05 0.00121336
-0.0322827 -0.0326698 -0.032429 -0.032645 1.32005e-05 -0.000543826
-0.0322827 -0.0326698 -0.0289646 -0.0305825 1.62692e-05 0.00205729
-0.0252741 -0.0338541 -0.0322827 -0.0326698 1.32005e-05 -0.00115217
-0.0252741 -0.0338541 -0.0273953 -0.0310645 9.71601e-06 -0.000233653
-0.0266742 -0.040431 -0.0270488 -0.0410807 1.09276e-05 3.30564e-05
-0.0239141 -0.0356428 -0.0266742 -0.040431 1.09276e-05 6.79206e-05
-0.0239141 -0.0356428 -0.0252741 -0.0338541 9.71601e-06 -0.000497871
-0.0219337 -0.0344186 -0.0230952 -0.0342223 1.32005e-05 -0.000975428
-0.0219337 -0.0344186 -0.0232282 -0.0365448 1.60791e-05 -0.000219977
-0.0128008 -0.0291786 -0.0137979 -0.0255041 1.23616e-05 0.000451516
0.0251811 -0.0156811 0.0259033 -0.0148474 1.24579e-05 -0.000231486
0.0251811 -0.0156811 0.0251583 -0.0152215 1.16344e-05 -0.00102552
0.0247971 -0.0161244 0.0251811 -0.0156811 1.24579e-05 -0.000293907
0.0247971 -0.0161244 0.0241753 -0.0157697 9.41565e-06 -0.000828292
0.0195854 -0.0221408 0.0247971 -0.0161244 1.24579e-05 -0.000401347
-0.0365741 0.0232552 -0.0368701 0.0236565 1.24656e-05 -0.000832197
-0.0365741 0.0232552 -0.0364113 0.0235909 1.18953e-05 9.27011e-05
-0.035045 0.0211822 -0.0360206 0.0225048 1.24656e-05 -0.000514806
-0.0398921 0.0164138 -0.0423014 0.019829 1.19357e-05 -0.00074225
-0.0398921 0.0164138 -0.037786 0.0207564 1.18953e-05 0.000154319
0.0282525 -0.0308081 0.0430772 -0.0277015 1.11417e-05 0.000243631
0.0276335 -0.0327047 0.0282525 -0.0308081 8.16576e-06 -0.000179265
0.0276335 -0.0327047 0.0391887 -0.0328279 1.33097e-05 0.000376404
0.0387768 -0.0333709 0.0428125 -0.0328665 1.39085e-05 0.000204567
0.0387768 -0.0333709 0.0377375 -0.034741 1.5575e-05 0.000162244
0.0120682 0.0121552 0.0119808 0.0121786 1.26244e-05 -0.00107353
0.0203477 0.00993191 0.0176482 0.0106568 1.26244e-05 -0.000987338
0.0203477 0.00993191 0.0201877 0.010798 1.22318e-05 -0.000757858
0.0374633 0.00841944 0.040538 0.00895558 1.24545e-05 0.0020287
0.0200484 -0.00592953 0.0201473 -0.00592683 1.48878e-05 0.0012674
0.0200484 -0.00592953 0.0174812 -0.00321047 1.31224e-05 -0.000785495
0.0257831 -0.0383745 0.0269329 -0.0348514 8.16576e-06 -0.000205305
0.0257831 -0.0383745 0.0212298 -0.0397585 1.95757e-05 -4.09048e-05
0.0212298 -0.0397585 0.0147627 -0.0417241 1.95757e-05 -5.50633e-05
0.0416797 -0.00533838 0.05 -0.005111 1.48878e-05 0.00290959
0.0326028 -0.00711354 0.0294388 -0.0056729 1.28166e-05 -0.000857485
0.0326028 -0.00711354 0.0339577 -0.00554941 1.24579e-05 0.000814639
-0.00813911 0.0457155 -0.00775102 0.0459093 1.14488e-05 0.000310932
-0.0213345 0.0472477 -0.0216315 0.0496729 1.27697e-05 -5.68227e-05
-0.020857 0.0433495 -0.022965 0.0437897 1.36374e-05 -0.000672431
-0.020857 0.0433495 -0.0213345 0.0472477 1.27697e-05 0.000157089
0.0300974 0.0351072 0.0281023 0.0354533 9.24593e-06 -0.000745833
0.0300974 0.0351072 0.0291638 0.0364212 1.2939e-05 -0.000789622
0.0424851 0.023164 0.0473331 0.0174133 1.29013e-05 0.000882483
0.0424851 0.023164 0.0473308 0.0311907 1.26421e-05 0.000808846
0.0397327 0.0264288 0.0424851 0.023164 1.29013e-05 0.000879665
0.0392963 0.0269465 0.0397327 0.0264288 1.29013e-05 0.000794203
0.0392963 0.0269465 0.0438461 0.0347222 1.26978e-05 0.000366649
0.0331774 0.0342047 0.0392963 0.0269465 1.29013e-05 0.00111881
0.0331774 0.0342047 0.0358752 0.0343355 1.00759e-05 0.000787698
0.00565897 -0.0226419 0.00448668 -0.0212922 8.2999e-06 -0.00025388
0.00565897 -0.0226419 0.0047602 -0.0162052 1.12721e-05 -0.000615071
0.00767911 -0.0249678 0.00750558 -0.024768 8.2999e-06 -0.000232786
0.00767911 -0.0249678 0.0095987 -0.0238975 1.27251e-05 0.000458253
0.00972785 -0.0223062 0.0098459 -0.0208515 8.35552e-06 -3.86333e-05
0.00972785 -0.0223062 0.0108836 -0.0210258 1.34733e-05 0.000330678
0.0095987 -0.0238975 0.00972785 -0.0223062 8.35552e-06 -4.41665e-05
0.0095987 -0.0238975 0.0120482 -0.0225316 1.27251e-05 0.000538008
0.0360119 0.0426656 0.0421934 0.0446905 1.31454e-05 0.00127401
0.0358584 0.0426153 0.0360119 0.0426656 1.31454e-05 0.00107325
0.0388314 0.0426487 0.0439458 0.0429929 1.15421e-05 0.000848441
0.0357672 0.0424425 0.0358587 0.0424487 1.15421e-05 0.00108927
0.0357672 0.0424425 0.0358586 0.0425258 1.13914e-05 0.000226127
0.0323878 0.0422151 0.0320181 0.0432184 1.06925e-05 -0.000415435
0.0323878 0.0422151 0.035218 0.0424055 1.15421e-05 0.00114981
0.0273391 0.0398246 0.03263 0.0415578 1.31454e-05 0.00134192
0.0273391 0.0398246 0.0304556 0.042085 1.63056e-05 0.00197974
0.0218117 0.0467686 0.0213832 0.0473717 1.2939e-05 -0.000801718
0.0445732 0.0359649 0.0486119 0.0333127 1.20013e-05 0.00154378
0.0445732 0.0359649 0.0469708 0.0400624 1.26978e-05 0.000834243
0.0358603 0.0416868 0.0428878 0.0370718 1.20013e-05 0.00103437
0.0358603 0.0416868 0.0358587 0.0424487 7.66772e-06 -0.000257153
0.00447924 -0.00954434 0.0033655 -0.00638545 7.27476e-06 -0.000199811
0.00447924 -0.00954434 0.0097795 -0.00621016 1.62692e-05 0.00148108
0.00435273 -0.0132869 0.0022857 -0.0118728 1.09306e-05 -0.000972201
0.00804172 0.0101227 0.00778452 0.0133055 1.08643e-05 -0.00046158
0.00804172 0.0101227 0.0102691 0.0102466 1.27929e-05 0.000904971
0.00559123 0.00938323 0.00478537 0.00946755 1.24123e-05 -0.000860552
0.00559123 0.00938323 0.00507009 0.00993521 1.31224e-05 -0.000845941
0.0120074 0.0120906 0.0120682 0.0121552 9.21605e-06 0.000124924
0.0120074 0.0120906 0.0119808 0.0121786 6.22244e-06 -0.00020177
0.00910834 0.00901521 0.0102691 0.0102466 9.21605e-06 0.000203157
0.00910834 0.00901521 0.00812289 0.00911832 1.24123e-05 -0.000875599
-0.0381762 -0.00719954 -0.0390206 -0.00535364 1.32594e-05 -0.000919692
-0.0382371 -0.00773904 -0.0381762 -0.00719954 8.53579e-06 5.37449e-05
-0.0382371 -0.00773904 -0.0380061 -0.00757148 1.63056e-05 0.00244128
-0.0188673 0.0271046 -0.0188718 0.0271413 1.27697e-05 3.66792e-05
-0.0188673 0.0271046 -0.018837 0.0271905 1.3732e-05 0.00052846
-0.0174463 0.0203939 -0.0180684 0.0205821 1.1291e-05 -0.000903432
-0.0174463 0.0203939 -0.00690153 0.0283072 1.5516e-05 0.0013719
0.025215 -0.0163629 0.0251811 -0.0156811 1.16344e-05 -0.000958676
0.025215 -0.0163629 0.0247971 -0.0161244 9.41565e-06 -0.000686137
0.0294771 -0.0187944 0.025215 -0.0163629 9.41565e-06 -0.000939142
0.0320181 0.0432184 0.0387058 0.048069 1.63056e-05 0.00105044
0.0211676 0.00549144 0.0211521 0.0055752 1.22318e-05 -0.00025222
0.0339562 0.00453424 0.0352229 0.00593749 1.34733e-05 0.000821499
0.0339562 0.00453424 0.0276142 0.00500892 1.08701e-05 -0.00035731
0.0317461 0.00208584 0.0339562 0.00453424 1.34733e-05 0.000554617
0.0317461 0.00208584 0.0369445 0.00431057 1.00903e-05 0.000193559
-0.0350111 -0.00482786 -0.036494 -0.00333128 9.16333e-06 -0.000455299
-0.0350111 -0.00482786 -0.03512 -0.00223149 1.0821e-05 -0.000153438
-0.0346817 -0.00516023 -0.0350111 -0.00482786 9.16333e-06 -0.000489958
-0.0346817 -0.00516023 -0.03345 -0.00426681 1.63056e-05 0.00157397
-0.0308333 -0.00680052 -0.0287311 -0.000844169 1.3732e-05 0.000303024
-0.0308333 -0.00680052 -0.0312063 -0.00643936 1.16414e-05 -0.000568501
-0.0310184 -0.0073251 -0.0308333 -0.00680052 1.3732e-05 0.000333203
-0.0310184 -0.0073251 -0.0303115 -0.00730578 1.48878e-05 0.00132281
-0.0287856 -0.0304699 -0.0290301 -0.0280176 1.09355e-05 0.000316072
-0.0287856 -0.0304699 -0.023414 -0.0270908 1.62692e-05 0.00152677
-0.0345111 -0.028922 -0.0374147 -0.0280527 1.30821e-05 -6.92455e-05
-0.0345111 -0.028922 -0.0370599 -0.0293426 1.47183e-05 -0.00147663
-0.0336833 -0.0291698 -0.0345111 -0.028922 1.30821e-05 -0.000516962
-0.0336833 -0.0291698 -0.0332476 -0.0287135 1.37901e-05 0.00113526
-0.0289646 -0.0305825 -0.0336833 -0.0291698 1.30821e-05 -0.000599294
-0.0289646 -0.0305825 -0.0287856 -0.0304699 1.62692e-05 0.0016941
-0.0273777 -0.0310576 -0.0274073 -0.0310487 1.30821e-05 -0.000618421
-0.0273953 -0.0310645 -0.0273777 -0.0310576 9.24696e-06 0.00028705
-0.0273953 -0.0310645 -0.0274073 -0.0310487 9.71601e-06 -0.000229612
0.00616344 -0.0262549 0.00565897 -0.0226419 1.12721e-05 -0.000475423
0.00616344 -0.0262549 0.0069666 -0.0253651 1.34733e-05 0.000541621
0.0334099 -0.0106205 0.0365093 -0.00889228 1.27251e-05 0.000324198
0.0247793 -0.0109404 0.0249454 -0.0109343 1.30264e-05 0.000833148
0.0247793 -0.0109404 0.0242494 -0.0103792 1.31224e-05 -0.000933382
0.028468 -0.00569944 0.0287675 -0.0053672 9.93375e-06 0.000168995
0.028468 -0.00569944 0.0294388 -0.0056729 1.48878e-05 0.00125404
0.0248829 -0.00967653 0.028468 -0.00569944 9.93375e-06 0.000227068
0.0248829 -0.00967653 0.0246905 -0.00580267 1.16344e-05 -0.000293109
0.0242494 -0.0103792 0.0248829 -0.00967653 9.93375e-06 0.000232519
0.0242494 -0.0103792 0.0223296 -0.00834582 1.31224e-05 -0.000996555
0.0223296 -0.00834582 0.0224055 -0.00826172 1.34733e-05 4.00865e-05
0.0223296 -0.00834582 0.0200484 -0.00592953 1.31224e-05 -0.000837281
0.030132 0.0350587 0.0301638 0.0350957 8.11935e-06 0.000379664
0.030132 0.0350587 0.0300974 0.0351072 1.2939e-05 -0.000807029
-0.0226008 0.0165258 -0.0224458 0.0166421 1.5516e-05 0.00093629
-0.0226008 0.0165258 -0.0225799 0.0165852 1.3732e-05 0.000280771
-0.0107 0.0331281 -0.010155 0.0333568 1.51738e-05 0.00126369
-0.00984031 0.0336061 -0.0077308 0.0352773 8.36425e-06 0.000304814
-0.00984031 0.0336061 -0.0151255 0.0377069 1.4215e-05 -0.000868063
-0.010155 0.0333568 -0.00984031 0.0336061 8.36425e-06 0.000319695
-0.010155 0.0333568 -0.00974221 0.03353 1.51738e-05 0.00122074
-0.00665768 0.0327966 -0.00904986 0.0329928 9.15033e-06 -0.000448929
-0.00665768 0.0327966 -0.00740003 0.0345127 1.00293e-05 -0.00018574
-0.00487042 0.0400108 -0.00496339 0.0439732 1.15373e-05 -0.000147771
-0.00487042 0.0400108 -0.0105974 0.0412068 1.36374e-05 -0.000601923
-0.00476734 0.0356172 -0.00487042 0.0400108 1.15373e-05 0.000164709
-0.00476734 0.0356172 0.000844887 0.0379719 1.51738e-05 0.00122112
-0.019345 0.00640709 -0.0215846 0.0086025 8.15277e-06 -0.000600171
0.0437786 -0.0275545 0.0481079 -0.031589 1.2078e-05 0.000251625
0.0430772 -0.0277015 0.0391887 -0.0328279 1.5575e-05 7.18768e-06
0.0430772 -0.0277015 0.0437786 -0.0275545 1.11417e-05 0.000116268
-0.027154 -0.0103632 -0.0303115 -0.00730578 1.16414e-05 -0.000410289
-0.0380061 -0.00757148 -0.0381762 -0.00719954 1.32594e-05 -0.00095429
-0.0380061 -0.00757148 -0.0379267 -0.0075139 1.63056e-05 0.00274255
-0.0255165 0.00826438 -0.0275745 0.0110544 1.24656e-05 -0.000431047
-0.0255165 0.00826438 -0.0241328 0.0121849 1.3732e-05 0.000212367
-0.02226 0.0038495 -0.0242137 0.00649812 1.24656e-05 -0.000785188
-0.02226 0.0038495 -0.0193494 0.00596057 1.63056e-05 0.0014795
-0.0193494 0.00596057 -0.019345 0.00640709 1.37255e-05 -0.000110041
-0.0193494 0.00596057 -0.0190851 0.00615229 1.63056e-05 0.00163771
-0.0349878 -0.00538224 -0.0350111 -0.00482786 1.0821e-05 -0.000124089
-0.0349878 -0.00538224 -0.0346817 -0.00516023 1.63056e-05 0.00150633
-0.0268982 0.00434935 -0.0242137 0.00649812 1.26917e-05 0.000646136
-0.0268982 0.00434935 -0.0255165 0.00826438 1.3732e-05 0.000292984
-0.0415997 0.020164 -0.037786 0.0207564 9.85554e-06 0.000579606
-0.0415997 0.020164 -0.0371724 0.0220215 1.51738e-05 0.00120753
0.0269475 0.0395405 0.0268577 0.0396669 1.2939e-05 -0.000588672
0.0269475 0.0395405 0.0273391 0.0398246 1.63056e-05 0.0019406
0.0226227 0.0364037 0.0269475 0.0395405 1.63056e-05 0.00209514
0.0153601 0.0326848 0.0144954 0.0338774 9.58462e-06 -0.00147102
0.0191987 0.031999 0.0170734 0.0323787 1.0681e-05 -0.00130328
0.0191987 0.031999 0.0195031 0.034141 1.41625e-05 -5.55178e-05
-0.0197128 -0.030995 -0.0143238 -0.0295788 1.05961e-05 0.000294016
-0.0197128 -0.030995 -0.0197105 -0.030767 1.37255e-05 0.000528725
-0.0210422 -0.0329542 -0.0219337 -0.0344186 1.60791e-05 -0.00066174
-0.0210422 -0.0329542 -0.0273777 -0.0310576 1.30821e-05 -0.000821319
-0.027755 -0.0229618 -0.0278987 -0.0223904 8.88684e-06 0.000200166
-0.027755 -0.0229618 -0.0269951 -0.022166 1.37901e-05 0.000880744
-0.025423 -0.0120392 -0.027154 -0.0103632 1.16414e-05 -0.000782004
-0.0263802 -0.0182049 -0.025423 -0.0120392 1.01579e-05 -6.33044e-05
-0.0263802 -0.0182049 -0.0230055 -0.0179882 1.49011e-05 0.000943272
-0.0269789 -0.0220619 -0.0263802 -0.0182049 1.01579e-05 0.000467305
-0.0269789 -0.0220619 -0.0268526 -0.0220168 1.04116e-05 0.000373128
-0.0269951 -0.022166 -0.0269789 -0.0220619 1.01579e-05 0.000394091
-0.0269951 -0.022166 -0.0268526 -0.0220168 1.37901e-05 0.000796424
-0.0269221 -0.0262751 -0.0273616 -0.0245268 8.88684e-06 0.000387057
0.0161541 0.0105737 0.0162204 0.0110402 1.41625e-05 -3.88635e-05
0.0161541 0.0105737 0.0176482 0.0106568 1.27929e-05 0.000908269
0.0162629 -0.0113727 0.0160701 -0.0112633 9.73556e-06 0.000214652
0.0162629 -0.0113727 0.0164576 -0.011249 1.00008e-05 0.000376555
0.0184681 -0.0126236 0.0162629 -0.0113727 9.73556e-06 -0.00013223
0.0184681 -0.0126236 0.0198216 -0.0111242 1.34733e-05 0.000561614
0.0095709 0.0406688 0.0119257 0.0424359 1.5516e-05 0.00100706
0.00574104 0.0377947 0.00406934 0.0381438 1.36374e-05 -0.000953983
0.00574104 0.0377947 0.0095709 0.0406688 1.5516e-05 0.00109513
0.0160961 0.0316698 0.0153601 0.0326848 9.58462e-06 -0.00035018
0.0160961 0.0316698 0.0170734 0.0323787 1.63056e-05 0.00232651
0.00750558 -0.024768 0.00972785 -0.0223062 1.34733e-05 0.00033411
0.00750558 -0.024768 0.00565897 -0.0226419 8.2999e-06 -0.000443536
-0.0225931 -0.0430075 -0.0258941 -0.0409235 7.90631e-06 5.26815e-07
-0.0232282 -0.0365448 -0.0239141 -0.0356428 9.71601e-06 -0.000397392
-0.0232282 -0.0365448 -0.0258941 -0.0409235 1.60791e-05 -4.61596e-05
-0.0149278 -0.00353831 -0.0135983 -0.0032774 9.36319e-06 0.000666851
-0.0149278 -0.00353831 -0.0150043 -0.0030391 1.00995e-05 -0.000282146
-0.0179688 -0.00696848 -0.0154597 -0.0036427 9.88069e-06 0.000324346
-0.0179688 -0.00696848 -0.014861 -0.00688355 1.48878e-05 0.00149667
-0.0194769 -0.00700969 -0.0194515 -0.0044261 1.37255e-05 -0.000113456
-0.0194769 -0.00700969 -0.0179688 -0.00696848 1.48878e-05 0.00148237
-0.029366 -0.0246487 -0.027755 -0.0229618 1.37901e-05 0.000966276
-0.029366 -0.0246487 -0.0295329 -0.0229741 1.09355e-05 0.000358883
-0.0390206 -0.00535364 -0.036494 -0.00333128 1.26917e-05 0.00106266
-0.0390206 -0.00535364 -0.0396812 -0.00390943 1.32594e-05 -0.0014366
-0.0415027 -0.00507432 -0.0415977 0.000280427 9.63493e-06 -0.000181783
-0.0415027 -0.00507432 -0.0462374 -0.00810237 1.0221e-05 -0.00114173
0.0124848 0.0428555 0.0204962 0.0462167 1.51738e-05 0.00117127
0.0124848 0.0428555 0.0202019 0.0486467 1.5516e-05 0.000993281
0.0219182 0.00142582 0.021734 0.00242363 1.22318e-05 0.000326055
0.0219182 0.00142582 0.022527 0.00180875 1.62692e-05 0.00121419
0.0228706 0.00154227 0.0247799 0.003226 1.17002e-05 0.000480571
0.0228706 0.00154227 0.022527 0.00180875 1.07231e-05 -0.000393781
0.0125426 0.00202044 0.0123969 0.00208679 1.28166e-05 -0.000328805
0.0125426 0.00202044 0.00752475 0.00733527 1.31224e-05 -0.000819289
0.0197114 -0.00124373 0.0185298 -0.000705702 1.28166e-05 -0.000917772
0.0197114 -0.00124373 0.0220331 0.000803677 1.17002e-05 0.000657267
0.0204962 0.0462167 0.0202019 0.0486467 1.03192e-05 -0.000190901
0.0204962 0.0462167 0.0212649 0.0465392 1.51738e-05 0.00108416
0.0213832 0.0473717 0.021727 0.0497912 1.41625e-05 -0.000359282
0.0213832 0.0473717 0.0203815 0.0487815 1.2939e-05 -0.000645603
0.0212649 0.0465392 0.0213832 0.0473717 1.41625e-05 -0.000216653
0.0212649 0.0465392 0.0218117 0.0467686 1.51738e-05 0.00102293
0.00289151 -0.0163252 0.00398765 -0.0162548 1.49011e-05 0.0019867
0.00448668 -0.0212922 0.00289151 -0.0163252 7.97842e-06 -0.000507064
0.00909636 -0.0159267 0.0162629 -0.0113727 1.00008e-05 0.000714237
0.00909636 -0.0159267 0.012434 -0.0157124 1.49011e-05 0.00148974
0.00808063 -0.0158373 0.00464393 -0.0153724 1.07364e-05 -0.000806394
0.00808063 -0.0158373 0.00625844 -0.0145907 1.09306e-05 -0.000833169
0.00885607 -0.0159421 0.00808063 -0.0158373 1.07364e-05 -0.000842664
0.00885607 -0.0159421 0.00909636 -0.0159267 1.49011e-05 0.00158504
0.00828734 -0.0159787 0.00808063 -0.0158373 1.09306e-05 -0.000797544
0.00828734 -0.0159787 0.00885607 -0.0159421 1.49011e-05 0.00157738
-0.0109806 0.0120306 -0.0113885 0.0126261 1.07909e-05 0.000104079
-0.0109806 0.0120306 -0.0108359 0.0121356 1.63056e-05 0.00158779
0.0408791 0.0133534 0.0392649 0.0178298 1.27925e-05 -3.77617e-05
0.0408791 0.0133534 0.0473331 0.0174133 1.62692e-05 0.00244479
0.0429464 0.00937554 0.05 0.00780312 1.13389e-05 0.00191735
-0.03345 -0.00426681 -0.0303801 -0.00204019 1.63056e-05 0.00117641
-0.0303801 -0.00204019 -0.0301289 -0.000702694 8.17494e-06 0.000223696
-0.0303801 -0.00204019 -0.0287311 -0.000844169 1.63056e-05 0.00109381
-0.019582 -0.0176951 -0.0212153 -0.0161136 1.16414e-05 -0.000251431
-0.019582 -0.0176951 -0.0195691 -0.0163799 1.37255e-05 0.000452676
0.0438461 0.0347222 0.0445712 0.0347573 1.00759e-05 0.000211317
0.0438461 0.0347222 0.0441807 0.0352941 1.26978e-05 0.000838416
-0.019767 -0.0365137 -0.0197501 -0.0347876 1.37255e-05 -3.37778e-05
0.0108836 -0.0210258 0.0098459 -0.0208515 9.48961e-06 -0.000338018
0.0108836 -0.0210258 0.012217 -0.0195487 1.34733e-05 0.000274816
0.012394 -0.0164207 0.012434 -0.0157124 7.90825e-06 -3.59053e-05
0.012394 -0.0164207 0.00903417 -0.0159662 1.07364e-05 -0.000791093
0.012217 -0.0195487 0.012394 -0.0164207 7.90825e-06 -0.000160224
0.012217 -0.0195487 0.0147526 -0.0167397 1.34733e-05 0.000307847
0.0275579 -0.0138835 0.0334099 -0.0106205 1.27251e-05 8.41117e-05
0.0275579 -0.0138835 0.0271305 -0.0134308 1.31224e-05 -0.000911695
0.0258196 -0.0148528 0.0259725 -0.0147675 1.27251e-05 0.00039219
0.0258196 -0.0148528 0.0259033 -0.0148474 1.49011e-05 0.00118079
0.0251583 -0.0152215 0.0258196 -0.0148528 1.27251e-05 0.000298323
0.0251583 -0.0152215 0.0251422 -0.0148963 1.16344e-05 -0.00102264
0.0241753 -0.0157697 0.0251583 -0.0152215 1.27251e-05 0.000300953
-0.00775102 0.0459093 -0.00504057 0.0472625 1.14488e-05 0.000452382
-0.00504057 0.0472625 -0.00339885 0.0480821 1.14488e-05 0.000522807
0.013328 0.00112404 0.00943873 0.00343372 9.12102e-06 -0.000282902
0.013328 0.00112404 0.0123969 0.00208679 1.10908e-05 -0.000316866
0.014869 -0.00044364 0.0134666 0.00104172 1.31224e-05 -0.000575634
0.014869 -0.00044364 0.0173774 -0.000180986 1.01219e-05 0.000514273
0.0148465 -0.000445997 0.013328 0.00112404 1.10908e-05 -0.000396696
0.0148465 -0.000445997 0.014869 -0.00044364 1.01219e-05 0.000654866
0.0163883 -0.00205284 0.0158851 -0.00151985 1.31224e-05 -0.000684519
0.0163883 -0.00205284 0.0163959 -0.00204804 1.62692e-05 0.00135868
0.0175022 -0.00319193 0.0197114 -0.00124373 1.17002e-05 0.0005693
0.0175022 -0.00319193 0.0163959 -0.00204804 1.10908e-05 -0.000574493
0.00726823 0.0196944 0.00774076 0.0199647 1.07911e-05 0.000177061
0.00726823 0.0196944 0.00721332 0.020374 1.08643e-05 -0.000279961
0.00146001 0.021054 -0.0036016 0.025001 1.07746e-05 -0.000481794
0.00146001 0.021054 0.00398063 0.0228823 1.63056e-05 0.00107086
0.0158797 -0.0154911 0.0184681 -0.0126236 1.34733e-05 0.000886563
0.0158797 -0.0154911 0.0227457 -0.0150502 1.49011e-05 0.00145143
-0.00730474 0.0146968 0.00146001 0.021054 1.63056e-05 0.00122766
-0.00730474 0.0146968 -0.00647209 0.0170748 1.40344e-05 -0.000175537
-0.00771753 0.0135179 -0.00730474 0.0146968 1.40344e-05 9.92814e-06
-0.0261144 0.00105378 -0.0216414 0.00301089 8.78703e-06 0.000366689
-0.0261144 0.00105378 -0.02226 0.0038495 1.63056e-05 0.00115811
-0.00974221 0.03353 -0.00984031 0.0336061 1.4215e-05 -0.000876819
-0.00974221 0.03353 -0.00740003 0.0345127 1.51738e-05 0.00120494
-0.00904986 0.0329928 -0.00974221 0.03353 1.4215e-05 -0.000893687
-0.00904986 0.0329928 -0.0104677 0.0331091 9.15033e-06 -0.000448947
-0.00463572 0.0300075 -0.00469739 0.0326358 1.15373e-05 -0.000184683
-0.00463572 0.0300075 -0.000984332 0.0327477 1.5516e-05 0.00118113
-0.00557686 0.0302981 -0.00659417 0.0310874 1.4215e-05 -0.000960823
-0.00557686 0.0302981 -0.00645661 0.0323318 1.00293e-05 -0.000263531
-0.00492381 0.0297913 -0.00557686 0.0302981 1.4215e-05 -0.00100196
-0.00492381 0.0297913 -0.00463572 0.0300075 1.5516e-05 0.00117934
-0.0415977 0.000280427 -0.042201 0.00159915 1.32594e-05 -0.000830076
-0.0415977 0.000280427 -0.0416227 0.00168717 9.63493e-06 -0.000311948
-0.0263125 -0.0416107 -0.0270488 -0.0410807 9.10258e-06 -3.96839e-05
-0.0135983 -0.0032774 -0.00916596 0.00938121 1.40344e-05 0.000454828
-0.0135983 -0.0032774 -0.00788708 -0.00215657 9.36319e-06 0.000520172
-0.0123352 -0.00681452 -0.00500566 -0.00661422 1.48878e-05 0.00167521
-0.0123352 -0.00681452 -0.00788708 -0.00215657 1.37901e-05 0.000708058
0.0439458 0.0429929 0.0469708 0.0400624 1.1863e-05 0.00148566
0.0207417 0.00779796 0.0158327 0.00831161 1.24123e-05 -0.00110469
0.0207417 0.00779796 0.0203477 0.00993191 1.22318e-05 -0.00076796
0.0313378 0.00735132 0.0374633 0.00841944 1.24545e-05 0.000620804
0.0313378 0.00735132 0.0339193 0.00897524 1.62692e-05 0.00295536
0.0305011 0.00720542 0.0313378 0.00735132 1.24545e-05 0.00126703
0.0305011 0.00720542 0.0267884 0.00820239 1.26244e-05 -0.0012416
0.030925 0.0070916 0.0313378 0.00735132 1.62692e-05 0.00246065
0.030925 0.0070916 0.0305011 0.00720542 1.26244e-05 -0.000872774
-0.0388302 0.0239366 -0.0423429 0.0244386 1.32272e-05 -0.00188849
-0.0388302 0.0239366 -0.0358793 0.0274286 1.00877e-05 9.26059e-05
-0.0373111 0.0242543 -0.0358193 0.0248116 9.91969e-06 0.000161464
-0.0368701 0.0236565 -0.0383467 0.0238675 1.32272e-05 -0.00138589
-0.0368701 0.0236565 -0.0373111 0.0242543 1.24656e-05 -0.000529209
-0.0364113 0.0235909 -0.0368701 0.0236565 1.32272e-05 -0.00110035
-0.0364113 0.0235909 -0.0358193 0.0248116 1.18953e-05 -0.000295378
-0.0341888 0.0232733 -0.0364113 0.0235909 1.32272e-05 -0.00144935
-0.0341888 0.0232733 -0.0191698 0.0295746 1.51738e-05 0.00165923
-0.0225505 0.0219376 -0.0188718 0.0271413 1.18851e-05 0.0005719
-0.0208902 0.0213727 -0.0227609 0.0216401 1.32272e-05 -0.000810705
-0.0208902 0.0213727 -0.0208702 0.0214295 1.3732e-05 0.000531554
-0.0208702 0.0214295 -0.0225505 0.0219376 1.1291e-05 -0.000459303
-0.0208702 0.0214295 -0.0188673 0.0271046 1.3732e-05 0.000609993
0.0185298 -0.000705702 0.0219182 0.00142582 1.62692e-05 0.00146153
0.0185298 -0.000705702 0.0173774 -0.000180986 1.28166e-05 -0.00111667
0.0246236 -0.0058045 0.0246905 -0.00580267 1.48878e-05 0.00126493
0.0246236 -0.0058045 0.0246871 -0.00573422 1.34733e-05 0.00050877
0.0251422 -0.0148963 0.0258196 -0.0148528 1.49011e-05 0.00126095
0.0251422 -0.0148963 0.0249549 -0.0111265 1.16344e-05 -0.000449176
0.00400901 0.0381564 0.00335937 0.0390268 1.24523e-05 -0.000524414
0.00400901 0.0381564 0.00219009 0.0385363 1.36374e-05 -0.000990427
0.00409458 0.0380418 0.00400901 0.0381564 1.24523e-05 -0.000537095
0.00409458 0.0380418 0.00406934 0.0381438 1.30272e-05 -0.000276326
0.00480386 0.0370914 0.00409458 0.0380418 1.24523e-05 -0.000520221
0.00480386 0.0370914 0.00574104 0.0377947 1.5516e-05 0.000947278
0.0211521 0.0055752 0.0289648 0.00693753 1.24545e-05 0.000717628
0.0211521 0.0055752 0.0207417 0.00779796 1.22318e-05 -0.000929619
-0.0289101 -0.0183674 -0.0263802 -0.0182049 1.49011e-05 0.000581562
0.00752475 0.00733527 0.00820837 0.00806049 9.21605e-06 -5.88038e-06
0.00752475 0.00733527 0.00559123 0.00938323 1.31224e-05 -0.000915189
0.0058538 0.00556267 0.00752475 0.00733527 9.21605e-06 -0.000142429
0.0058538 0.00556267 0.003323 0.0070656 9.12102e-06 -0.000986311
-0.0225799 0.0165852 -0.0224458 0.0166421 1.0545e-05 0.000503899
-0.0225799 0.0165852 -0.0208902 0.0213727 1.3732e-05 0.000294743
0.0377375 -0.034741 0.0257831 -0.0383745 1.95757e-05 -0.000120692
0.0377375 -0.034741 0.032461 -0.0416973 1.5575e-05 -2.51518e-05
0.0495557 -0.0329383 0.05 -0.0329431 1.33097e-05 0.00022028
0.0495557 -0.0329383 0.05 -0.0333524 1.2078e-05 0.00013271
0.0144954 0.0338774 0.01575 0.0357044 1.01369e-05 -0.000604837
0.0144954 0.0338774 0.0127103 0.0363392 9.58462e-06 -0.000620887
0.00380471 0.0392137 0.00275943 0.0434398 1.30272e-05 -0.000280845
0.00380471 0.0392137 0.0119811 0.0426441 1.51738e-05 0.00115717
0.000844887 0.0379719 0.0011207 0.0387596 1.40344e-05 0.000393776
0.000844887 0.0379719 0.00219009 0.0385363 1.51738e-05 0.00115532
-0.000984332 0.0327477 0.000844887 0.0379719 1.40344e-05 0.00032264
-0.000984332 0.0327477 0.00440388 0.0367912 1.5516e-05 0.0010363
-0.0278987 -0.0223904 -0.0269789 -0.0220619 1.04116e-05 0.000444558
-0.0278987 -0.0223904 -0.0289101 -0.0183674 8.88684e-06 0.000286387
-0.0196511 -0.0247238 -0.0155774 -0.0221612 1.62692e-05 0.00157587
-0.0196511 -0.0247238 -0.0195827 -0.0177684 1.37255e-05 0.000532115
-0.0197105 -0.030767 -0.0198753 -0.0310377 1.60791e-05 -0.000863145
-0.0197105 -0.030767 -0.0196683 -0.0264728 1.37255e-05 0.000373891
-0.0155774 -0.0221612 -0.0148322 -0.0216924 1.62692e-05 0.00168741
-0.0174234 -0.0121428 -0.0162851 -0.0109507 1.37901e-05 0.00111154
-0.0148322 -0.0216924 -0.01596 -0.0175358 1.23616e-05 0.000262528
-0.0148322 -0.0216924 -0.0137843 -0.0210332 1.62692e-05 0.00188459
-0.0108359 0.0121356 -0.0113885 0.0126261 1.25275e-05 -8.96517e-05
-0.0108359 0.0121356 -0.00919875 0.013323 1.63056e-05 0.00119438
-0.00185422 0.0041609 -0.00426284 0.00629946 1.25275e-05 -0.000694605
-0.00185422 0.0041609 -0.00113728 0.00491166 1.37901e-05 0.00054604
0.00478537 0.00946755 0.003323 0.0070656 1.60791e-05 -0.00104043
0.00507009 0.00993521 0.00478537 0.00946755 1.60791e-05 -0.000376129
0.00507009 0.00993521 0.00505005 0.00995643 1.31224e-05 -0.000540159
0.00774076 0.0199647 0.00721332 0.020374 1.4215e-05 -0.00073998
0.00774076 0.0199647 0.0130122 0.0229802 1.07911e-05 0.000164027
-0.0114798 -0.0172481 -0.011932 -0.0179908 1.60791e-05 -0.00164363
-0.0114798 -0.0172481 -0.00734508 -0.0169825 1.49011e-05 0.00188007
-0.00500566 -0.00661422 -0.0114798 -0.0172481 1.60791e-05 -0.00128297
-0.00500566 -0.00661422 0.00018814 -0.00647228 1.48878e-05 0.00184771
0.00464393 -0.0153724 0.00435273 -0.0132869 1.12721e-05 -0.000271855
0.00464393 -0.0153724 0.00358953 -0.0152298 1.07364e-05 -0.000635564
-0.0446941 0.00704962 -0.044899 0.00698257 1.12693e-05 -0.00140439
-0.0446941 0.00704962 -0.04541 0.00861457 1.32594e-05 -5.48887e-05
-0.0213221 -0.0160101 -0.025423 -0.0120392 1.16414e-05 -0.000726766
-0.0137843 -0.0210332 -0.0146329 -0.0224269 1.60791e-05 -0.00180857
-0.0137843 -0.0210332 -0.0096972 -0.0184622 1.62692e-05 0.00201586
0.0294373 -0.0107677 0.0312086 -0.00872297 1.24579e-05 0.000563971
0.0294373 -0.0107677 0.0334099 -0.0106205 1.30264e-05 0.000234534
0.0271305 -0.0134308 0.0294373 -0.0107677 1.24579e-05 5.64889e-05
0.0271305 -0.0134308 0.0249549 -0.0111265 1.31224e-05 -0.000933714
0.0259725 -0.0147675 0.0271305 -0.0134308 1.24579e-05 3.32955e-05
0.0259725 -0.0147675 0.0275579 -0.0138835 1.27251e-05 0.000327917
0.0259033 -0.0148474 0.0259725 -0.0147675 1.24579e-05 -3.23558e-05
0.0259033 -0.0148474 0.0283213 -0.0146921 1.49011e-05 0.00101431
-0.0360206 0.0225048 -0.0365741 0.0232552 1.24656e-05 -0.00088967
-0.0360206 0.0225048 -0.0341888 0.0232733 1.51738e-05 0.00156518
-0.037786 0.0207564 -0.0371724 0.0220215 1.18953e-05 0.000216325
-0.037786 0.0207564 -0.035045 0.0211822 9.85554e-06 0.000504767
0.0428125 -0.0328665 0.043868 -0.0328777 1.33097e-05 0.000228275
0.0428125 -0.0328665 0.0446681 -0.0326345 1.39085e-05 0.000204857
0.0391887 -0.0328279 0.0428125 -0.0328665 1.33097e-05 0.000228578
0.0391887 -0.0328279 0.0387768 -0.0333709 1.5575e-05 0.000133513
0.0119808 0.0121786 0.00778452 0.0133055 1.26244e-05 -0.00103161
0.0119808 0.0121786 0.01021 0.0180488 6.22244e-06 -0.000286819
0.0162204 0.0110402 0.0120682 0.0121552 1.26244e-05 -0.00116472
0.0162204 0.0110402 0.0173778 0.0191846 1.41625e-05 0.00019255
0.0176482 0.0106568 0.0162204 0.0110402 1.26244e-05 -0.000905115
0.0176482 0.0106568 0.0201877 0.010798 1.27929e-05 0.000827129
0.0201877 0.010798 0.018563 0.0195976 1.22318e-05 -0.000165313
0.0201877 0.010798 0.0286056 0.011266 1.27929e-05 0.000260576
0.0287675 -0.0053672 0.0261104 -0.00415739 1.28166e-05 -0.000922037
0.0294388 -0.0056729 0.0287675 -0.0053672 1.28166e-05 -0.00105302
0.0294388 -0.0056729 0.0339577 -0.00554941 1.48878e-05 0.00142237
0.0339577 -0.00554941 0.0416797 -0.00533838 1.48878e-05 0.00210405
-0.022965 0.0437897 -0.0258099 0.0443839 1.36374e-05 -0.000536887
-0.022965 0.0437897 -0.0250198 0.045384 1.4215e-05 -0.00040783
0.0473331 0.0174133 0.05 0.0142499 1.29013e-05 0.00109136
0.0473331 0.0174133 0.05 0.0190909 1.62692e-05 0.00227916
0.0358587 0.0424487 0.0388314 0.0426487 1.15421e-05 0.00118906
0.0358587 0.0424487 0.0358586 0.0425258 7.66772e-06 -0.000407356
0.0358586 0.0425258 0.0360119 0.0426656 1.13914e-05 0.000231671
0.0358586 0.0425258 0.0358584 0.0426153 7.66772e-06 -0.000415592
0.0469708 0.0400624 0.05 0.0452393 1.26978e-05 0.00102894
0.0469708 0.0400624 0.05 0.037128 1.1863e-05 0.00127726
0.0102691 0.0102466 0.0125258 0.010372 1.27929e-05 0.000960037
0.0102691 0.0102466 0.0120074 0.0120906 9.21605e-06 0.00012672
-0.0206952 0.0420286 -0.020857 0.0433495 1.27697e-05 0.000470114
-0.0206952 0.0420286 -0.022965 0.0437897 1.4215e-05 -0.000277794
-0.0191698 0.0295746 -0.0206952 0.0420286 1.27697e-05 0.000394831
-0.0191698 0.0295746 -0.0177915 0.0301529 1.51738e-05 0.00135259
-0.0188718 0.0271413 -0.0191698 0.0295746 1.27697e-05 3.04549e-05
-0.0188718 0.0271413 -0.018837 0.0271905 1.18851e-05 0.000578587
-0.0151255 0.0377069 -0.0206952 0.0420286 1.4215e-05 -0.000210164
-0.0177915 0.0301529 -0.0151255 0.0377069 1.3732e-05 0.000681036
-0.0177915 0.0301529 -0.0163004 0.0307785 1.51738e-05 0.00122472
-0.018837 0.0271905 -0.0177915 0.0301529 1.3732e-05 0.000539741
-0.018837 0.0271905 -0.0163004 0.0307785 1.18851e-05 0.000565552
0.0276142 0.00500892 0.0211676 0.00549144 1.08701e-05 -0.000467781
0.0276142 0.00500892 0.0304354 0.00678365 1.62692e-05 0.00145622
-0.036494 -0.00333128 -0.03512 -0.00223149 1.26917e-05 0.000733935
-0.03512 -0.00223149 -0.029763 0.00205631 1.26917e-05 0.000603113
-0.0287311 -0.000844169 -0.0284168 4.63988e-05 1.3732e-05 0.000241954
-0.0287311 -0.000844169 -0.0261144 0.00105378 1.63056e-05 0.00114524
-0.0303115 -0.00730578 -0.0194769 -0.00700969 1.48878e-05 0.00147435
-0.0303115 -0.00730578 -0.0308333 -0.00680052 1.16414e-05 -0.0006041
0.0249454 -0.0109343 0.0294373 -0.0107677 1.30264e-05 0.000719871
0.0249454 -0.0109343 0.0248829 -0.00967653 1.16344e-05 -0.000297763
0.0246905 -0.00580267 0.0246871 -0.00573422 1.16344e-05 -0.000229584
0.0246905 -0.00580267 0.028468 -0.00569944 1.48878e-05 0.00121529
-0.00740003 0.0345127 -0.0077308 0.0352773 1.00293e-05 -0.000254209
-0.00740003 0.0345127 -0.00476734 0.0356172 1.51738e-05 0.00125019
-0.0371724 0.0220215 -0.0360206 0.0225048 1.51738e-05 0.00125723
-0.0371724 0.0220215 -0.0365741 0.0232552 1.18953e-05 0.000152929
0.0170734 0.0323787 0.0153601 0.0326848 1.0681e-05 -0.00100579
0.0170734 0.0323787 0.0195031 0.034141 1.63056e-05 0.00213163
0.0195031 0.034141 0.0208288 0.0434703 1.41625e-05 -0.000514683
0.0195031 0.034141 0.0226227 0.0364037 1.63056e-05 0.00253045
-0.0230055 -0.0179882 -0.0195827 -0.0177684 1.49011e-05 0.00108125
-0.0230055 -0.0179882 -0.0212153 -0.0161136 1.37901e-05 0.000929038
-0.0268526 -0.0220168 -0.0230055 -0.0179882 1.37901e-05 0.00107814
-0.0258941 -0.0409235 -0.0266742 -0.040431 7.90631e-06 -4.8187e-05
-0.0258941 -0.0409235 -0.0263125 -0.0416107 1.60791e-05 -2.22064e-05
0.0202019 0.0486467 0.0203815 0.0487815 1.5516e-05 0.00078935
0.0202019 0.0486467 0.0201453 0.0491138 1.03192e-05 0.00011573
0.0247799 0.003226 0.0276142 0.00500892 1.62692e-05 0.00138241
0.022527 0.00180875 0.0247799 0.003226 1.62692e-05 0.0010368
0.022527 0.00180875 0.021734 0.00242363 1.07231e-05 -0.000124645
0.00943873 0.00343372 0.00552625 0.00521519 1.28166e-05 -0.000542499
0.00943873 0.00343372 0.0058538 0.00556267 9.12102e-06 -0.000367921
0.0123969 0.00208679 0.00943873 0.00343372 1.28166e-05 -0.000603003
0.0203815 0.0487815 0.0201453 0.0491138 1.2939e-05 -9.2298e-05
0.0203815 0.0487815 0.021727 0.0497912 1.5516e-05 0.000327941
0.012434 -0.0157124 0.0158797 -0.0154911 1.49011e-05 0.00147068
-0.0212153 -0.0161136 -0.0213221 -0.0160101 1.16414e-05 -0.000223298
-0.0212153 -0.0161136 -0.021151 -0.0160462 1.37901e-05 0.000905289
0.0173774 -0.000180986 0.0125426 0.00202044 1.28166e-05 -0.000710521
0.00684286 0.0249583 0.00725646 0.0252583 1.63056e-05 0.00108338
0.00721332 0.020374 0.00684286 0.0249583 1.08643e-05 -7.75457e-05
0.00721332 0.020374 0.00398063 0.0228823 1.4215e-05 -0.000894683
0.00398063 0.0228823 0.00684286 0.0249583 1.63056e-05 0.00113505
0.00398063 0.0228823 -0.000452369 0.0263219 1.4215e-05 -0.000968316
-0.00788708 -0.00215657 -0.00185422 0.0041609 1.37901e-05 0.00106124
-0.0358193 0.0248116 -0.0317931 0.0263155 9.91969e-06 -0.000192743
0.0261104 -0.00415739 0.027803 -0.00228235 1.34733e-05 0.000295069
0.0261104 -0.00415739 0.024574 -0.0034578 1.28166e-05 -0.000763757
0.0246871 -0.00573422 0.0261104 -0.00415739 1.34733e-05 0.000445634
0.0246871 -0.00573422 0.024574 -0.0034578 1.16344e-05 -0.00015647
0.0249549 -0.0111265 0.0249454 -0.0109343 1.16344e-05 -0.000424593
0.0249549 -0.0111265 0.0247793 -0.0109404 1.31224e-05 -0.00095551
0.00189929 0.0409832 -0.00339885 0.0480821 1.24523e-05 -0.000480673
0.00189929 0.0409832 0.00275943 0.0434398 1.40344e-05 0.00026069
0.00335937 0.0390268 0.00189929 0.0409832 1.24523e-05 -0.000525756
0.00335937 0.0390268 0.00380471 0.0392137 1.51738e-05 0.00113095
0.0011207 0.0387596 -0.00487042 0.0400108 1.36374e-05 -0.000866283
0.0011207 0.0387596 0.00189929 0.0409832 1.40344e-05 0.00030069
0.00219009 0.0385363 0.0011207 0.0387596 1.36374e-05 -0.000962078
0.00219009 0.0385363 0.00335937 0.0390268 1.51738e-05 0.00112985
0.003323 0.0070656 0.00134152 0.00381103 1.60791e-05 -0.00159993
-0.0195827 -0.0177684 -0.019582 -0.0176951 1.37255e-05 0.00046174
-0.0195827 -0.0177684 -0.019511 -0.0177638 1.49011e-05 0.00114607
-0.0163004 0.0307785 -0.0107 0.0331281 1.51738e-05 0.0016677
0.024574 -0.0034578 0.0226589 -0.00258582 1.28166e-05 -0.000905794
