0.0443843 -0.00631477 0.05 -0.010437 5.06392e-05 0.0248688
0.0440694 -0.0250904 0.05 -0.0303778 0.000191251 0.406457
-0.05 0.000316541 -0.0330937 -0.00424034 2.22582e-05 0.00179052
-0.05 -0.0312056 -0.0359186 -0.0411567 0.000375076 0.287296
0.0474957 0.00801726 0.05 0.0066314 0.00363296 284.243
0.0458809 0.000579001 0.05 -0.00302134 0.00104657 9.55206
-0.05 0.0299759 -0.0210423 0.0197074 0.000134465 0.113062
-0.05 -0.0125039 -0.0405122 -0.0149709 4.557e-05 0.00663613
0.0358697 -0.0455362 0.05 -0.0416201 0.000105843 0.221312
0.0397398 0.0147875 0.05 0.0347524 4.50256e-05 0.0124163
-0.05 -0.043985 -0.0359186 -0.0411567 0.000111279 0.0303592
-0.05 0.0229315 -0.0399407 0.0178426 3.11145e-05 0.00362563
-0.05 0.0272741 -0.046455 0.0239504 0.000138963 0.0678446
-0.05 -0.00702845 -0.0336164 -0.00499634 9.40158e-05 0.0326277
0.0497351 -0.0141077 0.05 -0.014426 2.70288e-05 0.00583914
0.041579 0.0143397 0.05 0.0313998 0.000109738 0.0766511
-0.05 0.025353 -0.046455 0.0239504 0.000118354 0.0627293
-0.05 0.0366396 -0.021812 0.0297757 0.000121941 0.108542
-0.05 0.0132453 -0.0284296 0.00704984 6.49298e-05 0.0163153
-0.05 0.00378124 -0.0309279 -0.00110746 2.26532e-05 0.001906
0.0485023 0.0126538 0.05 0.0195529 0.000122555 0.0667495
-0.05 -0.0286948 -0.0405122 -0.0149709 4.88291e-05 0.00447695
-0.0228246 0.0430204 -0.0224412 0.042739 9.14525e-05 0.0215922
-0.0224412 0.042739 -0.0228816 0.0437668 0.0015812 4.13043
0.00870661 0.0198747 0.0232593 0.00919225 0.000196811 0.258017
0.019591 0.0196938 0.0232593 0.00919225 0.00440636 8.34414
0.0348415 0.000690202 0.0369482 -0.000856241 5.63451e-05 0.0295283
0.0369482 -0.000856241 0.0394415 -0.00174035 0.000142545 0.216596
0.0369482 -0.000856241 0.0414656 -0.00417222 5.62278e-05 0.0276351
0.0394415 -0.00174035 0.0414656 -0.00417222 2.98017e-05 0.00583398
0.0414656 -0.00417222 0.0443843 -0.00631477 5.5129e-05 0.0281513
0.0441494 -0.00739678 0.0443843 -0.00631477 7.43334e-05 0.0174256
-0.0221296 0.0339296 -0.0165246 0.0289324 0.00079132 2.31464
-0.0165246 0.0289324 -0.0184557 0.0334386 0.000481767 0.0578827
0.0429468 -0.0240894 0.0439864 -0.0250164 0.000167073 0.278294
0.0439864 -0.0250164 0.0441792 -0.0250683 2.51189e-05 0.00871272
0.0439864 -0.0250164 0.0440694 -0.0250904 0.000166753 0.280123
0.0440694 -0.0250904 0.0441792 -0.0250683 0.000120365 0.211788
0.0017112 -0.0136216 -0.000285636 -0.00896189 0.000126851 0.063838
0.0017112 -0.0136216 0.0196669 -0.0184613 2.36075e-05 0.00307986
0.00787526 -0.0280057 0.00765677 -0.0274958 0.00013993 0.0265205
0.00787526 -0.0280057 0.00861096 -0.0277439 0.000362018 0.20502
0.00959347 -0.0320152 0.0123643 -0.038481 0.000113221 0.0315072
0.0123643 -0.038481 0.0138245 -0.0418884 0.000112358 0.0292115
-0.0189195 -0.00806083 -0.00964767 -0.0105599 2.23503e-05 0.000922982
-0.0189195 -0.00806083 -0.0192217 -0.00410808 7.34526e-05 0.00794659
-0.0313376 -0.00471369 -0.0189195 -0.00806083 2.2319e-05 0.00147189
-0.0313376 -0.00471369 -0.0215804 -0.00350347 9.35935e-05 0.0325711
-0.0330937 -0.00424034 -0.0313376 -0.00471369 2.24618e-05 0.00170638
-0.0330937 -0.00424034 -0.0309279 -0.00110746 4.93328e-05 0.00629189
0.0232593 0.00919225 0.0253302 0.00326358 0.00383935 8.66744
0.0253302 0.00326358 0.027312 0.0025608 0.00154409 21.549
0.0284573 -0.00568901 0.0287646 -0.00656861 0.000265432 0.0528383
0.0275068 -0.0090161 0.0287646 -0.00656861 3.4767e-05 0.00847597
0.0331542 -0.0191354 0.0325395 -0.0173759 0.000268437 7.07209e-05
0.0331542 -0.0191354 0.0407652 -0.0229858 3.83027e-05 0.0205306
-0.0336307 -0.0427735 -0.0202296 -0.0380054 0.000373708 0.277789
-0.0359186 -0.0411567 -0.0336307 -0.0427735 0.000365106 0.284334
-0.0359186 -0.0411567 -0.0202296 -0.0380054 0.000150664 0.0486105
0.0179605 0.0243618 0.0198986 0.0232893 0.00331404 52.0175
0.017648 0.0252564 0.0198986 0.0232893 0.00124521 5.47534
0.0354949 0.0146584 0.0387482 0.0128581 0.00552 199.906
0.0387482 0.0128581 0.0366047 0.00868707 0.00132732 5.39706
0.0387482 0.0128581 0.0403972 0.0119455 0.00535313 204.805
0.0403972 0.0119455 0.0381305 0.00735337 0.00250866 18.2804
0.0403972 0.0119455 0.0474957 0.00801726 0.00465487 225.725
0.0474957 0.00801726 0.0468369 0.00498253 0.00144652 12.9821
-0.0179426 -0.0208395 -0.0189195 -0.00806083 7.44085e-05 0.00768025
-0.0179426 -0.0208395 0.00765677 -0.0274958 4.61674e-05 0.00337782
-0.0167256 -0.0367587 -0.0179426 -0.0208395 8.53204e-05 0.00575153
-0.0167256 -0.0367587 0.00787526 -0.0280057 0.000365805 0.275608
-0.0167256 -0.0367587 -0.0166847 -0.0372934 9.9607e-05 0.018108
-0.0166847 -0.0372934 0.00959347 -0.0320152 0.000143459 0.0684964
0.0257193 0.0182016 0.0259861 0.0179684 0.00643288 172.046
0.0243782 0.0185281 0.0259861 0.0179684 0.00042536 1.02498
0.0381305 0.00735337 0.0415878 0.00433147 0.00227304 40.0396
0.0415878 0.00433147 0.0468369 0.00498253 0.00200356 40.4694
0.0415878 0.00433147 0.0458809 0.000579001 0.00106249 9.50063
0.0449531 -0.0036948 0.0458809 0.000579001 8.09343e-05 0.0168483
0.0121161 0.00794934 0.0253302 0.00326358 0.000128311 0.122181
0.00870661 0.0198747 0.0121161 0.00794934 2.44581e-05 0.000959576
0.0036393 0.0109552 0.0121161 0.00794934 0.000128515 0.121772
-0.0125871 0.0254219 0.0036393 0.0109552 0.00015039 0.104471
-0.0110535 0.0161654 0.0036393 0.0109552 0.000132074 0.127357
-0.0140892 0.0232492 -0.0110535 0.0161654 0.000106698 0.00832768
-0.0210423 0.0197074 -0.0174246 0.0184246 0.000133347 0.116312
-0.0210423 0.0197074 -0.021812 0.0297757 7.71794e-05 0.0115908
-0.0405122 -0.0149709 -0.0179426 -0.0208395 4.557e-05 0.00519417
-0.0405122 -0.0149709 -0.0336164 -0.00499634 4.88291e-05 0.00582266
0.0280288 -0.0477092 0.0295304 -0.047293 0.000100491 0.00127843
0.0295304 -0.047293 0.0358697 -0.0455362 0.000106589 0.254321
0.0390393 0.0134246 0.0387482 0.0128581 0.000152884 0.210437
0.0354949 0.0146584 0.0390393 0.0134246 0.000783732 3.05383
0.0390393 0.0134246 0.0397398 0.0147875 0.000139196 0.352575
0.0397398 0.0147875 0.041579 0.0143397 0.000287842 0.716893
-0.0399407 0.0178426 -0.023557 0.00955423 3.1506e-05 0.00497788
-0.0399407 0.0178426 -0.0284296 0.00704984 0.00013556 0.0519786
-0.046455 0.0239504 -0.0399407 0.0178426 0.000136043 0.0521177
-0.046455 0.0239504 -0.0206601 0.0137445 0.000119703 0.0815512
-0.0336164 -0.00499634 -0.0313376 -0.00471369 9.37076e-05 0.032473
-0.0336164 -0.00499634 -0.0330937 -0.00424034 4.9502e-05 0.00623957
0.0414656 -0.00417222 0.0441494 -0.00739678 2.9061e-05 0.00604838
0.0432496 -0.0115417 0.0441494 -0.00739678 7.42235e-05 0.0170886
0.0441494 -0.00739678 0.0497351 -0.0141077 2.67705e-05 0.00556007
0.0497351 -0.0141077 0.05 -0.0142125 0.000117354 0.159997
0.0408212 0.0128043 0.0403972 0.0119455 0.000284489 0.817064
0.0390393 0.0134246 0.0408212 0.0128043 0.000770528 3.00072
0.0408212 0.0128043 0.041579 0.0143397 0.000286863 1.6691
0.041579 0.0143397 0.0485023 0.0126538 0.00037738 1.79327
0.0408212 0.0128043 0.047993 0.0103078 0.000772088 2.07345
0.047993 0.0103078 0.0474957 0.00801726 0.000289324 2.42034
0.0160235 -0.00571791 0.0144284 -0.000138394 2.19932e-05 0.000965084
0.0160235 -0.00571791 0.0253428 -0.00839457 7.00557e-05 0.0463224
0.018314 -0.0137295 0.0176116 -0.0112726 2.17019e-05 0.00505692
0.018314 -0.0137295 0.0242964 -0.0152629 2.27458e-05 0.00621412
0.0196669 -0.0184613 0.018314 -0.0137295 2.14546e-05 0.00632294
0.0196669 -0.0184613 0.0222895 -0.0191682 2.63615e-05 0.00875267
0.0207342 -0.0221945 0.0196669 -0.0184613 2.47436e-05 0.011869
0.0199569 -0.023707 0.0207342 -0.0221945 3.86821e-05 0.0697203
0.0207342 -0.0221945 0.0217653 -0.025801 2.46878e-05 0.0225598
0.0197 -0.0299852 0.0217653 -0.025801 0.000104367 0.103621
0.0227844 -0.0293656 0.0234218 -0.031595 2.40561e-05 0.000292313
0.0234218 -0.031595 0.0380694 -0.0354037 5.13534e-05 0.0409483
0.0273164 -0.0452172 0.0280288 -0.0477092 2.4102e-05 0.00533028
0.00367248 0.0235701 0.00794775 0.022529 0.00102289 8.47236
-0.00193877 0.027689 0.00367248 0.0235701 0.00121368 5.93434
-0.0113401 0.0272257 0.00367248 0.0235701 0.000593476 2.5556
-0.0113401 0.0272257 -0.00925826 0.030237 0.000322666 0.880526
-0.0158391 0.0283212 -0.0113401 0.0272257 0.000637308 2.82449
-0.0165246 0.0289324 -0.0158391 0.0283212 0.000772338 2.32875
-0.0163121 0.0284364 -0.0158391 0.0283212 0.000133089 0.127451
-0.0165246 0.0289324 -0.0163121 0.0284364 0.000322572 0.0159725
-0.021812 0.0297757 -0.0163121 0.0284364 0.000121111 0.105084
-0.021812 0.0297757 -0.0221296 0.0339296 7.71856e-05 0.0181831
-0.00416004 7.91886e-05 -0.00070239 -0.000913913 6.52971e-05 0.0347724
-0.00416004 7.91886e-05 -0.00784293 0.00867334 0.000105522 0.0200728
-0.0198871 0.00459629 -0.00570439 0.000522754 6.57309e-05 0.0270412
-0.0198871 0.00459629 -0.0201337 0.00782243 7.39095e-05 0.0209608
-0.0258088 0.00629711 -0.0198871 0.00459629 6.61107e-05 0.0262045
-0.0258088 0.00629711 -0.023557 0.00955423 4.99716e-05 0.0195673
-0.0284296 0.00704984 -0.0258088 0.00629711 6.63965e-05 0.0265422
-0.0284296 0.00704984 -0.0265237 0.00526295 0.0001347 0.0470917
-0.000285636 -0.00896189 0.018314 -0.0137295 2.45247e-05 0.00470685
-0.000285636 -0.00896189 -0.00358144 -0.00127101 0.000125191 0.0642545
-0.0192217 -0.00410808 -0.0155158 -0.00505798 2.28506e-05 0.00121372
-0.0192217 -0.00410808 -0.0192896 -0.00321934 7.3228e-05 0.00807403
-0.0215804 -0.00350347 -0.0192217 -0.00410808 2.27632e-05 0.00154992
-0.0215804 -0.00350347 -0.0192896 -0.00321934 9.34863e-05 0.0326576
-0.0309279 -0.00110746 -0.0215804 -0.00350347 2.27072e-05 0.00175598
-0.0309279 -0.00110746 -0.0265237 0.00526295 4.9116e-05 0.00638693
0.047993 0.0103078 0.0485023 0.0126538 0.000280429 3.21159
0.0485023 0.0126538 0.05 0.0122891 0.000425612 3.68689
-0.0228246 0.0430204 -0.0228816 0.0437668 0.000123214 0.0623687
-0.0228816 0.0437668 -0.0246774 0.0479573 0.000185272 0.0653931
-0.0228816 0.0437668 -0.0231368 0.0471047 0.00118448 5.5101
0.00367248 0.0235701 0.00870661 0.0198747 0.000245645 0.214797
0.00870661 0.0198747 0.00794775 0.022529 7.39077e-05 0.0265149
0.0181373 0.0238556 0.0179605 0.0243618 0.00685433 25.1301
0.0175072 0.0246126 0.0181373 0.0238556 3.22255e-05 0.00349545
0.0193919 0.0202638 0.0181373 0.0238556 0.0069928 24.6552
0.00740212 0.0244375 0.0193919 0.0202638 0.00534137 211.287
0.0193919 0.0202638 0.019591 0.0196938 0.0074821 3.78545
0.019591 0.0196938 0.0221123 0.0190799 0.000310437 0.636354
0.0315732 0.00308933 0.0331377 0.0019409 0.000822436 5.33692
0.0325092 0.000717867 0.0331377 0.0019409 3.88157e-05 0.00655438
0.0331377 0.0019409 0.0348415 0.000690202 0.00013244 0.14583
0.0345057 9.88431e-06 0.0348415 0.000690202 8.48335e-05 0.0269146
0.0394415 -0.00174035 0.0449531 -0.0036948 0.000143016 0.220071
0.0358009 0.00263369 0.0394415 -0.00174035 4.75884e-05 0.0162392
-0.0235794 0.0352221 -0.0221296 0.0339296 0.00687741 166.331
-0.0221296 0.0339296 -0.0221915 0.034739 0.00687169 166.203
-0.0184557 0.0334386 -0.0224412 0.042739 0.00314238 12.6171
-0.0221915 0.034739 -0.0184557 0.0334386 0.00557196 205.022
0.0253428 -0.00839457 0.0270459 -0.00991294 0.000154299 0.124362
0.0245446 -0.01478 0.0270459 -0.00991294 3.34402e-05 0.017891
0.0288249 -0.011499 0.0312384 -0.0136508 0.000166548 0.167591
0.0298551 -0.00969057 0.0312384 -0.0136508 0.000267506 0.0474263
0.0409182 -0.0222809 0.0429468 -0.0240894 0.000166173 0.27599
0.0429468 -0.0240894 0.0446821 -0.0249673 3.5296e-05 0.0154624
0.0441792 -0.0250683 0.0456829 -0.0254736 2.4437e-05 0.00839845
0.0441792 -0.0250683 0.0446821 -0.0249673 0.000120412 0.211819
0.00765677 -0.0274958 0.00714719 -0.0263067 0.000136764 0.0276849
0.00765677 -0.0274958 0.00861096 -0.0277439 5.53016e-05 0.00145866
0.0199569 -0.023707 0.0167894 -0.0298705 3.82614e-05 0.0249245
0.00866106 -0.0277261 0.0199569 -0.023707 0.000335809 0.010871
0.00866106 -0.0277261 0.0087066 -0.0277688 0.000176493 0.369647
0.00861096 -0.0277439 0.00866106 -0.0277261 0.0003614 0.200287
0.00861096 -0.0277439 0.0087066 -0.0277688 6.13109e-05 0.0312793
0.00787526 -0.0280057 0.00959347 -0.0320152 0.000139973 0.163509
0.00959347 -0.0320152 0.012593 -0.0314127 0.000148151 0.196732
-0.00964767 -0.0105599 0.0017112 -0.0136216 2.22784e-05 0.0025248
-0.00964767 -0.0105599 0.00714719 -0.0263067 0.000132232 0.00631292
0.027312 0.0025608 0.0325092 0.000717867 0.000145948 0.206305
0.027312 0.0025608 0.0315732 0.00308933 0.00147964 22.4735
0.0256477 0.00235438 0.0284573 -0.00568901 0.00026799 0.0698438
0.0284573 -0.00568901 0.0290883 -0.00593867 0.000118051 0.147722
0.0270459 -0.00991294 0.0275068 -0.0090161 3.48664e-05 0.0092937
0.0275068 -0.0090161 0.0297346 -0.00965597 6.8398e-05 0.0415571
0.0325395 -0.0173759 0.0312384 -0.0136508 0.000272545 0.000469755
0.0325395 -0.0173759 0.0365775 -0.0184109 2.55122e-05 0.0107029
0.0407652 -0.0229858 0.0429468 -0.0240894 4.46049e-05 0.0264304
0.0405268 -0.0240839 0.0407652 -0.0229858 0.000100109 0.0749237
-0.0202296 -0.0380054 -0.0167256 -0.0367587 0.000370147 0.278574
-0.0202296 -0.0380054 -0.0166847 -0.0372934 0.000150316 0.0533725
-0.0231368 0.0471047 -0.00466419 0.0368821 0.00108724 6.01402
-0.00466419 0.0368821 -0.00126987 0.0417919 0.000691762 9.87917
-0.00466419 0.0368821 0.00544336 0.0312887 0.000135673 0.0958408
0.00544336 0.0312887 0.00367658 0.0374684 2.72341e-05 0.00781956
0.0175072 0.0246126 0.0179605 0.0243618 0.000259423 0.467934
0.017648 0.0252564 0.0179605 0.0243618 0.000621889 0.0261675
0.00367658 0.0374684 0.015165 0.0274268 0.00179835 3.80027
0.00203864 0.0431975 0.015165 0.0274268 2.62861e-05 0.000682237
0.015165 0.0274268 0.017648 0.0252564 0.00162005 4.21853
0.0317427 0.0167348 0.0354949 0.0146584 0.000239047 0.207261
0.0259861 0.0179684 0.0354949 0.0146584 0.00595471 185.706
0.0343745 0.00434743 0.0366047 0.00868707 3.66458e-05 0.00852685
0.0259861 0.0179684 0.0366047 0.00868707 0.000594117 2.28986
0.0363161 0.00367761 0.0381305 0.00735337 0.00182541 20.0656
0.0366047 0.00868707 0.0381305 0.00735337 0.00107311 7.94362
0.0458809 0.000579001 0.0468369 0.00498253 0.000436905 0.226074
0.0468369 0.00498253 0.05 0.00537486 0.00195909 51.0239
0.0198986 0.0232893 0.0257193 0.0182016 0.00367345 48.7776
0.0257193 0.0182016 0.0317427 0.0167348 0.000309074 0.595559
0.0218346 0.0194136 0.0243782 0.0185281 0.00536022 172.854
0.0243782 0.0185281 0.0257193 0.0182016 0.00539134 172.082
0.0443843 -0.00631477 0.0449531 -0.0036948 7.91076e-05 0.0200729
0.0449531 -0.0036948 0.05 -0.00548444 0.000142258 0.222822
-0.0158391 0.0283212 -0.0125871 0.0254219 0.000150653 0.102692
-0.0125871 0.0254219 -0.0113401 0.0272257 5.04392e-05 0.0144885
-0.0163121 0.0284364 -0.0140892 0.0232492 0.000107423 0.00853336
-0.0140892 0.0232492 -0.0125871 0.0254219 5.12675e-05 0.0189482
-0.0174246 0.0184246 -0.0110535 0.0161654 0.000132771 0.117104
-0.0174246 0.0184246 -0.0140892 0.0232492 5.20355e-05 0.018128
0.0176116 -0.0112726 0.0245446 -0.01478 3.14311e-05 0.00749209
0.0176116 -0.0112726 0.0160235 -0.00571791 2.15913e-05 0.00347286
-0.00570439 0.000522754 -0.00397527 -0.000351996 3.15104e-05 0.00468131
-0.00570439 0.000522754 -0.00416004 7.91886e-05 6.55363e-05 0.0272051
-0.0201337 0.00782243 -0.00570439 0.000522754 3.1396e-05 0.00487283
-0.0201337 0.00782243 -0.0205842 0.0137145 7.3746e-05 0.0209931
-0.023557 0.00955423 -0.0201337 0.00782243 3.16836e-05 0.00479553
-0.023557 0.00955423 -0.0206601 0.0137445 4.9748e-05 0.0197536
0.0144284 -0.000138394 0.017402 -0.00131493 0.000121462 0.117645
0.0144284 -0.000138394 0.0141243 0.000925088 2.18472e-05 0.0004473
-0.00784293 0.00867334 0.0123094 0.00069998 0.000117084 0.101156
-0.00784293 0.00867334 -0.0110535 0.0161654 0.000107185 0.00358302
-0.0205842 0.0137145 -0.00784293 0.00867334 0.00011807 0.0856252
-0.0205842 0.0137145 -0.0205938 0.0138404 7.58289e-05 0.0161774
-0.0206601 0.0137445 -0.0205842 0.0137145 0.000118754 0.0824253
-0.0206601 0.0137445 -0.0205938 0.0138404 5.116e-05 0.018692
0.0407652 -0.0229858 0.0409182 -0.0222809 9.88058e-05 0.0719388
0.0365775 -0.0184109 0.0409182 -0.0222809 0.000161679 0.252303
0.0428417 -0.0134206 0.0432496 -0.0115417 7.41496e-05 0.0238859
0.0432496 -0.0115417 0.0497351 -0.0141077 0.000117436 0.159961
0.0253428 -0.00839457 0.0275068 -0.0090161 6.85905e-05 0.0410126
0.017402 -0.00131493 0.0253428 -0.00839457 0.000154187 0.121649
0.026667 -0.0158706 0.0267349 -0.015888 3.17384e-05 0.0126937
0.0247164 -0.0198224 0.026667 -0.0158706 9.90058e-05 0.119958
0.0242964 -0.0152629 0.026667 -0.0158706 2.5739e-05 0.0131116
0.0222895 -0.0191682 0.0242964 -0.0152629 3.68732e-05 0.0333097
0.0405268 -0.0240839 0.0439864 -0.0250164 3.05249e-05 0.0142415
0.0401368 -0.0258803 0.0405268 -0.0240839 0.00010163 0.0749424
0.0247164 -0.0198224 0.0405268 -0.0240839 2.75969e-05 0.0115538
0.0217653 -0.025801 0.0247164 -0.0198224 0.000101331 0.111976
0.0222895 -0.0191682 0.0247164 -0.0198224 2.75463e-05 0.0308134
0.0207342 -0.0221945 0.0222895 -0.0191682 3.85705e-05 0.0478681
0.0138245 -0.0418884 0.0169698 -0.0355163 7.70602e-05 0.0425921
0.0169698 -0.0355163 0.0273164 -0.0452172 0.000150991 0.179555
0.0169698 -0.0355163 0.0194191 -0.0305542 8.4832e-05 0.0733702
0.0194191 -0.0305542 0.0234218 -0.031595 5.24866e-05 0.0398693
0.0194191 -0.0305542 0.0197 -0.0299852 9.29233e-05 0.0883439
0.0197 -0.0299852 0.0227844 -0.0293656 0.000154184 0.394376
0.0217653 -0.025801 0.0227844 -0.0293656 2.2786e-05 0.0010926
0.0227844 -0.0293656 0.0401368 -0.0258803 0.0001531 0.397285
0.0380694 -0.0354037 0.05 -0.0385058 5.16815e-05 0.0479557
0.0358697 -0.0455362 0.0380694 -0.0354037 8.23716e-05 0.0447196
0.0273164 -0.0452172 0.0234218 -0.031595 2.14911e-05 0.000148958
0.0273164 -0.0452172 0.0295304 -0.047293 0.000150585 0.179164
0.00794775 0.022529 0.019591 0.0196938 0.00100483 8.60007
0.00794775 0.022529 0.00740212 0.0244375 0.000187545 0.141934
-0.0224412 0.042739 -0.0079627 0.0321109 0.0020462 16.1855
-0.0079627 0.0321109 -0.00466419 0.0368821 0.000323195 0.954005
-0.0079627 0.0321109 -0.00193877 0.027689 0.00211783 21.7713
-0.00925826 0.030237 -0.00193877 0.027689 0.00541786 201.138
-0.00925826 0.030237 -0.0079627 0.0321109 0.00121633 10.9325
-0.0184557 0.0334386 -0.00925826 0.030237 0.00547257 201.505
-0.00070239 -0.000913913 0.0160235 -0.00571791 7.12116e-05 0.0448156
-0.00070239 -0.000913913 0.0123094 0.00069998 0.00010022 0.112942
-0.0155158 -0.00505798 -0.00964767 -0.0105599 0.000132479 0.00657002
-0.0155158 -0.00505798 -0.000285636 -0.00896189 2.26868e-05 0.00271602
-0.0194296 -0.00138849 -0.0176886 -0.00302077 0.000133887 0.0337607
-0.0194296 -0.00138849 -0.0198871 0.00459629 7.39223e-05 0.0215666
-0.0265237 0.00526295 -0.0194296 -0.00138849 0.000134364 0.0424895
-0.0265237 0.00526295 -0.0258088 0.00629711 4.9822e-05 0.0190256
-0.00358144 -0.00127101 -0.00397527 -0.000351996 0.000105417 0.0251217
-0.00358144 -0.00127101 -0.00243879 -0.00112928 0.000103079 0.118847
-0.0192896 -0.00321934 -0.0194296 -0.00138849 7.31307e-05 0.00554248
-0.0192896 -0.00321934 -0.0176886 -0.00302077 9.34754e-05 0.0346504
-0.0246774 0.0479573 -0.0231368 0.0471047 0.000168458 0.0719203
0.015165 0.0274268 0.0175072 0.0246126 2.74429e-05 0.000362637
0.00544336 0.0312887 0.0175072 0.0246126 0.000267563 0.454082
-0.00193877 0.027689 0.00740212 0.0244375 0.00538008 209.782
0.00740212 0.0244375 0.00544336 0.0312887 0.000531189 0.204646
0.0221123 0.0190799 0.0243782 0.0185281 0.000631526 2.61539
0.0218346 0.0194136 0.0221123 0.0190799 0.000885292 1.64265
0.0232593 0.00919225 0.0315732 0.00308933 0.000817765 4.32975
0.0315732 0.00308933 0.0338746 0.00337478 0.00145579 22.2588
0.0290883 -0.00593867 0.0325092 0.000717867 3.39708e-05 0.00862321
0.0325092 0.000717867 0.0345057 9.88431e-06 0.000145538 0.20715
0.0266737 -0.015857 0.0288249 -0.011499 9.62147e-05 0.12156
0.0270459 -0.00991294 0.0288249 -0.011499 0.000153952 0.126423
0.0297346 -0.00965597 0.0297981 -0.00952739 7.59397e-05 0.0421568
0.0287646 -0.00656861 0.0297981 -0.00952739 0.000265339 0.0526152
0.0297981 -0.00952739 0.0311641 -0.00675996 7.40558e-05 0.0496626
0.0311641 -0.00675996 0.0432496 -0.0115417 0.000117665 0.155377
0.0311641 -0.00675996 0.0345057 9.88431e-06 7.45477e-05 0.0389001
0.0345057 9.88431e-06 0.0369482 -0.000856241 0.000143212 0.214821
0.0221123 0.0190799 0.0343745 0.00434743 2.73432e-05 0.00333299
0.0338746 0.00337478 0.0343745 0.00434743 0.000438349 1.17241
0.0350615 0.00352199 0.0358009 0.00263369 0.000414281 1.07668
0.0348415 0.000690202 0.0358009 0.00263369 0.000154576 0.128954
-0.05 0.0444191 -0.0235794 0.0352221 0.00527843 216.771
-0.0221915 0.034739 -0.0228246 0.0430204 0.000128486 0.0751786
-0.0235794 0.0352221 -0.0221915 0.034739 0.000351971 0.816651
0.0242964 -0.0152629 0.0245446 -0.01478 3.58308e-05 0.0288048
0.0245446 -0.01478 0.0266737 -0.015857 3.52553e-05 0.0189845
0.0297981 -0.00952739 0.0298551 -0.00969057 0.000267387 0.0504304
0.0298551 -0.00969057 0.0428417 -0.0134206 6.70328e-05 0.0549828
0.0456829 -0.0254736 0.05 -0.0276576 3.3903e-05 0.0153837
0.0456829 -0.0254736 0.05 -0.0266372 2.42312e-05 0.00850327
0.0446821 -0.0249673 0.0456829 -0.0254736 3.43868e-05 0.0151908
0.0446821 -0.0249673 0.05 -0.0238991 0.000120489 0.211877
0.00714719 -0.0263067 0.0017112 -0.0136216 0.000129527 0.062646
0.00866106 -0.0277261 0.00714719 -0.0263067 0.000174553 0.0200127
0.0123643 -0.038481 0.01489 -0.0335663 3.52345e-05 0.00809169
0.01489 -0.0335663 0.0169698 -0.0355163 0.000153844 0.195348
0.0167894 -0.0298705 0.0163886 -0.0306503 3.97375e-05 0.00436072
0.0167894 -0.0298705 0.0183068 -0.030265 5.75517e-05 0.0693266
0.0087066 -0.0277688 0.012593 -0.0314127 0.000176669 0.361966
0.0087066 -0.0277688 0.0167894 -0.0298705 6.09472e-05 0.0526604
0.0163886 -0.0306503 0.0183068 -0.030265 0.000159888 0.397151
0.01489 -0.0335663 0.0163886 -0.0306503 3.83969e-05 0.0149085
0.012593 -0.0314127 0.0163886 -0.0306503 0.00016025 0.3916
0.012593 -0.0314127 0.01489 -0.0335663 0.000154543 0.196324
0.0253302 0.00326358 0.0256477 0.00235438 0.000263681 0.0729272
0.0256477 0.00235438 0.027312 0.0025608 9.4556e-05 0.0959383
0.0290883 -0.00593867 0.0311641 -0.00675996 0.00011798 0.148369
0.0287646 -0.00656861 0.0290883 -0.00593867 3.39499e-05 0.0105683
0.0297346 -0.00965597 0.0298551 -0.00969057 6.76314e-05 0.0427025
0.0288249 -0.011499 0.0297346 -0.00965597 7.53725e-05 0.0430791
0.0365775 -0.0184109 0.0414853 -0.0196689 2.5052e-05 0.00829711
0.0312384 -0.0136508 0.0365775 -0.0184109 0.000161999 0.251401
-0.00126987 0.0417919 0.000762129 0.0447311 4.88291e-05 0.000445645
0.00203864 0.0431975 0.00367658 0.0374684 2.13905e-05 0.000178915
-0.00126987 0.0417919 0.00367658 0.0374684 0.00212419 3.21723
0.000762129 0.0447311 0.00135499 0.0455887 4.88291e-05 0.000131286
0.000762129 0.0447311 0.00203864 0.0431975 2.62861e-05 0.000583954
0.00135499 0.0455887 0.00203864 0.0431975 2.13905e-05 0.000299693
0.0198986 0.0232893 0.0317427 0.0167348 0.000167955 0.138774
0.0317427 0.0167348 0.0397398 0.0147875 0.000275542 0.572814
0.0358009 0.00263369 0.0363161 0.00367761 0.000431919 1.07707
0.0363161 0.00367761 0.0415878 0.00433147 0.000244277 0.677009
0.0193919 0.0202638 0.0218346 0.0194136 0.00528402 175.592
0.0181373 0.0238556 0.0218346 0.0194136 0.000399828 0.396853
-0.00397527 -0.000351996 -0.00243879 -0.00112928 3.135e-05 0.00606087
-0.00397527 -0.000351996 -0.00416004 7.91886e-05 0.000105489 0.0247015
0.017402 -0.00131493 0.0284573 -0.00568901 0.000117818 0.108185
0.0147961 0.00100841 0.017402 -0.00131493 0.000151065 0.113948
0.0141243 0.000925088 0.0138625 0.00184068 2.18583e-05 0.00058529
0.0141243 0.000925088 0.0147961 0.00100841 9.49098e-05 0.0935839
0.0123094 0.00069998 0.0144284 -0.000138394 0.000121964 0.117066
0.0123094 0.00069998 0.0141243 0.000925088 9.497e-05 0.0935565
-0.0205938 0.0138404 -0.0210423 0.0197074 7.56429e-05 0.0158842
-0.0205938 0.0138404 -0.0174246 0.0184246 5.09143e-05 0.019277
0.0414853 -0.0196689 0.0428417 -0.0134206 7.86179e-05 0.026151
0.0428417 -0.0134206 0.05 -0.0154766 6.83618e-05 0.05808
0.0267349 -0.015888 0.0325395 -0.0173759 3.02594e-05 0.0126274
0.0267349 -0.015888 0.0331542 -0.0191354 4.12344e-05 0.0195313
0.0380694 -0.0354037 0.0401368 -0.0258803 7.96432e-05 0.0415357
0.0401368 -0.0258803 0.0440694 -0.0250904 0.000148501 0.380577
-0.0176886 -0.00302077 -0.0155158 -0.00505798 0.000132684 0.00681522
-0.0176886 -0.00302077 -0.00358144 -0.00127101 9.37065e-05 0.073152
-0.00243879 -0.00112928 -0.00070239 -0.000913913 0.000102717 0.119162
-0.00243879 -0.00112928 0.0176116 -0.0112726 3.25723e-05 0.00616239
0.0338746 0.00337478 0.0350615 0.00352199 0.00149511 24.2527
0.0331377 0.0019409 0.0338746 0.00337478 0.000920149 4.74947
0.026667 -0.0158706 0.0266737 -0.015857 9.73171e-05 0.121367
0.0266737 -0.015857 0.0267349 -0.015888 4.27358e-05 0.0183589
0.0343745 0.00434743 0.0350615 0.00352199 0.00044399 1.15702
0.0350615 0.00352199 0.0363161 0.00367761 0.00148688 24.4324
0.0183068 -0.030265 0.0194191 -0.0305542 6.58674e-05 0.0619073
0.0183068 -0.030265 0.0197 -0.0299852 0.000157892 0.401615
0.0414853 -0.0196689 0.05 -0.0218515 2.40705e-05 0.00788414
0.0409182 -0.0222809 0.0414853 -0.0196689 7.9477e-05 0.0256408
0.0036393 0.0109552 0.0138625 0.00184068 0.000153689 0.109848
0.0138625 0.00184068 0.0121161 0.00794934 2.15508e-05 0.000191225
0.0138625 0.00184068 0.0147961 0.00100841 0.000153282 0.110197
0.0147961 0.00100841 0.0256477 0.00235438 9.7236e-05 0.0880281
