0.0443843 -0.00631477 0.05 -0.010437 5.06392e-05 0.0248688 1.37301e-06
0.0440694 -0.0250904 0.05 -0.0303778 0.000191251 0.406457 4.58433e-05
-0.05 0.000316541 -0.0330937 -0.00424034 2.22582e-05 0.00179052 0
-0.05 -0.0312056 -0.0359186 -0.0411567 0.000375076 0.287296 0.000112552
0.0474957 0.00801726 0.05 0.0066314 0.00363296 284.243 0.00353639
0.0458809 0.000579001 0.05 -0.00302134 0.00104657 9.55206 0.00088468
-0.05 0.0299759 -0.0210423 0.0197074 0.000134465 0.113062 9.83954e-06
-0.05 -0.0125039 -0.0405122 -0.0149709 4.557e-05 0.00663613 0
0.0358697 -0.0455362 0.05 -0.0416201 0.000105843 0.221312 1.20727e-05
0.0397398 0.0147875 0.05 0.0347524 4.50256e-05 0.0124163 1.19958e-05
-0.05 -0.043985 -0.0359186 -0.0411567 0.000111279 0.0303592 1.95624e-06
-0.05 0.0229315 -0.0399407 0.0178426 3.11145e-05 0.00362563 0
-0.05 0.0272741 -0.046455 0.0239504 0.000138963 0.0678446 6.84854e-06
-0.05 -0.00702845 -0.0336164 -0.00499634 9.40158e-05 0.0326277 1.42235e-06
0.0497351 -0.0141077 0.05 -0.014426 2.70288e-05 0.00583914 7.4271e-07
0.041579 0.0143397 0.05 0.0313998 0.000109738 0.0766511 3.7638e-05
-0.05 0.025353 -0.046455 0.0239504 0.000118354 0.0627293 4.59359e-06
-0.05 0.0366396 -0.021812 0.0297757 0.000121941 0.108542 8.04045e-06
-0.05 0.0132453 -0.0284296 0.00704984 6.49298e-05 0.0163153 2.5386e-07
-0.05 0.00378124 -0.0309279 -0.00110746 2.26532e-05 0.001906 0
0.0485023 0.0126538 0.05 0.0195529 0.000122555 0.0667495 5.06459e-05
-0.05 -0.0286948 -0.0405122 -0.0149709 4.88291e-05 0.00447695 0
-0.0228246 0.0430204 -0.0224412 0.042739 9.14525e-05 0.0215922 4.21863e-05
-0.0224412 0.042739 -0.0228816 0.0437668 0.0015812 4.13043 0.00147662
0.00870661 0.0198747 0.0232593 0.00919225 0.000196811 0.258017 0.000147545
0.019591 0.0196938 0.0232593 0.00919225 0.00440636 8.34414 0.00414832
0.0348415 0.000690202 0.0369482 -0.000856241 5.63451e-05 0.0295283 7.07893e-06
0.0369482 -0.000856241 0.0394415 -0.00174035 0.000142545 0.216596 1.79199e-05
0.0369482 -0.000856241 0.0414656 -0.00417222 5.62278e-05 0.0276351 6.96162e-06
0.0394415 -0.00174035 0.0414656 -0.00417222 2.98017e-05 0.00583398 3.51555e-06
0.0414656 -0.00417222 0.0443843 -0.00631477 5.5129e-05 0.0281513 5.86282e-06
0.0441494 -0.00739678 0.0443843 -0.00631477 7.43334e-05 0.0174256 2.42394e-06
-0.0221296 0.0339296 -0.0165246 0.0289324 0.00079132 2.31464 0.000645913
-0.0165246 0.0289324 -0.0184557 0.0334386 0.000481767 0.0578827 0.000377184
0.0429468 -0.0240894 0.0439864 -0.0250164 0.000167073 0.278294 2.16654e-05
0.0439864 -0.0250164 0.0441792 -0.0250683 2.51189e-05 0.00871272 2.86066e-06
0.0439864 -0.0250164 0.0440694 -0.0250904 0.000166753 0.280123 2.13452e-05
0.0440694 -0.0250904 0.0441792 -0.0250683 0.000120365 0.211788 1.10421e-05
0.0017112 -0.0136216 -0.000285636 -0.00896189 0.000126851 0.063838 2.22674e-05
0.0017112 -0.0136216 0.0196669 -0.0184613 2.36075e-05 0.00307986 1.34922e-06
0.00787526 -0.0280057 0.00765677 -0.0274958 0.00013993 0.0265205 3.5347e-05
0.00787526 -0.0280057 0.00861096 -0.0277439 0.000362018 0.20502 9.14401e-05
0.00959347 -0.0320152 0.0123643 -0.038481 0.000113221 0.0315072 8.63743e-06
0.0123643 -0.038481 0.0138245 -0.0418884 0.000112358 0.0292115 7.77518e-06
-0.0189195 -0.00806083 -0.00964767 -0.0105599 2.23503e-05 0.000922982 9.20428e-08
-0.0189195 -0.00806083 -0.0192217 -0.00410808 7.34526e-05 0.00794659 9.32661e-07
-0.0313376 -0.00471369 -0.0189195 -0.00806083 2.2319e-05 0.00147189 6.07236e-08
-0.0313376 -0.00471369 -0.0215804 -0.00350347 9.35935e-05 0.0325711 1.00009e-06
-0.0330937 -0.00424034 -0.0313376 -0.00471369 2.24618e-05 0.00170638 2.03517e-07
-0.0330937 -0.00424034 -0.0309279 -0.00110746 4.93328e-05 0.00629189 5.03638e-07
0.0232593 0.00919225 0.0253302 0.00326358 0.00383935 8.66744 0.00358131
0.0253302 0.00326358 0.027312 0.0025608 0.00154409 21.549 0.00141947
0.0284573 -0.00568901 0.0287646 -0.00656861 0.000265432 0.0528383 7.39914e-06
0.0275068 -0.0090161 0.0287646 -0.00656861 3.4767e-05 0.00847597 1.73725e-06
0.0331542 -0.0191354 0.0325395 -0.0173759 0.000268437 7.07209e-05 1.04039e-05
0.0331542 -0.0191354 0.0407652 -0.0229858 3.83027e-05 0.0205306 7.18818e-06
-0.0336307 -0.0427735 -0.0202296 -0.0380054 0.000373708 0.277789 0.00010313
-0.0359186 -0.0411567 -0.0336307 -0.0427735 0.000365106 0.284334 0.000102582
-0.0359186 -0.0411567 -0.0202296 -0.0380054 0.000150664 0.0486105 4.13412e-05
0.0179605 0.0243618 0.0198986 0.0232893 0.00331404 52.0175 0.00321747
0.017648 0.0252564 0.0198986 0.0232893 0.00124521 5.47534 0.00108333
0.0354949 0.0146584 0.0387482 0.0128581 0.00552 199.906 0.00542343
0.0387482 0.0128581 0.0366047 0.00868707 0.00132732 5.39706 0.0012943
0.0387482 0.0128581 0.0403972 0.0119455 0.00535313 204.805 0.00525656
0.0403972 0.0119455 0.0381305 0.00735337 0.00250866 18.2804 0.00243656
0.0403972 0.0119455 0.0474957 0.00801726 0.00465487 225.725 0.00455831
0.0474957 0.00801726 0.0468369 0.00498253 0.00144652 12.9821 0.00137461
-0.0179426 -0.0208395 -0.0189195 -0.00806083 7.44085e-05 0.00768025 1.88853e-06
-0.0179426 -0.0208395 0.00765677 -0.0274958 4.61674e-05 0.00337782 5.97447e-07
-0.0167256 -0.0367587 -0.0179426 -0.0208395 8.53204e-05 0.00575153 1.28004e-05
-0.0167256 -0.0367587 0.00787526 -0.0280057 0.000365805 0.275608 9.52263e-05
-0.0167256 -0.0367587 -0.0166847 -0.0372934 9.9607e-05 0.018108 2.70871e-05
-0.0166847 -0.0372934 0.00959347 -0.0320152 0.000143459 0.0684964 3.41358e-05
0.0257193 0.0182016 0.0259861 0.0179684 0.00643288 172.046 0.00627099
0.0243782 0.0185281 0.0259861 0.0179684 0.00042536 1.02498 0.000232645
0.0381305 0.00735337 0.0415878 0.00433147 0.00227304 40.0396 0.00211115
0.0415878 0.00433147 0.0468369 0.00498253 0.00200356 40.4694 0.00191096
0.0415878 0.00433147 0.0458809 0.000579001 0.00106249 9.50063 0.000900599
0.0449531 -0.0036948 0.0458809 0.000579001 8.09343e-05 0.0168483 9.02479e-06
0.0121161 0.00794934 0.0253302 0.00326358 0.000128311 0.122181 3.68583e-06
0.00870661 0.0198747 0.0121161 0.00794934 2.44581e-05 0.000959576 3.06751e-06
0.0036393 0.0109552 0.0121161 0.00794934 0.000128515 0.121772 3.88995e-06
-0.0125871 0.0254219 0.0036393 0.0109552 0.00015039 0.104471 4.98316e-06
-0.0110535 0.0161654 0.0036393 0.0109552 0.000132074 0.127357 7.44863e-06
-0.0140892 0.0232492 -0.0110535 0.0161654 0.000106698 0.00832768 2.1152e-06
-0.0210423 0.0197074 -0.0174246 0.0184246 0.000133347 0.116312 8.72169e-06
-0.0210423 0.0197074 -0.021812 0.0297757 7.71794e-05 0.0115908 4.65948e-06
-0.0405122 -0.0149709 -0.0179426 -0.0208395 4.557e-05 0.00519417 0
-0.0405122 -0.0149709 -0.0336164 -0.00499634 4.88291e-05 0.00582266 0
0.0280288 -0.0477092 0.0295304 -0.047293 0.000100491 0.00127843 6.7202e-06
0.0295304 -0.047293 0.0358697 -0.0455362 0.000106589 0.254321 1.2819e-05
0.0390393 0.0134246 0.0387482 0.0128581 0.000152884 0.210437 0.000119854
0.0354949 0.0146584 0.0390393 0.0134246 0.000783732 3.05383 0.000591018
0.0390393 0.0134246 0.0397398 0.0147875 0.000139196 0.352575 0.000106166
0.0397398 0.0147875 0.041579 0.0143397 0.000287842 0.716893 0.000173942
-0.0399407 0.0178426 -0.023557 0.00955423 3.1506e-05 0.00497788 3.91514e-07
-0.0399407 0.0178426 -0.0284296 0.00704984 0.00013556 0.0519786 3.4454e-06
-0.046455 0.0239504 -0.0399407 0.0178426 0.000136043 0.0521177 3.9282e-06
-0.046455 0.0239504 -0.0206601 0.0137445 0.000119703 0.0815512 5.9427e-06
-0.0336164 -0.00499634 -0.0313376 -0.00471369 9.37076e-05 0.032473 1.11413e-06
-0.0336164 -0.00499634 -0.0330937 -0.00424034 4.9502e-05 0.00623957 6.72841e-07
0.0414656 -0.00417222 0.0441494 -0.00739678 2.9061e-05 0.00604838 2.77484e-06
0.0432496 -0.0115417 0.0441494 -0.00739678 7.42235e-05 0.0170886 2.314e-06
0.0441494 -0.00739678 0.0497351 -0.0141077 2.67705e-05 0.00556007 4.84323e-07
0.0497351 -0.0141077 0.05 -0.0142125 0.000117354 0.159997 3.59353e-06
0.0408212 0.0128043 0.0403972 0.0119455 0.000284489 0.817064 0.000212389
0.0390393 0.0134246 0.0408212 0.0128043 0.000770528 3.00072 0.000577813
0.0408212 0.0128043 0.041579 0.0143397 0.000286863 1.6691 0.000214763
0.041579 0.0143397 0.0485023 0.0126538 0.00037738 1.79327 0.000263479
0.0408212 0.0128043 0.047993 0.0103078 0.000772088 2.07345 0.000579374
0.047993 0.0103078 0.0474957 0.00801726 0.000289324 2.42034 0.000217415
0.0160235 -0.00571791 0.0144284 -0.000138394 2.19932e-05 0.000965084 6.0263e-07
0.0160235 -0.00571791 0.0253428 -0.00839457 7.00557e-05 0.0463224 5.37978e-06
0.018314 -0.0137295 0.0176116 -0.0112726 2.17019e-05 0.00505692 3.11399e-07
0.018314 -0.0137295 0.0242964 -0.0152629 2.27458e-05 0.00621412 9.26611e-08
0.0196669 -0.0184613 0.018314 -0.0137295 2.14546e-05 0.00632294 6.40319e-08
0.0196669 -0.0184613 0.0222895 -0.0191682 2.63615e-05 0.00875267 4.10331e-06
0.0207342 -0.0221945 0.0196669 -0.0184613 2.47436e-05 0.011869 3.35309e-06
0.0199569 -0.023707 0.0207342 -0.0221945 3.86821e-05 0.0697203 5.65233e-06
0.0207342 -0.0221945 0.0217653 -0.025801 2.46878e-05 0.0225598 3.29721e-06
0.0197 -0.0299852 0.0217653 -0.025801 0.000104367 0.103621 3.22668e-05
0.0227844 -0.0293656 0.0234218 -0.031595 2.40561e-05 0.000292313 2.66554e-06
0.0234218 -0.031595 0.0380694 -0.0354037 5.13534e-05 0.0409483 5.78344e-06
0.0273164 -0.0452172 0.0280288 -0.0477092 2.4102e-05 0.00533028 2.71142e-06
0.00367248 0.0235701 0.00794775 0.022529 0.00102289 8.47236 0.000908991
-0.00193877 0.027689 0.00367248 0.0235701 0.00121368 5.93434 0.00116441
-0.0113401 0.0272257 0.00367248 0.0235701 0.000593476 2.5556 0.000479575
-0.0113401 0.0272257 -0.00925826 0.030237 0.000322666 0.880526 0.000273837
-0.0158391 0.0283212 -0.0113401 0.0272257 0.000637308 2.82449 0.000523408
-0.0165246 0.0289324 -0.0158391 0.0283212 0.000772338 2.32875 0.00062693
-0.0163121 0.0284364 -0.0158391 0.0283212 0.000133089 0.127451 1.91887e-05
-0.0165246 0.0289324 -0.0163121 0.0284364 0.000322572 0.0159725 0.000217989
-0.021812 0.0297757 -0.0163121 0.0284364 0.000121111 0.105084 7.21013e-06
-0.021812 0.0297757 -0.0221296 0.0339296 7.71856e-05 0.0181831 4.66569e-06
-0.00416004 7.91886e-05 -0.00070239 -0.000913913 6.52971e-05 0.0347724 6.21182e-07
-0.00416004 7.91886e-05 -0.00784293 0.00867334 0.000105522 0.0200728 9.39235e-07
-0.0198871 0.00459629 -0.00570439 0.000522754 6.57309e-05 0.0270412 1.05503e-06
-0.0198871 0.00459629 -0.0201337 0.00782243 7.39095e-05 0.0209608 1.38954e-06
-0.0258088 0.00629711 -0.0198871 0.00459629 6.61107e-05 0.0262045 1.43475e-06
-0.0258088 0.00629711 -0.023557 0.00955423 4.99716e-05 0.0195673 1.14242e-06
-0.0284296 0.00704984 -0.0258088 0.00629711 6.63965e-05 0.0265422 1.72058e-06
-0.0284296 0.00704984 -0.0265237 0.00526295 0.0001347 0.0470917 2.5855e-06
-0.000285636 -0.00896189 0.018314 -0.0137295 2.45247e-05 0.00470685 1.87157e-06
-0.000285636 -0.00896189 -0.00358144 -0.00127101 0.000125191 0.0642545 2.06075e-05
-0.0192217 -0.00410808 -0.0155158 -0.00505798 2.28506e-05 0.00121372 1.97377e-07
-0.0192217 -0.00410808 -0.0192896 -0.00321934 7.3228e-05 0.00807403 7.08079e-07
-0.0215804 -0.00350347 -0.0192217 -0.00410808 2.27632e-05 0.00154992 1.10015e-07
-0.0215804 -0.00350347 -0.0192896 -0.00321934 9.34863e-05 0.0326576 8.92883e-07
-0.0309279 -0.00110746 -0.0215804 -0.00350347 2.27072e-05 0.00175598 5.40331e-08
-0.0309279 -0.00110746 -0.0265237 0.00526295 4.9116e-05 0.00638693 2.86833e-07
0.047993 0.0103078 0.0485023 0.0126538 0.000280429 3.21159 0.00020852
0.0485023 0.0126538 0.05 0.0122891 0.000425612 3.68689 0.000311712
-0.0228246 0.0430204 -0.0228816 0.0437668 0.000123214 0.0623687 5.06942e-05
-0.0228816 0.0437668 -0.0246774 0.0479573 0.000185272 0.0653931 8.06893e-05
-0.0228816 0.0437668 -0.0231368 0.0471047 0.00118448 5.5101 0.00111196
0.00367248 0.0235701 0.00870661 0.0198747 0.000245645 0.214797 0.000196379
0.00870661 0.0198747 0.00794775 0.022529 7.39077e-05 0.0265149 5.25171e-05
0.0181373 0.0238556 0.0179605 0.0243618 0.00685433 25.1301 0.0065963
0.0175072 0.0246126 0.0181373 0.0238556 3.22255e-05 0.00349545 5.93935e-06
0.0193919 0.0202638 0.0181373 0.0238556 0.0069928 24.6552 0.00673477
0.00740212 0.0244375 0.0193919 0.0202638 0.00534137 211.287 0.00514866
0.0193919 0.0202638 0.019591 0.0196938 0.0074821 3.78545 0.00722407
0.019591 0.0196938 0.0221123 0.0190799 0.000310437 0.636354 0.000196537
0.0315732 0.00308933 0.0331377 0.0019409 0.000822436 5.33692 0.00077317
0.0325092 0.000717867 0.0331377 0.0019409 3.88157e-05 0.00655438 5.78588e-06
0.0331377 0.0019409 0.0348415 0.000690202 0.00013244 0.14583 8.31737e-05
0.0345057 9.88431e-06 0.0348415 0.000690202 8.48335e-05 0.0269146 1.27337e-05
0.0394415 -0.00174035 0.0449531 -0.0036948 0.000143016 0.220071 1.83906e-05
0.0358009 0.00263369 0.0394415 -0.00174035 4.75884e-05 0.0162392 2.13022e-05
-0.0235794 0.0352221 -0.0221296 0.0339296 0.00687741 166.331 0.006732
-0.0221296 0.0339296 -0.0221915 0.034739 0.00687169 166.203 0.00679917
-0.0184557 0.0334386 -0.0224412 0.042739 0.00314238 12.6171 0.00303779
-0.0221915 0.034739 -0.0184557 0.0334386 0.00557196 205.022 0.00537924
0.0253428 -0.00839457 0.0270459 -0.00991294 0.000154299 0.124362 8.89122e-06
0.0245446 -0.01478 0.0270459 -0.00991294 3.34402e-05 0.017891 4.10376e-07
0.0288249 -0.011499 0.0312384 -0.0136508 0.000166548 0.167591 2.11411e-05
0.0298551 -0.00969057 0.0312384 -0.0136508 0.000267506 0.0474263 9.47295e-06
0.0409182 -0.0222809 0.0429468 -0.0240894 0.000166173 0.27599 2.07656e-05
0.0429468 -0.0240894 0.0446821 -0.0249673 3.5296e-05 0.0154624 4.18156e-06
0.0441792 -0.0250683 0.0456829 -0.0254736 2.4437e-05 0.00839845 2.17877e-06
0.0441792 -0.0250683 0.0446821 -0.0249673 0.000120412 0.211819 1.10884e-05
0.00765677 -0.0274958 0.00714719 -0.0263067 0.000136764 0.0276849 3.21807e-05
0.00765677 -0.0274958 0.00861096 -0.0277439 5.53016e-05 0.00145866 9.73159e-06
0.0199569 -0.023707 0.0167894 -0.0298705 3.82614e-05 0.0249245 5.23161e-06
0.00866106 -0.0277261 0.0199569 -0.023707 0.000335809 0.010871 6.52306e-05
0.00866106 -0.0277261 0.0087066 -0.0277688 0.000176493 0.369647 4.4378e-05
0.00861096 -0.0277439 0.00866106 -0.0277261 0.0003614 0.200287 9.08221e-05
0.00861096 -0.0277439 0.0087066 -0.0277688 6.13109e-05 0.0312793 1.57409e-05
0.00787526 -0.0280057 0.00959347 -0.0320152 0.000139973 0.163509 3.53901e-05
0.00959347 -0.0320152 0.012593 -0.0314127 0.000148151 0.196732 3.88279e-05
-0.00964767 -0.0105599 0.0017112 -0.0136216 2.22784e-05 0.0025248 2.01935e-08
-0.00964767 -0.0105599 0.00714719 -0.0263067 0.000132232 0.00631292 1.16927e-07
0.027312 0.0025608 0.0325092 0.000717867 0.000145948 0.206305 2.13221e-05
0.027312 0.0025608 0.0315732 0.00308933 0.00147964 22.4735 0.00138705
0.0256477 0.00235438 0.0284573 -0.00568901 0.00026799 0.0698438 9.95748e-06
0.0284573 -0.00568901 0.0290883 -0.00593867 0.000118051 0.147722 4.29066e-06
0.0270459 -0.00991294 0.0275068 -0.0090161 3.48664e-05 0.0092937 1.83662e-06
0.0275068 -0.0090161 0.0297346 -0.00965597 6.8398e-05 0.0415571 3.72214e-06
0.0325395 -0.0173759 0.0312384 -0.0136508 0.000272545 0.000469755 1.4512e-05
0.0325395 -0.0173759 0.0365775 -0.0184109 2.55122e-05 0.0107029 2.85901e-06
0.0407652 -0.0229858 0.0429468 -0.0240894 4.46049e-05 0.0264304 1.34904e-05
0.0405268 -0.0240839 0.0407652 -0.0229858 0.000100109 0.0749237 2.81993e-05
-0.0202296 -0.0380054 -0.0167256 -0.0367587 0.000370147 0.278574 9.9569e-05
-0.0202296 -0.0380054 -0.0166847 -0.0372934 0.000150316 0.0533725 4.09928e-05
-0.0231368 0.0471047 -0.00466419 0.0368821 0.00108724 6.01402 0.00099068
-0.00466419 0.0368821 -0.00126987 0.0417919 0.000691762 9.87917 0.000642933
-0.00466419 0.0368821 0.00544336 0.0312887 0.000135673 0.0958408 3.91091e-05
0.00544336 0.0312887 0.00367658 0.0374684 2.72341e-05 0.00781956 5.84359e-06
0.0175072 0.0246126 0.0179605 0.0243618 0.000259423 0.467934 0.000162859
0.017648 0.0252564 0.0179605 0.0243618 0.000621889 0.0261675 0.000363856
0.00367658 0.0374684 0.015165 0.0274268 0.00179835 3.80027 0.00163647
0.00203864 0.0431975 0.015165 0.0274268 2.62861e-05 0.000682237 0
0.015165 0.0274268 0.017648 0.0252564 0.00162005 4.21853 0.00145816
0.0317427 0.0167348 0.0354949 0.0146584 0.000239047 0.207261 0.000142483
0.0259861 0.0179684 0.0354949 0.0146584 0.00595471 185.706 0.005762
0.0343745 0.00434743 0.0366047 0.00868707 3.66458e-05 0.00852685 3.61601e-06
0.0259861 0.0179684 0.0366047 0.00868707 0.000594117 2.28986 0.00043223
0.0363161 0.00367761 0.0381305 0.00735337 0.00182541 20.0656 0.00175331
0.0366047 0.00868707 0.0381305 0.00735337 0.00107311 7.94362 0.000911227
0.0458809 0.000579001 0.0468369 0.00498253 0.000436905 0.226074 0.000364996
0.0468369 0.00498253 0.05 0.00537486 0.00195909 51.0239 0.0018665
0.0198986 0.0232893 0.0257193 0.0182016 0.00367345 48.7776 0.00351157
0.0257193 0.0182016 0.0317427 0.0167348 0.000309074 0.595559 0.000195173
0.0218346 0.0194136 0.0243782 0.0185281 0.00536022 172.854 0.00516751
0.0243782 0.0185281 0.0257193 0.0182016 0.00539134 172.082 0.00527744
0.0443843 -0.00631477 0.0449531 -0.0036948 7.91076e-05 0.0200729 7.19812e-06
0.0449531 -0.0036948 0.05 -0.00548444 0.000142258 0.222822 1.76321e-05
-0.0158391 0.0283212 -0.0125871 0.0254219 0.000150653 0.102692 5.24578e-06
-0.0125871 0.0254219 -0.0113401 0.0272257 5.04392e-05 0.0144885 1.61008e-06
-0.0163121 0.0284364 -0.0140892 0.0232492 0.000107423 0.00853336 2.8395e-06
-0.0140892 0.0232492 -0.0125871 0.0254219 5.12675e-05 0.0189482 2.43832e-06
-0.0174246 0.0184246 -0.0110535 0.0161654 0.000132771 0.117104 8.14519e-06
-0.0174246 0.0184246 -0.0140892 0.0232492 5.20355e-05 0.018128 3.20639e-06
0.0176116 -0.0112726 0.0245446 -0.01478 3.14311e-05 0.00749209 3.16611e-07
0.0176116 -0.0112726 0.0160235 -0.00571791 2.15913e-05 0.00347286 2.00708e-07
-0.00570439 0.000522754 -0.00397527 -0.000351996 3.15104e-05 0.00468131 3.95877e-07
-0.00570439 0.000522754 -0.00416004 7.91886e-05 6.55363e-05 0.0272051 8.6042e-07
-0.0201337 0.00782243 -0.00570439 0.000522754 3.1396e-05 0.00487283 2.81547e-07
-0.0201337 0.00782243 -0.0205842 0.0137145 7.3746e-05 0.0209931 1.22603e-06
-0.023557 0.00955423 -0.0201337 0.00782243 3.16836e-05 0.00479553 5.69104e-07
-0.023557 0.00955423 -0.0206601 0.0137445 4.9748e-05 0.0197536 9.18911e-07
0.0144284 -0.000138394 0.017402 -0.00131493 0.000121462 0.117645 7.70149e-06
0.0144284 -0.000138394 0.0141243 0.000925088 2.18472e-05 0.0004473 4.56686e-07
-0.00784293 0.00867334 0.0123094 0.00069998 0.000117084 0.101156 3.3244e-06
-0.00784293 0.00867334 -0.0110535 0.0161654 0.000107185 0.00358302 2.60191e-06
-0.0205842 0.0137145 -0.00784293 0.00867334 0.00011807 0.0856252 4.31001e-06
-0.0205842 0.0137145 -0.0205938 0.0138404 7.58289e-05 0.0161774 3.30896e-06
-0.0206601 0.0137445 -0.0205842 0.0137145 0.000118754 0.0824253 4.99387e-06
-0.0206601 0.0137445 -0.0205938 0.0138404 5.116e-05 0.018692 2.33089e-06
0.0407652 -0.0229858 0.0409182 -0.0222809 9.88058e-05 0.0719388 2.68963e-05
0.0365775 -0.0184109 0.0409182 -0.0222809 0.000161679 0.252303 1.62712e-05
0.0428417 -0.0134206 0.0432496 -0.0115417 7.41496e-05 0.0238859 2.24012e-06
0.0432496 -0.0115417 0.0497351 -0.0141077 0.000117436 0.159961 3.67616e-06
0.0253428 -0.00839457 0.0275068 -0.0090161 6.85905e-05 0.0410126 3.9146e-06
0.017402 -0.00131493 0.0253428 -0.00839457 0.000154187 0.121649 8.78011e-06
0.026667 -0.0158706 0.0267349 -0.015888 3.17384e-05 0.0126937 9.08521e-06
0.0247164 -0.0198224 0.026667 -0.0158706 9.90058e-05 0.119958 2.69061e-05
0.0242964 -0.0152629 0.026667 -0.0158706 2.5739e-05 0.0131116 3.08587e-06
0.0222895 -0.0191682 0.0242964 -0.0152629 3.68732e-05 0.0333097 3.84341e-06
0.0405268 -0.0240839 0.0439864 -0.0250164 3.05249e-05 0.0142415 8.26669e-06
0.0401368 -0.0258803 0.0405268 -0.0240839 0.00010163 0.0749424 2.97203e-05
0.0247164 -0.0198224 0.0405268 -0.0240839 2.75969e-05 0.0115538 5.33862e-06
0.0217653 -0.025801 0.0247164 -0.0198224 0.000101331 0.111976 2.92309e-05
0.0222895 -0.0191682 0.0247164 -0.0198224 2.75463e-05 0.0308134 5.28802e-06
0.0207342 -0.0221945 0.0222895 -0.0191682 3.85705e-05 0.0478681 5.54069e-06
0.0138245 -0.0418884 0.0169698 -0.0355163 7.70602e-05 0.0425921 4.9604e-06
0.0169698 -0.0355163 0.0273164 -0.0452172 0.000150991 0.179555 1.88763e-05
0.0169698 -0.0355163 0.0194191 -0.0305542 8.4832e-05 0.0733702 1.27322e-05
0.0194191 -0.0305542 0.0234218 -0.031595 5.24866e-05 0.0398693 6.9166e-06
0.0194191 -0.0305542 0.0197 -0.0299852 9.29233e-05 0.0883439 2.08235e-05
0.0197 -0.0299852 0.0227844 -0.0293656 0.000154184 0.394376 4.48609e-05
0.0217653 -0.025801 0.0227844 -0.0293656 2.2786e-05 0.0010926 1.39548e-06
0.0227844 -0.0293656 0.0401368 -0.0258803 0.0001531 0.397285 4.37768e-05
0.0380694 -0.0354037 0.05 -0.0385058 5.16815e-05 0.0479557 6.1115e-06
0.0358697 -0.0455362 0.0380694 -0.0354037 8.23716e-05 0.0447196 1.04621e-05
0.0273164 -0.0452172 0.0234218 -0.031595 2.14911e-05 0.000148958 1.00504e-07
0.0273164 -0.0452172 0.0295304 -0.047293 0.000150585 0.179164 1.84706e-05
0.00794775 0.022529 0.019591 0.0196938 0.00100483 8.60007 0.000890934
0.00794775 0.022529 0.00740212 0.0244375 0.000187545 0.141934 0.000166154
-0.0224412 0.042739 -0.0079627 0.0321109 0.0020462 16.1855 0.00199693
-0.0079627 0.0321109 -0.00466419 0.0368821 0.000323195 0.954005 0.000274366
-0.0079627 0.0321109 -0.00193877 0.027689 0.00211783 21.7713 0.00206856
-0.00925826 0.030237 -0.00193877 0.027689 0.00541786 201.138 0.00522515
-0.00925826 0.030237 -0.0079627 0.0321109 0.00121633 10.9325 0.0011675
-0.0184557 0.0334386 -0.00925826 0.030237 0.00547257 201.505 0.00527985
-0.00070239 -0.000913913 0.0160235 -0.00571791 7.12116e-05 0.0448156 6.53568e-06
-0.00070239 -0.000913913 0.0123094 0.00069998 0.00010022 0.112942 7.62628e-06
-0.0155158 -0.00505798 -0.00964767 -0.0105599 0.000132479 0.00657002 3.64e-07
-0.0155158 -0.00505798 -0.000285636 -0.00896189 2.26868e-05 0.00271602 3.36517e-08
-0.0194296 -0.00138849 -0.0176886 -0.00302077 0.000133887 0.0337607 1.77257e-06
-0.0194296 -0.00138849 -0.0198871 0.00459629 7.39223e-05 0.0215666 1.40237e-06
-0.0265237 0.00526295 -0.0194296 -0.00138849 0.000134364 0.0424895 2.24944e-06
-0.0265237 0.00526295 -0.0258088 0.00629711 4.9822e-05 0.0190256 9.92875e-07
-0.00358144 -0.00127101 -0.00397527 -0.000351996 0.000105417 0.0251217 8.33472e-07
-0.00358144 -0.00127101 -0.00243879 -0.00112928 0.000103079 0.118847 1.04853e-05
-0.0192896 -0.00321934 -0.0194296 -0.00138849 7.31307e-05 0.00554248 6.10772e-07
-0.0192896 -0.00321934 -0.0176886 -0.00302077 9.34754e-05 0.0346504 8.81907e-07
-0.0246774 0.0479573 -0.0231368 0.0471047 0.000168458 0.0719203 7.18933e-05
0.015165 0.0274268 0.0175072 0.0246126 2.74429e-05 0.000362637 1.15675e-06
0.00544336 0.0312887 0.0175072 0.0246126 0.000267563 0.454082 0.000170999
-0.00193877 0.027689 0.00740212 0.0244375 0.00538008 209.782 0.00518737
0.00740212 0.0244375 0.00544336 0.0312887 0.000531189 0.204646 0.000509799
0.0221123 0.0190799 0.0243782 0.0185281 0.000631526 2.61539 0.000517625
0.0218346 0.0194136 0.0221123 0.0190799 0.000885292 1.64265 0.000859006
0.0232593 0.00919225 0.0315732 0.00308933 0.000817765 4.32975 0.000768499
0.0315732 0.00308933 0.0338746 0.00337478 0.00145579 22.2588 0.00136319
0.0290883 -0.00593867 0.0325092 0.000717867 3.39708e-05 0.00862321 9.41028e-07
0.0325092 0.000717867 0.0345057 9.88431e-06 0.000145538 0.20715 2.0913e-05
0.0266737 -0.015857 0.0288249 -0.011499 9.62147e-05 0.12156 2.41149e-05
0.0270459 -0.00991294 0.0288249 -0.011499 0.000153952 0.126423 8.54457e-06
0.0297346 -0.00965597 0.0297981 -0.00952739 7.59397e-05 0.0421568 3.83989e-06
0.0287646 -0.00656861 0.0297981 -0.00952739 0.000265339 0.0526152 7.30602e-06
0.0297981 -0.00952739 0.0311641 -0.00675996 7.40558e-05 0.0496626 1.95598e-06
0.0311641 -0.00675996 0.0432496 -0.0115417 0.000117665 0.155377 3.90478e-06
0.0311641 -0.00675996 0.0345057 9.88431e-06 7.45477e-05 0.0389001 2.44791e-06
0.0345057 9.88431e-06 0.0369482 -0.000856241 0.000143212 0.214821 1.85865e-05
0.0221123 0.0190799 0.0343745 0.00434743 2.73432e-05 0.00333299 1.0571e-06
0.0338746 0.00337478 0.0343745 0.00434743 0.000438349 1.17241 0.000405319
0.0350615 0.00352199 0.0358009 0.00263369 0.000414281 1.07668 0.000387995
0.0348415 0.000690202 0.0358009 0.00263369 0.000154576 0.128954 8.24758e-05
-0.05 0.0444191 -0.0235794 0.0352221 0.00527843 216.771 0.00508571
-0.0221915 0.034739 -0.0228246 0.0430204 0.000128486 0.0751786 5.59657e-05
-0.0235794 0.0352221 -0.0221915 0.034739 0.000351971 0.816651 0.000159257
0.0242964 -0.0152629 0.0245446 -0.01478 3.58308e-05 0.0288048 2.80101e-06
0.0245446 -0.01478 0.0266737 -0.015857 3.52553e-05 0.0189845 4.14081e-06
0.0297981 -0.00952739 0.0298551 -0.00969057 0.000267387 0.0504304 9.35395e-06
0.0298551 -0.00969057 0.0428417 -0.0134206 6.70328e-05 0.0549828 2.35691e-06
0.0456829 -0.0254736 0.05 -0.0276576 3.3903e-05 0.0153837 2.78852e-06
0.0456829 -0.0254736 0.05 -0.0266372 2.42312e-05 0.00850327 1.97292e-06
0.0446821 -0.0249673 0.0456829 -0.0254736 3.43868e-05 0.0151908 3.27234e-06
0.0446821 -0.0249673 0.05 -0.0238991 0.000120489 0.211877 1.11663e-05
0.00714719 -0.0263067 0.0017112 -0.0136216 0.000129527 0.062646 2.49436e-05
0.00866106 -0.0277261 0.00714719 -0.0263067 0.000174553 0.0200127 4.24381e-05
0.0123643 -0.038481 0.01489 -0.0335663 3.52345e-05 0.00809169 2.20472e-06
0.01489 -0.0335663 0.0169698 -0.0355163 0.000153844 0.195348 2.17295e-05
0.0167894 -0.0298705 0.0163886 -0.0306503 3.97375e-05 0.00436072 6.70776e-06
0.0167894 -0.0298705 0.0183068 -0.030265 5.75517e-05 0.0693266 1.19817e-05
0.0087066 -0.0277688 0.012593 -0.0314127 0.000176669 0.361966 4.45543e-05
0.0087066 -0.0277688 0.0167894 -0.0298705 6.09472e-05 0.0526604 1.53772e-05
0.0163886 -0.0306503 0.0183068 -0.030265 0.000159888 0.397151 5.05644e-05
0.01489 -0.0335663 0.0163886 -0.0306503 3.83969e-05 0.0149085 5.36714e-06
0.012593 -0.0314127 0.0163886 -0.0306503 0.00016025 0.3916 5.09267e-05
0.012593 -0.0314127 0.01489 -0.0335663 0.000154543 0.196324 2.24281e-05
0.0253302 0.00326358 0.0256477 0.00235438 0.000263681 0.0729272 5.64795e-06
0.0256477 0.00235438 0.027312 0.0025608 9.4556e-05 0.0959383 1.96256e-06
0.0290883 -0.00593867 0.0311641 -0.00675996 0.00011798 0.148369 4.22018e-06
0.0287646 -0.00656861 0.0290883 -0.00593867 3.39499e-05 0.0105683 9.20087e-07
0.0297346 -0.00965597 0.0298551 -0.00969057 6.76314e-05 0.0427025 2.95551e-06
0.0288249 -0.011499 0.0297346 -0.00965597 7.53725e-05 0.0430791 3.27273e-06
0.0365775 -0.0184109 0.0414853 -0.0196689 2.5052e-05 0.00829711 2.39883e-06
0.0312384 -0.0136508 0.0365775 -0.0184109 0.000161999 0.251401 1.65921e-05
-0.00126987 0.0417919 0.000762129 0.0447311 4.88291e-05 0.000445645 0
0.00203864 0.0431975 0.00367658 0.0374684 2.13905e-05 0.000178915 0
-0.00126987 0.0417919 0.00367658 0.0374684 0.00212419 3.21723 0.0019623
0.000762129 0.0447311 0.00135499 0.0455887 4.88291e-05 0.000131286 0
0.000762129 0.0447311 0.00203864 0.0431975 2.62861e-05 0.000583954 0
0.00135499 0.0455887 0.00203864 0.0431975 2.13905e-05 0.000299693 0
0.0198986 0.0232893 0.0317427 0.0167348 0.000167955 0.138774 7.13906e-05
0.0317427 0.0167348 0.0397398 0.0147875 0.000275542 0.572814 0.000161641
0.0358009 0.00263369 0.0363161 0.00367761 0.000431919 1.07707 0.000359819
0.0363161 0.00367761 0.0415878 0.00433147 0.000244277 0.677009 0.000151683
0.0193919 0.0202638 0.0218346 0.0194136 0.00528402 175.592 0.00509131
0.0181373 0.0238556 0.0218346 0.0194136 0.000399828 0.396853 0.000373542
-0.00397527 -0.000351996 -0.00243879 -0.00112928 3.135e-05 0.00606087 2.35564e-07
-0.00397527 -0.000351996 -0.00416004 7.91886e-05 0.000105489 0.0247015 9.0622e-07
0.017402 -0.00131493 0.0284573 -0.00568901 0.000117818 0.108185 4.05814e-06
0.0147961 0.00100841 0.017402 -0.00131493 0.000151065 0.113948 5.65797e-06
0.0141243 0.000925088 0.0138625 0.00184068 2.18583e-05 0.00058529 4.67705e-07
0.0141243 0.000925088 0.0147961 0.00100841 9.49098e-05 0.0935839 2.31636e-06
0.0123094 0.00069998 0.0144284 -0.000138394 0.000121964 0.117066 8.20431e-06
0.0123094 0.00069998 0.0141243 0.000925088 9.497e-05 0.0935565 2.37652e-06
-0.0205938 0.0138404 -0.0210423 0.0197074 7.56429e-05 0.0158842 3.12292e-06
-0.0205938 0.0138404 -0.0174246 0.0184246 5.09143e-05 0.019277 2.08516e-06
0.0414853 -0.0196689 0.0428417 -0.0134206 7.86179e-05 0.026151 6.70837e-06
0.0428417 -0.0134206 0.05 -0.0154766 6.83618e-05 0.05808 3.68594e-06
0.0267349 -0.015888 0.0325395 -0.0173759 3.02594e-05 0.0126274 7.60619e-06
0.0267349 -0.015888 0.0331542 -0.0191354 4.12344e-05 0.0195313 1.01199e-05
0.0380694 -0.0354037 0.0401368 -0.0258803 7.96432e-05 0.0415357 7.7337e-06
0.0401368 -0.0258803 0.0440694 -0.0250904 0.000148501 0.380577 3.91777e-05
-0.0176886 -0.00302077 -0.0155158 -0.00505798 0.000132684 0.00681522 5.69502e-07
-0.0176886 -0.00302077 -0.00358144 -0.00127101 9.37065e-05 0.073152 1.11304e-06
-0.00243879 -0.00112928 -0.00070239 -0.000913913 0.000102717 0.119162 1.01234e-05
-0.00243879 -0.00112928 0.0176116 -0.0112726 3.25723e-05 0.00616239 1.4578e-06
0.0338746 0.00337478 0.0350615 0.00352199 0.00149511 24.2527 0.00140252
0.0331377 0.0019409 0.0338746 0.00337478 0.000920149 4.74947 0.00088712
0.026667 -0.0158706 0.0266737 -0.015857 9.73171e-05 0.121367 2.52173e-05
0.0266737 -0.015857 0.0267349 -0.015888 4.27358e-05 0.0183589 1.16213e-05
0.0343745 0.00434743 0.0350615 0.00352199 0.00044399 1.15702 0.000417704
0.0350615 0.00352199 0.0363161 0.00367761 0.00148688 24.4324 0.00139429
0.0183068 -0.030265 0.0194191 -0.0305542 6.58674e-05 0.0619073 2.02974e-05
0.0183068 -0.030265 0.0197 -0.0299852 0.000157892 0.401615 4.85689e-05
0.0414853 -0.0196689 0.05 -0.0218515 2.40705e-05 0.00788414 1.41728e-06
0.0409182 -0.0222809 0.0414853 -0.0196689 7.9477e-05 0.0256408 7.56754e-06
0.0036393 0.0109552 0.0138625 0.00184068 0.000153689 0.109848 8.282e-06
0.0138625 0.00184068 0.0121161 0.00794934 2.15508e-05 0.000191225 1.60266e-07
0.0138625 0.00184068 0.0147961 0.00100841 0.000153282 0.110197 7.87428e-06
0.0147961 0.00100841 0.0256477 0.00235438 9.7236e-05 0.0880281 4.64254e-06
