0.05 -0.010437 0.0443843 -0.00631477 4.92662e-05 -0.0179083
0.05 -0.0303778 0.0440694 -0.0250904 0.000145407 -0.200058
-0.05 0.000316541 -0.0330937 -0.00424034 2.22582e-05 0.0021228
-0.05 -0.0312056 -0.0359186 -0.0411567 0.000262524 0.177839
0.05 0.0066314 0.0474957 0.00801726 9.65644e-05 -0.14103
0.05 -0.00302134 0.0458809 0.000579001 0.000161887 -0.163958
-0.05 0.0299759 -0.0210423 0.0197074 0.000124626 0.114545
-0.05 -0.0125039 -0.0405122 -0.0149709 4.557e-05 0.00799501
0.05 -0.0416201 0.0358697 -0.0455362 9.37704e-05 -0.162657
0.05 0.0347524 0.0397398 0.0147875 3.30298e-05 -0.00484311
-0.05 -0.043985 -0.0359186 -0.0411567 0.000109323 0.0370241
-0.05 0.0229315 -0.0399407 0.0178426 3.11145e-05 0.00430705
-0.05 0.0272741 -0.046455 0.0239504 0.000132115 0.0729417
-0.05 -0.00702845 -0.0336164 -0.00499634 9.25934e-05 0.0375222
0.05 -0.014426 0.0497351 -0.0141077 2.62861e-05 -0.00436968
0.05 0.0313998 0.041579 0.0143397 7.20998e-05 -0.0240097
-0.05 0.025353 -0.046455 0.0239504 0.00011376 0.0689358
-0.05 0.0366396 -0.021812 0.0297757 0.000113901 0.115626
-0.05 0.0132453 -0.0284296 0.00704984 6.46759e-05 0.0191239
-0.05 0.00378124 -0.0309279 -0.00110746 2.26532e-05 0.00225784
0.05 0.0195529 0.0485023 0.0126538 7.19095e-05 -0.0175025
-0.05 -0.0286948 -0.0405122 -0.0149709 4.88291e-05 0.00539369
-0.0224412 0.042739 -0.0228246 0.0430204 4.92662e-05 -0.00735968
-0.0224412 0.042739 -0.0228816 0.0437668 0.000104583 0.028017
0.0232593 0.00919225 0.00870661 0.0198747 4.92662e-05 -0.0132361
0.0232593 0.00919225 0.019591 0.0196938 0.000258033 -0.0216624
0.0369482 -0.000856241 0.0348415 0.000690202 4.92662e-05 -0.0163062
0.0369482 -0.000856241 0.0394415 -0.00174035 0.000124626 0.127444
0.0414656 -0.00417222 0.0369482 -0.000856241 4.92662e-05 -0.0164604
0.0414656 -0.00417222 0.0394415 -0.00174035 2.62861e-05 -0.00355895
0.0443843 -0.00631477 0.0414656 -0.00417222 4.92662e-05 -0.0164758
0.0443843 -0.00631477 0.0441494 -0.00739678 7.19095e-05 -0.0146866
-0.0165246 0.0289324 -0.0221296 0.0339296 0.000145407 -0.0889705
-0.0165246 0.0289324 -0.0184557 0.0334386 0.000104583 0.00427173
0.0439864 -0.0250164 0.0429468 -0.0240894 0.000145407 -0.169278
0.0439864 -0.0250164 0.0441792 -0.0250683 2.22582e-05 0.00567226
0.0440694 -0.0250904 0.0439864 -0.0250164 0.000145407 -0.169422
0.0440694 -0.0250904 0.0441792 -0.0250683 0.000109323 0.148891
0.0017112 -0.0136216 -0.000285636 -0.00896189 0.000104583 0.0477247
0.0017112 -0.0136216 0.0196669 -0.0184613 2.22582e-05 0.00298643
0.00787526 -0.0280057 0.00765677 -0.0274958 0.000104583 0.0179757
0.00787526 -0.0280057 0.00861096 -0.0277439 0.000270578 0.124265
0.0123643 -0.038481 0.00959347 -0.0320152 0.000104583 -0.0279886
0.0138245 -0.0418884 0.0123643 -0.038481 0.000104583 -0.0257339
-0.0189195 -0.00806083 -0.00964767 -0.0105599 2.22582e-05 0.000998759
-0.0189195 -0.00806083 -0.0192217 -0.00410808 7.25199e-05 0.00741804
-0.0313376 -0.00471369 -0.0189195 -0.00806083 2.22582e-05 0.00177317
-0.0313376 -0.00471369 -0.0215804 -0.00350347 9.25934e-05 0.0373544
-0.0330937 -0.00424034 -0.0313376 -0.00471369 2.22582e-05 0.00196664
-0.0330937 -0.00424034 -0.0309279 -0.00110746 4.88291e-05 0.00726306
0.0253302 0.00326358 0.0232593 0.00919225 0.000258033 -0.021657
0.0253302 0.00326358 0.027312 0.0025608 0.000124626 0.119168
0.0287646 -0.00656861 0.0284573 -0.00568901 0.000258033 -0.019537
0.0287646 -0.00656861 0.0275068 -0.0090161 3.30298e-05 -0.00830141
0.0331542 -0.0191354 0.0325395 -0.0173759 0.000258033 0.000105981
0.0331542 -0.0191354 0.0407652 -0.0229858 3.11145e-05 0.0103521
-0.0336307 -0.0427735 -0.0202296 -0.0380054 0.000270578 0.17503
-0.0359186 -0.0411567 -0.0336307 -0.0427735 0.000262524 0.1804
-0.0359186 -0.0411567 -0.0202296 -0.0380054 0.000109323 0.0308744
0.0198986 0.0232893 0.0179605 0.0243618 9.65644e-05 -0.0410383
0.0198986 0.0232893 0.017648 0.0252564 0.000161887 -0.0802846
0.0387482 0.0128581 0.0354949 0.0146584 9.65644e-05 -0.0489481
0.0387482 0.0128581 0.0366047 0.00868707 3.30298e-05 0.00243396
0.0403972 0.0119455 0.0387482 0.0128581 9.65644e-05 -0.050792
0.0403972 0.0119455 0.0381305 0.00735337 7.20998e-05 0.0109936
0.0474957 0.00801726 0.0403972 0.0119455 9.65644e-05 -0.0730753
0.0474957 0.00801726 0.0468369 0.00498253 7.19095e-05 0.0211747
-0.0179426 -0.0208395 -0.0189195 -0.00806083 7.25199e-05 0.00718035
-0.0179426 -0.0208395 0.00765677 -0.0274958 4.557e-05 0.00352616
-0.0167256 -0.0367587 -0.0179426 -0.0208395 7.25199e-05 0.0053093
-0.0167256 -0.0367587 0.00787526 -0.0280057 0.000270578 0.168566
-0.0166847 -0.0372934 -0.0167256 -0.0367587 7.25199e-05 -0.0141626
-0.0166847 -0.0372934 0.00959347 -0.0320152 0.000109323 0.04335
0.0259861 0.0179684 0.0257193 0.0182016 0.000161887 -0.0872149
0.0259861 0.0179684 0.0243782 0.0185281 0.000192714 -0.200061
0.0415878 0.00433147 0.0381305 0.00735337 0.000161887 -0.153446
0.0415878 0.00433147 0.0468369 0.00498253 9.25934e-05 0.0625354
0.0458809 0.000579001 0.0415878 0.00433147 0.000161887 -0.160533
0.0458809 0.000579001 0.0449531 -0.0036948 7.19095e-05 -0.0119035
0.0121161 0.00794934 0.0253302 0.00326358 0.000124626 0.119324
0.0121161 0.00794934 0.00870661 0.0198747 2.13905e-05 0.000266522
0.0036393 0.0109552 0.0121161 0.00794934 0.000124626 0.119292
0.0036393 0.0109552 -0.0125871 0.0254219 0.000145407 -0.094603
-0.0110535 0.0161654 0.0036393 0.0109552 0.000124626 0.12201
-0.0110535 0.0161654 -0.0140892 0.0232492 0.000104583 0.00161034
-0.0210423 0.0197074 -0.0174246 0.0184246 0.000124626 0.115856
-0.0210423 0.0197074 -0.021812 0.0297757 7.25199e-05 0.0166537
-0.0405122 -0.0149709 -0.0179426 -0.0208395 4.557e-05 0.00650374
-0.0405122 -0.0149709 -0.0336164 -0.00499634 4.88291e-05 0.00678542
0.0295304 -0.047293 0.0280288 -0.0477092 9.37704e-05 -0.00093045
0.0358697 -0.0455362 0.0295304 -0.047293 9.37704e-05 -0.189479
0.0390393 0.0134246 0.0387482 0.0128581 3.30298e-05 0.00782481
0.0390393 0.0134246 0.0354949 0.0146584 0.000192714 -0.147935
0.0397398 0.0147875 0.0390393 0.0134246 3.30298e-05 -0.0157012
0.0397398 0.0147875 0.041579 0.0143397 0.000113901 0.0807098
-0.0399407 0.0178426 -0.023557 0.00955423 3.11145e-05 0.0056701
-0.0399407 0.0178426 -0.0284296 0.00704984 0.000132115 0.0580169
-0.046455 0.0239504 -0.0399407 0.0178426 0.000132115 0.0583379
-0.046455 0.0239504 -0.0206601 0.0137445 0.00011376 0.0858958
-0.0336164 -0.00499634 -0.0313376 -0.00471369 9.25934e-05 0.0373079
-0.0336164 -0.00499634 -0.0330937 -0.00424034 4.88291e-05 0.00719188
0.0441494 -0.00739678 0.0414656 -0.00417222 2.62861e-05 -0.00352999
0.0441494 -0.00739678 0.0432496 -0.0115417 7.19095e-05 -0.0148983
0.0497351 -0.0141077 0.0441494 -0.00739678 2.62861e-05 -0.00410913
0.0497351 -0.0141077 0.05 -0.0142125 0.00011376 0.11896
0.0408212 0.0128043 0.0403972 0.0119455 7.20998e-05 0.040838
0.0408212 0.0128043 0.0390393 0.0134246 0.000192714 -0.143903
0.041579 0.0143397 0.0408212 0.0128043 7.20998e-05 -0.0805187
0.041579 0.0143397 0.0485023 0.0126538 0.000113901 0.11648
0.047993 0.0103078 0.0408212 0.0128043 0.000192714 -0.0985003
0.047993 0.0103078 0.0474957 0.00801726 7.19095e-05 0.112429
0.0160235 -0.00571791 0.0144284 -0.000138394 2.13905e-05 0.000989562
0.0160235 -0.00571791 0.0253428 -0.00839457 6.46759e-05 0.0399966
0.018314 -0.0137295 0.0176116 -0.0112726 2.13905e-05 0.00502069
0.018314 -0.0137295 0.0242964 -0.0152629 2.26532e-05 0.00608089
0.0196669 -0.0184613 0.018314 -0.0137295 2.13905e-05 0.00683348
0.0196669 -0.0184613 0.0222895 -0.0191682 2.22582e-05 0.00608796
0.0207342 -0.0221945 0.0196669 -0.0184613 2.13905e-05 0.0100608
0.0207342 -0.0221945 0.0199569 -0.023707 3.30298e-05 -0.055943
0.0217653 -0.025801 0.0207342 -0.0221945 2.13905e-05 -0.0175286
0.0217653 -0.025801 0.0197 -0.0299852 7.20998e-05 -0.0576706
0.0234218 -0.031595 0.0227844 -0.0293656 2.13905e-05 -0.000480053
0.0234218 -0.031595 0.0380694 -0.0354037 4.557e-05 0.0308442
0.0280288 -0.0477092 0.0273164 -0.0452172 2.13905e-05 -0.00407884
0.00367248 0.0235701 0.00794775 0.022529 0.000113901 0.101988
0.00367248 0.0235701 -0.00193877 0.027689 4.92662e-05 -0.0118917
-0.0113401 0.0272257 0.00367248 0.0235701 0.000113901 0.102541
-0.0113401 0.0272257 -0.00925826 0.030237 4.88291e-05 0.020863
-0.0158391 0.0283212 -0.0113401 0.0272257 0.000113901 0.103301
-0.0158391 0.0283212 -0.0165246 0.0289324 0.000145407 -0.0891467
-0.0163121 0.0284364 -0.0158391 0.0283212 0.000113901 0.10914
-0.0163121 0.0284364 -0.0165246 0.0289324 0.000104583 0.00451669
-0.021812 0.0297757 -0.0163121 0.0284364 0.000113901 0.112125
-0.021812 0.0297757 -0.0221296 0.0339296 7.25199e-05 0.0221529
-0.00416004 7.91886e-05 -0.00070239 -0.000913913 6.46759e-05 0.0367983
-0.00416004 7.91886e-05 -0.00784293 0.00867334 0.000104583 0.0221609
-0.0198871 0.00459629 -0.00570439 0.000522754 6.46759e-05 0.0295817
-0.0198871 0.00459629 -0.0201337 0.00782243 7.25199e-05 0.0233285
-0.0258088 0.00629711 -0.0198871 0.00459629 6.46759e-05 0.0290011
-0.0258088 0.00629711 -0.023557 0.00955423 4.88291e-05 0.0216561
-0.0284296 0.00704984 -0.0258088 0.00629711 6.46759e-05 0.0293344
-0.0284296 0.00704984 -0.0265237 0.00526295 0.000132115 0.0530184
-0.000285636 -0.00896189 0.018314 -0.0137295 2.26532e-05 0.00436915
-0.000285636 -0.00896189 -0.00358144 -0.00127101 0.000104583 0.04746
-0.0192217 -0.00410808 -0.0155158 -0.00505798 2.26532e-05 0.00134244
-0.0192217 -0.00410808 -0.0192896 -0.00321934 7.25199e-05 0.00757709
-0.0215804 -0.00350347 -0.0192217 -0.00410808 2.26532e-05 0.00185159
-0.0215804 -0.00350347 -0.0192896 -0.00321934 9.25934e-05 0.0374017
-0.0309279 -0.00110746 -0.0215804 -0.00350347 2.26532e-05 0.00204503
-0.0309279 -0.00110746 -0.0265237 0.00526295 4.88291e-05 0.00736179
0.0485023 0.0126538 0.047993 0.0103078 7.19095e-05 -0.151548
0.0485023 0.0126538 0.05 0.0122891 0.000113901 0.201108
-0.0228246 0.0430204 -0.0228816 0.0437668 7.25199e-05 0.0302557
-0.0228816 0.0437668 -0.0246774 0.0479573 0.000104583 0.0292197
-0.0228816 0.0437668 -0.0231368 0.0471047 7.25199e-05 0.0285212
0.00870661 0.0198747 0.00367248 0.0235701 4.92662e-05 -0.013171
0.00870661 0.0198747 0.00794775 0.022529 2.13905e-05 0.000116643
0.0181373 0.0238556 0.0179605 0.0243618 0.000258033 0.040439
0.0181373 0.0238556 0.0175072 0.0246126 2.62861e-05 -0.00148861
0.0193919 0.0202638 0.0181373 0.0238556 0.000258033 0.0404292
0.0193919 0.0202638 0.00740212 0.0244375 0.000192714 -0.267529
0.019591 0.0196938 0.0193919 0.0202638 0.000258033 -0.00972403
0.019591 0.0196938 0.0221123 0.0190799 0.000113901 0.0748525
0.0331377 0.0019409 0.0315732 0.00308933 4.92662e-05 -0.0154229
0.0331377 0.0019409 0.0325092 0.000717867 3.30298e-05 -0.00554625
0.0348415 0.000690202 0.0331377 0.0019409 4.92662e-05 -0.0155201
0.0348415 0.000690202 0.0345057 9.88431e-06 7.20998e-05 -0.0254732
0.0394415 -0.00174035 0.0449531 -0.0036948 0.000124626 0.127432
0.0394415 -0.00174035 0.0358009 0.00263369 2.62861e-05 -0.00350489
-0.0221296 0.0339296 -0.0235794 0.0352221 0.000145407 -0.0885722
-0.0221296 0.0339296 -0.0221915 0.034739 7.25199e-05 0.0213543
-0.0184557 0.0334386 -0.0224412 0.042739 0.000104583 0.0290814
-0.0184557 0.0334386 -0.0221915 0.034739 0.000192714 -0.283695
0.0270459 -0.00991294 0.0253428 -0.00839457 0.000145407 -0.108194
0.0270459 -0.00991294 0.0245446 -0.01478 3.30298e-05 -0.0178996
0.0312384 -0.0136508 0.0288249 -0.011499 0.000145407 -0.124034
0.0312384 -0.0136508 0.0298551 -0.00969057 0.000258033 -0.0190432
0.0429468 -0.0240894 0.0409182 -0.0222809 0.000145407 -0.169054
0.0429468 -0.0240894 0.0446821 -0.0249673 3.11145e-05 0.00986855
0.0441792 -0.0250683 0.0456829 -0.0254736 2.22582e-05 0.00606603
0.0441792 -0.0250683 0.0446821 -0.0249673 0.000109323 0.14881
0.00765677 -0.0274958 0.00714719 -0.0263067 0.000104583 0.0191324
0.00765677 -0.0274958 0.00861096 -0.0277439 4.557e-05 0.000871449
0.0199569 -0.023707 0.0167894 -0.0298705 3.30298e-05 0.019345
0.00866106 -0.0277261 0.0199569 -0.023707 0.000270578 0.00919048
0.00866106 -0.0277261 0.0087066 -0.0277688 0.000132115 0.214956
0.00861096 -0.0277439 0.00866106 -0.0277261 0.000270578 0.121379
0.00861096 -0.0277439 0.0087066 -0.0277688 4.557e-05 0.0180073
0.00959347 -0.0320152 0.00787526 -0.0280057 0.000104583 -0.0966418
0.00959347 -0.0320152 0.012593 -0.0314127 0.000109323 0.109027
-0.00964767 -0.0105599 0.0017112 -0.0136216 2.22582e-05 0.00297076
-0.00964767 -0.0105599 0.00714719 -0.0263067 0.000132115 0.00782443
0.027312 0.0025608 0.0325092 0.000717867 0.000124626 0.122604
0.027312 0.0025608 0.0315732 0.00308933 9.25934e-05 0.0762491
0.0284573 -0.00568901 0.0256477 0.00235438 0.000258033 -0.0232602
0.0284573 -0.00568901 0.0290883 -0.00593867 0.00011376 0.111215
0.0275068 -0.0090161 0.0270459 -0.00991294 3.30298e-05 -0.00896489
0.0275068 -0.0090161 0.0297346 -0.00965597 6.46759e-05 0.0374252
0.0325395 -0.0173759 0.0312384 -0.0136508 0.000258033 0.000155276
0.0325395 -0.0173759 0.0365775 -0.0184109 2.26532e-05 0.00658579
0.0407652 -0.0229858 0.0429468 -0.0240894 3.11145e-05 0.0109118
0.0407652 -0.0229858 0.0405268 -0.0240839 7.19095e-05 -0.0420111
-0.0202296 -0.0380054 -0.0167256 -0.0367587 0.000270578 0.173785
-0.0202296 -0.0380054 -0.0166847 -0.0372934 0.000109323 0.0339552
-0.00466419 0.0368821 -0.0231368 0.0471047 9.65644e-05 -0.0530656
-0.00466419 0.0368821 -0.00126987 0.0417919 4.88291e-05 0.0445428
0.00544336 0.0312887 -0.00466419 0.0368821 9.65644e-05 -0.0450892
0.00544336 0.0312887 0.00367658 0.0374684 2.13905e-05 0.0042001
0.0179605 0.0243618 0.0175072 0.0246126 9.65644e-05 -0.0440552
0.0179605 0.0243618 0.017648 0.0252564 0.000258033 0.041568
0.015165 0.0274268 0.00367658 0.0374684 0.000161887 -0.0139347
0.015165 0.0274268 0.00203864 0.0431975 2.62861e-05 -0.000341212
0.017648 0.0252564 0.015165 0.0274268 0.000161887 -0.0140292
0.0354949 0.0146584 0.0317427 0.0167348 9.65644e-05 -0.0265359
0.0354949 0.0146584 0.0259861 0.0179684 0.000192714 -0.159166
0.0366047 0.00868707 0.0343745 0.00434743 3.30298e-05 -0.00549304
0.0366047 0.00868707 0.0259861 0.0179684 0.000161887 -0.135898
0.0381305 0.00735337 0.0363161 0.00367761 7.20998e-05 -0.0247767
0.0381305 0.00735337 0.0366047 0.00868707 0.000161887 -0.137515
0.0468369 0.00498253 0.0458809 0.000579001 7.19095e-05 -0.00419247
0.0468369 0.00498253 0.05 0.00537486 9.25934e-05 0.0822359
0.0257193 0.0182016 0.0198986 0.0232893 0.000161887 -0.0816653
0.0257193 0.0182016 0.0317427 0.0167348 0.000113901 0.0672285
0.0243782 0.0185281 0.0218346 0.0194136 0.000192714 -0.200327
0.0243782 0.0185281 0.0257193 0.0182016 0.000113901 0.0751161
0.0449531 -0.0036948 0.0443843 -0.00631477 7.19095e-05 -0.0137052
0.0449531 -0.0036948 0.05 -0.00548444 0.000124626 0.128472
-0.0125871 0.0254219 -0.0158391 0.0283212 0.000145407 -0.0937206
-0.0125871 0.0254219 -0.0113401 0.0272257 4.88291e-05 0.0190909
-0.0140892 0.0232492 -0.0163121 0.0284364 0.000104583 0.001266
-0.0140892 0.0232492 -0.0125871 0.0254219 4.88291e-05 0.0217186
-0.0174246 0.0184246 -0.0110535 0.0161654 0.000124626 0.115981
-0.0174246 0.0184246 -0.0140892 0.0232492 4.88291e-05 0.020981
0.0176116 -0.0112726 0.0245446 -0.01478 3.11145e-05 0.00718991
0.0176116 -0.0112726 0.0160235 -0.00571791 2.13905e-05 0.00341334
-0.00570439 0.000522754 -0.00397527 -0.000351996 3.11145e-05 0.00513176
-0.00570439 0.000522754 -0.00416004 7.91886e-05 6.46759e-05 0.0297051
-0.0201337 0.00782243 -0.00570439 0.000522754 3.11145e-05 0.00538825
-0.0201337 0.00782243 -0.0205842 0.0137145 7.25199e-05 0.0233015
-0.023557 0.00955423 -0.0201337 0.00782243 3.11145e-05 0.0053252
-0.023557 0.00955423 -0.0206601 0.0137445 4.88291e-05 0.0218758
0.0144284 -0.000138394 0.017402 -0.00131493 0.00011376 0.106726
0.0144284 -0.000138394 0.0141243 0.000925088 2.13905e-05 0.000689529
-0.00784293 0.00867334 0.0123094 0.00069998 0.00011376 0.101233
-0.00784293 0.00867334 -0.0110535 0.0161654 0.000104583 0.00879466
-0.0205842 0.0137145 -0.00784293 0.00867334 0.00011376 0.088945
-0.0205842 0.0137145 -0.0205938 0.0138404 7.25199e-05 0.0193425
-0.0206601 0.0137445 -0.0205842 0.0137145 0.00011376 0.0864212
-0.0206601 0.0137445 -0.0205938 0.0138404 4.88291e-05 0.0206518
0.0409182 -0.0222809 0.0407652 -0.0229858 7.19095e-05 -0.041769
0.0409182 -0.0222809 0.0365775 -0.0184109 0.000145407 -0.158279
0.0432496 -0.0115417 0.0428417 -0.0134206 7.19095e-05 -0.0195569
0.0432496 -0.0115417 0.0497351 -0.0141077 0.00011376 0.11902
0.0253428 -0.00839457 0.0275068 -0.0090161 6.46759e-05 0.0370864
0.0253428 -0.00839457 0.017402 -0.00131493 0.000145407 -0.106899
0.026667 -0.0158706 0.0267349 -0.015888 2.26532e-05 0.00724206
0.026667 -0.0158706 0.0247164 -0.0198224 7.20998e-05 -0.0672188
0.0242964 -0.0152629 0.026667 -0.0158706 2.26532e-05 0.0103332
0.0242964 -0.0152629 0.0222895 -0.0191682 3.30298e-05 -0.0281525
0.0405268 -0.0240839 0.0439864 -0.0250164 2.22582e-05 0.00661434
0.0405268 -0.0240839 0.0401368 -0.0258803 7.19095e-05 -0.0419653
0.0247164 -0.0198224 0.0405268 -0.0240839 2.22582e-05 0.00676247
0.0247164 -0.0198224 0.0217653 -0.025801 7.20998e-05 -0.0628811
0.0222895 -0.0191682 0.0247164 -0.0198224 2.22582e-05 0.0208134
0.0222895 -0.0191682 0.0207342 -0.0221945 3.30298e-05 -0.0380757
0.0169698 -0.0355163 0.0138245 -0.0418884 7.20998e-05 -0.0373279
0.0169698 -0.0355163 0.0273164 -0.0452172 0.000132115 0.134539
0.0194191 -0.0305542 0.0169698 -0.0355163 7.20998e-05 -0.0554406
0.0194191 -0.0305542 0.0234218 -0.031595 4.557e-05 0.0304618
0.0197 -0.0299852 0.0194191 -0.0305542 7.20998e-05 -0.0552592
0.0197 -0.0299852 0.0227844 -0.0293656 0.000109323 0.195602
0.0227844 -0.0293656 0.0217653 -0.025801 2.13905e-05 3.41267e-05
0.0227844 -0.0293656 0.0401368 -0.0258803 0.000109323 0.195502
0.0380694 -0.0354037 0.05 -0.0385058 4.557e-05 0.0338792
0.0380694 -0.0354037 0.0358697 -0.0455362 7.19095e-05 -0.0349752
0.0273164 -0.0452172 0.0234218 -0.031595 2.13905e-05 0.000334559
0.0273164 -0.0452172 0.0295304 -0.047293 0.000132115 0.133825
0.00794775 0.022529 0.019591 0.0196938 0.000113901 0.101898
0.00794775 0.022529 0.00740212 0.0244375 2.13905e-05 0.000595525
-0.0079627 0.0321109 -0.0224412 0.042739 4.92662e-05 -0.00961926
-0.0079627 0.0321109 -0.00466419 0.0368821 4.88291e-05 0.0287688
-0.00193877 0.027689 -0.0079627 0.0321109 4.92662e-05 -0.00934342
-0.00193877 0.027689 -0.00925826 0.030237 0.000192714 -0.268298
-0.00925826 0.030237 -0.0079627 0.0321109 4.88291e-05 0.0284905
-0.00925826 0.030237 -0.0184557 0.0334386 0.000192714 -0.270231
-0.00070239 -0.000913913 0.0160235 -0.00571791 6.46759e-05 0.0391949
-0.00070239 -0.000913913 0.0123094 0.00069998 9.25934e-05 0.102549
-0.0155158 -0.00505798 -0.00964767 -0.0105599 0.000132115 0.00815667
-0.0155158 -0.00505798 -0.000285636 -0.00896189 2.26532e-05 0.00314709
-0.0194296 -0.00138849 -0.0176886 -0.00302077 0.000132115 0.0380693
-0.0194296 -0.00138849 -0.0198871 0.00459629 7.25199e-05 0.0238462
-0.0265237 0.00526295 -0.0194296 -0.00138849 0.000132115 0.0478985
-0.0265237 0.00526295 -0.0258088 0.00629711 4.88291e-05 0.0212146
-0.00358144 -0.00127101 -0.00397527 -0.000351996 0.000104583 0.026947
-0.00358144 -0.00127101 -0.00243879 -0.00112928 9.25934e-05 0.104092
-0.0192896 -0.00321934 -0.0194296 -0.00138849 7.25199e-05 0.00593984
-0.0192896 -0.00321934 -0.0176886 -0.00302077 9.25934e-05 0.038684
-0.0231368 0.0471047 -0.0246774 0.0479573 9.65644e-05 -0.0316461
0.0175072 0.0246126 0.015165 0.0274268 2.62861e-05 0.000240373
0.0175072 0.0246126 0.00544336 0.0312887 9.65644e-05 -0.0445258
0.00740212 0.0244375 -0.00193877 0.027689 0.000192714 -0.267647
0.00740212 0.0244375 0.00544336 0.0312887 2.13905e-05 0.00165679
0.0221123 0.0190799 0.0243782 0.0185281 0.000113901 0.0746666
0.0221123 0.0190799 0.0218346 0.0194136 2.62861e-05 -0.00175972
0.0315732 0.00308933 0.0232593 0.00919225 4.92662e-05 -0.0132646
0.0315732 0.00308933 0.0338746 0.00337478 9.25934e-05 0.0751007
0.0325092 0.000717867 0.0290883 -0.00593867 3.30298e-05 -0.00736734
0.0325092 0.000717867 0.0345057 9.88431e-06 0.000124626 0.123087
0.0288249 -0.011499 0.0266737 -0.015857 7.20998e-05 -0.0698368
0.0288249 -0.011499 0.0270459 -0.00991294 0.000145407 -0.110223
0.0297981 -0.00952739 0.0297346 -0.00965597 7.20998e-05 -0.0405483
0.0297981 -0.00952739 0.0287646 -0.00656861 0.000258033 -0.0195037
0.0311641 -0.00675996 0.0297981 -0.00952739 7.20998e-05 -0.0402304
0.0311641 -0.00675996 0.0432496 -0.0115417 0.00011376 0.116075
0.0345057 9.88431e-06 0.0311641 -0.00675996 7.20998e-05 -0.0331088
0.0345057 9.88431e-06 0.0369482 -0.000856241 0.000124626 0.127504
0.0343745 0.00434743 0.0221123 0.0190799 2.62861e-05 -0.00256508
0.0343745 0.00434743 0.0338746 0.00337478 3.30298e-05 -0.00581873
0.0358009 0.00263369 0.0350615 0.00352199 2.62861e-05 -0.00327292
0.0358009 0.00263369 0.0348415 0.000690202 7.20998e-05 -0.024936
-0.0235794 0.0352221 -0.05 0.0444191 0.000192714 -0.355755
-0.0221915 0.034739 -0.0228246 0.0430204 7.25199e-05 0.0352555
-0.0221915 0.034739 -0.0235794 0.0352221 0.000192714 -0.288926
0.0245446 -0.01478 0.0242964 -0.0152629 3.30298e-05 -0.0252361
0.0245446 -0.01478 0.0266737 -0.015857 3.11145e-05 0.014978
0.0298551 -0.00969057 0.0297981 -0.00952739 0.000258033 -0.0195926
0.0298551 -0.00969057 0.0428417 -0.0134206 6.46759e-05 0.0412168
0.0456829 -0.0254736 0.05 -0.0276576 3.11145e-05 0.0109487
0.0456829 -0.0254736 0.05 -0.0266372 2.22582e-05 0.00606278
0.0446821 -0.0249673 0.0456829 -0.0254736 3.11145e-05 0.0109464
0.0446821 -0.0249673 0.05 -0.0238991 0.000109323 0.148504
0.00714719 -0.0263067 0.0017112 -0.0136216 0.000104583 0.047728
0.00714719 -0.0263067 0.00866106 -0.0277261 0.000132115 -0.0148121
0.01489 -0.0335663 0.0123643 -0.038481 3.30298e-05 -0.00713902
0.01489 -0.0335663 0.0169698 -0.0355163 0.000132115 0.144424
0.0167894 -0.0298705 0.0163886 -0.0306503 3.30298e-05 0.00179018
0.0167894 -0.0298705 0.0183068 -0.030265 4.557e-05 0.0434605
0.0087066 -0.0277688 0.012593 -0.0314127 0.000132115 0.210565
0.0087066 -0.0277688 0.0167894 -0.0298705 4.557e-05 0.0307366
0.0163886 -0.0306503 0.0183068 -0.030265 0.000109323 0.191655
0.0163886 -0.0306503 0.01489 -0.0335663 3.30298e-05 -0.0114907
0.012593 -0.0314127 0.0163886 -0.0306503 0.000109323 0.187642
0.012593 -0.0314127 0.01489 -0.0335663 0.000132115 0.145512
0.0256477 0.00235438 0.0253302 0.00326358 0.000258033 -0.0217325
0.0256477 0.00235438 0.027312 0.0025608 9.25934e-05 0.0808747
0.0290883 -0.00593867 0.0311641 -0.00675996 0.00011376 0.111562
0.0290883 -0.00593867 0.0287646 -0.00656861 3.30298e-05 -0.00856141
0.0297346 -0.00965597 0.0298551 -0.00969057 6.46759e-05 0.0390251
0.0297346 -0.00965597 0.0288249 -0.011499 7.20998e-05 -0.0419835
0.0365775 -0.0184109 0.0414853 -0.0196689 2.26532e-05 0.00545553
0.0365775 -0.0184109 0.0312384 -0.0136508 0.000145407 -0.158103
-0.00126987 0.0417919 0.000762129 0.0447311 4.88291e-05 0.000251622
0.00367658 0.0374684 0.00203864 0.0431975 2.13905e-05 -0.000155083
0.00367658 0.0374684 -0.00126987 0.0417919 0.000161887 -0.0133593
0.000762129 0.0447311 0.00135499 0.0455887 4.88291e-05 7.41272e-05
0.00203864 0.0431975 0.000762129 0.0447311 2.62861e-05 -0.000329714
0.00203864 0.0431975 0.00135499 0.0455887 2.13905e-05 -0.000169213
0.0317427 0.0167348 0.0198986 0.0232893 9.65644e-05 -0.0387236
0.0317427 0.0167348 0.0397398 0.0147875 0.000113901 0.0775611
0.0363161 0.00367761 0.0358009 0.00263369 7.20998e-05 -0.0248515
0.0363161 0.00367761 0.0415878 0.00433147 9.25934e-05 0.0749253
0.0218346 0.0194136 0.0193919 0.0202638 0.000192714 -0.200377
0.0218346 0.0194136 0.0181373 0.0238556 2.62861e-05 -0.00139213
-0.00397527 -0.000351996 -0.00243879 -0.00112928 3.11145e-05 0.00647465
-0.00397527 -0.000351996 -0.00416004 7.91886e-05 0.000104583 0.0265475
0.017402 -0.00131493 0.0284573 -0.00568901 0.00011376 0.10277
0.017402 -0.00131493 0.0147961 0.00100841 0.000145407 -0.103805
0.0141243 0.000925088 0.0138625 0.00184068 2.13905e-05 0.000878422
0.0141243 0.000925088 0.0147961 0.00100841 9.25934e-05 0.0958258
0.0123094 0.00069998 0.0144284 -0.000138394 0.00011376 0.10667
0.0123094 0.00069998 0.0141243 0.000925088 9.25934e-05 0.0958694
-0.0205938 0.0138404 -0.0210423 0.0197074 7.25199e-05 0.0189063
-0.0205938 0.0138404 -0.0174246 0.0184246 4.88291e-05 0.0212997
0.0428417 -0.0134206 0.0414853 -0.0196689 7.19095e-05 -0.0198852
0.0428417 -0.0134206 0.05 -0.0154766 6.46759e-05 0.0415819
0.0267349 -0.015888 0.0325395 -0.0173759 2.26532e-05 0.00714729
0.0267349 -0.015888 0.0331542 -0.0191354 3.11145e-05 0.011231
0.0401368 -0.0258803 0.0380694 -0.0354037 7.19095e-05 -0.0330519
0.0401368 -0.0258803 0.0440694 -0.0250904 0.000109323 0.189639
-0.0176886 -0.00302077 -0.0155158 -0.00505798 0.000132115 0.0084661
-0.0176886 -0.00302077 -0.00358144 -0.00127101 9.25934e-05 0.0809227
-0.00243879 -0.00112928 -0.00070239 -0.000913913 9.25934e-05 0.104223
-0.00243879 -0.00112928 0.0176116 -0.0112726 3.11145e-05 0.00608489
0.0338746 0.00337478 0.0350615 0.00352199 9.25934e-05 0.0749518
0.0338746 0.00337478 0.0331377 0.0019409 3.30298e-05 -0.00540125
0.0266737 -0.015857 0.026667 -0.0158706 7.20998e-05 -0.06819
0.0266737 -0.015857 0.0267349 -0.015888 3.11145e-05 0.011162
0.0350615 0.00352199 0.0343745 0.00434743 2.62861e-05 -0.00297432
0.0350615 0.00352199 0.0363161 0.00367761 9.25934e-05 0.0748671
0.0183068 -0.030265 0.0194191 -0.0305542 4.557e-05 0.0301748
0.0183068 -0.030265 0.0197 -0.0299852 0.000109323 0.197193
0.0414853 -0.0196689 0.05 -0.0218515 2.26532e-05 0.0057577
0.0414853 -0.0196689 0.0409182 -0.0222809 7.19095e-05 -0.0199804
0.0138625 0.00184068 0.0036393 0.0109552 0.000145407 -0.0969323
0.0138625 0.00184068 0.0121161 0.00794934 2.13905e-05 0.000452842
0.0147961 0.00100841 0.0138625 0.00184068 0.000145407 -0.0969949
0.0147961 0.00100841 0.0256477 0.00235438 9.25934e-05 0.0851319
