0.1	0
0.108437	0
0.117585	0
0.127505	0
0.138262	0
0.149927	0
0.162576	0
0.176291	0
0.191164	0
0.207292	0
0.224781	0
0.243744	0
0.264308	0
0.286607	0
0.310787	0
0.337006	0
0.365438	0
0.396269	0
0.4297	0
0.465953	0
0.505263	0
0.54789	2.16341e-05
0.594113	0
0.644236	0
0.698588	0
0.757525	0
0.821434	0
0.890735	0
0.965883	0
1.04737	0
1.13573	0
1.23155	0
1.33545	0
1.44812	0
1.57029	0
1.70277	0
1.84642	0
2.0022	0
2.17112	0
2.35429	0
2.55291	9.28598e-06
2.76829	0
3.00184	0
3.25509	0
3.52971	0
3.82749	3.09684e-06
4.1504	0
4.50056	0
4.88025	0
5.29198	2.23983e-06
5.73844	0
6.22257	1.90486e-06
6.74754	0
7.31681	1.61999e-06
7.9341	0
8.60346	0
9.3293	1.27053e-06
10.1164	2.34335e-06
10.9699	0
11.8953	0
12.8989	1.83785e-06
13.9871	1.69486e-06
15.1672	0
16.4468	2.16209e-06
17.8343	1.32925e-06
19.3389	1.22583e-06
20.9705	5.65229e-07
22.7397	1.04251e-06
24.6581	9.61397e-07
26.7384	8.86599e-07
28.9942	1.22643e-06
31.4404	7.54007e-07
34.0929	1.39069e-06
36.9691	6.41244e-07
40.0881	8.87031e-07
43.4701	1.09069e-06
47.1375	5.02916e-07
51.1143	1.39137e-06
55.4266	1.06926e-06
60.1028	9.86071e-07
65.1734	1.09122e-06
70.6718	1.00632e-06
76.6341	1.0827e-06
83.0994	9.98465e-07
90.1102	7.89242e-07
97.7124	1.09176e-06
105.956	8.94946e-07
114.895	9.28482e-07
124.588	1.04652e-06
135.099	1.05284e-06
146.497	1.05183e-06
158.857	1.04461e-06
172.259	9.63341e-07
186.791	1.0153e-06
202.55	1.05335e-06
219.639	9.71397e-07
238.169	9.95356e-07
258.262	1.00971e-06
280.05	9.73474e-07
303.677	1.01483e-06
329.297	9.71871e-07
357.079	1.02904e-06
387.204	9.79587e-07
419.871	1.01629e-06
455.294	9.89293e-07
493.705	9.84349e-07
535.357	1.01847e-06
580.523	1.00048e-06
629.499	1.01679e-06
682.607	9.72411e-07
740.196	1.00885e-06
802.643	1.0042e-06
870.359	9.80543e-07
943.788	1.01729e-06
1023.41	1.00763e-06
1109.75	9.93321e-07
1203.38	9.94837e-07
1304.9	9.99189e-07
1414.99	1.00522e-06
1534.37	1.00426e-06
1663.82	9.97367e-07
1804.19	9.98608e-07
1956.4	9.93618e-07
2121.45	1.00012e-06
2300.43	1.00475e-06
2494.51	9.97854e-07
2704.96	1.00348e-06
2933.17	1.00218e-06
3180.63	9.91292e-07
3448.96	1.00352e-06
3739.94	1.00151e-06
4055.46	1.00251e-06
4397.6	9.97283e-07
4768.61	9.96747e-07
5170.92	1.00401e-06
5607.17	9.99885e-07
6080.22	1.00007e-06
6593.19	9.94174e-07
7149.43	1.00304e-06
7752.6	1.00297e-06
8406.65	9.98258e-07
9115.89	1.00121e-06
9884.96	1.00005e-06
10718.9	9.9855e-07
11623.2	1.00142e-06
12603.8	9.99686e-07
13667.2	9.99095e-07
14820.2	1.00054e-06
16070.5	1.00014e-06
17426.3	9.98511e-07
18896.5	1.00049e-06
20490.7	1.00016e-06
22219.5	1.00076e-06
24094	1.00014e-06
26126.8	9.99452e-07
28331	1.00035e-06
30721.1	9.99684e-07
33312.9	9.9983e-07
36123.4	1.00014e-06
39171	1.00039e-06
42475.7	9.99859e-07
46059.2	9.99272e-07
49945.1	1.00079e-06
54158.7	9.99748e-07
58727.9	1.00028e-06
63682.5	9.99882e-07
69055.1	1.00002e-06
74881	9.99935e-07
81198.4	9.99944e-07
88048.8	1.00009e-06
95477.2	9.99873e-07
103532	1.00005e-06
112267	9.99948e-07
121738	1.00004e-06
132009	9.99905e-07
143146	1.00003e-06
155223	1.00011e-06
168318	9.99978e-07
182518	9.99978e-07
197917	1.00003e-06
214614	9.99993e-07
232720	1.00002e-06
252354	9.99996e-07
273644	9.9999e-07
296730	1e-06
321764	1e-06
348910	9.99995e-07
378346	1.00001e-06
410266	9.99986e-07
444878	1.00001e-06
482411	9.99999e-07
523110	1.00001e-06
567243	9.9998e-07
615099	1.00001e-06
666992	9.99992e-07
723263	1e-06
784282	1e-06
850449	9.99987e-07
922198	9.99998e-07
1e+06	0
