file
568
1.42E-03	1.43E-04	2.89E-03	-1.37E-03	0.000131667
2.23E-03	1.79E-03	8.33E-04	2.93E-04	0.0001302
2.23E-03	4.28E-04	3.73E-03	-6.23E-04	0.000137368
-8.93E-04	1.64E-03	-1.93E-03	3.23E-04	0.000107143
-2.18E-03	1.43E-03	-6.38E-04	9.83E-04	0.000145
-2.87E-03	1.66E-03	-1.43E-03	1.01E-03	0.000118571
8.33E-04	7.13E-04	2.02E-03	-3.23E-04	0.00012225
-2.80E-03	1.69E-03	-1.69E-03	5.78E-04	0.00012
4.28E-04	1.21E-03	1.37E-03	-7.50E-06	0.000154688
-6.68E-04	9.23E-04	-2.06E-03	2.78E-04	0.000136429
2.48E-03	6.68E-04	1.73E-03	-6.38E-04	0.000149211
-2.12E-03	9.83E-04	-6.53E-04	6.98E-04	0.000155833
-9.98E-04	1.15E-03	5.25E-05	9.75E-05	0.000111429
1.96E-03	1.15E-03	9.08E-04	9.75E-05	0.000109167
2.27E-03	1.28E-03	1.10E-03	3.98E-04	0.000136765
-1.09E-03	1.37E-03	-1.39E-03	-2.25E-05	0.000130435
1.43E-04	-4.13E-04	-8.93E-04	-1.37E-03	0.00011625
2.57E-03	2.44E-03	1.57E-03	1.48E-03	0.000110294
3.02E-03	5.78E-04	3.43E-03	-7.43E-04	0.000167368
2.66E-03	4.88E-04	3.17E-03	-7.73E-04	0.000165
-1.25E-03	6.98E-04	-1.79E-03	-5.48E-04	0.000118571
4.73E-04	-5.78E-04	1.48E-03	-1.45E-03	0.000135882
-9.98E-04	2.60E-03	-1.87E-03	1.63E-03	0.00011625
-3.64E-03	1.55E-03	-2.42E-03	1.09E-03	0.000186429
-1.01E-03	1.43E-03	2.25E-05	7.43E-04	0.000116429
2.62E-03	-9.75E-05	3.65E-03	-7.88E-04	0.0001725
8.93E-04	7.58E-04	1.84E-03	-3.75E-05	0.0001425
-3.17E-03	1.76E-03	-2.53E-03	7.13E-04	0.000160263
-1.03E-03	8.33E-04	-2.15E-03	3.68E-04	0.000137727
-2.38E-03	2.72E-03	-1.27E-03	2.23E-03	0.000115263
1.94E-03	8.78E-04	1.06E-03	5.25E-05	0.0000948
1.28E-03	5.48E-04	4.43E-04	-3.23E-04	0.000109286
-1.88E-04	3.98E-04	-1.04E-03	-4.58E-04	0.000105
-2.03E-03	1.31E-03	-1.22E-03	4.43E-04	0.000117857
7.58E-04	-1.12E-03	1.78E-03	-1.72E-03	0.000122368
-1.72E-03	1.31E-03	-7.73E-04	6.38E-04	0.000138
-2.32E-03	-6.83E-04	-2.77E-03	-1.75E-03	0.000132273
7.73E-04	-9.53E-04	1.67E-03	-1.67E-03	0.000129231
1.06E-03	-1.13E-04	2.14E-03	-4.88E-04	9.41667E-05
2.29E-03	2.36E-03	1.54E-03	1.51E-03	0.00012975
-2.20E-03	3.08E-04	-3.25E-03	-1.28E-04	8.11765E-05
1.34E-03	-8.63E-04	3.23E-04	-1.36E-03	0.000093
-8.78E-04	1.21E-03	-2.33E-04	2.78E-04	0.00009675
-2.05E-03	1.21E-03	-1.13E-03	5.48E-04	0.000121364
7.43E-04	5.18E-04	1.73E-03	-7.50E-06	0.000121429
6.68E-04	-6.98E-04	1.31E-03	-1.61E-03	0.000143182
-1.48E-03	6.53E-04	-2.47E-03	1.43E-04	0.000144375
3.58E-03	8.18E-04	2.60E-03	2.93E-04	9.39474E-05
-1.63E-03	2.63E-03	-8.78E-04	1.82E-03	0.000142059
-1.66E-03	2.48E-03	-8.78E-04	1.70E-03	0.0001425
-3.23E-04	3.68E-04	5.48E-04	-3.08E-04	0.000141429
-1.39E-03	1.70E-03	-5.18E-04	1.06E-03	0.000151765
-1.64E-03	2.48E-03	-8.78E-04	1.72E-03	0.000114
-1.93E-03	1.21E-03	-2.96E-03	8.93E-04	0.000108158
-2.93E-04	2.12E-03	-8.63E-04	1.21E-03	0.000159375
-2.03E-04	2.93E-04	-8.93E-04	-5.33E-04	0.000106364
-1.06E-03	1.69E-03	-1.43E-04	1.13E-03	0.000137
-3.05E-03	-2.00E-03	-3.73E-03	-2.83E-03	0.000130263
7.13E-04	-1.13E-03	1.63E-03	-1.67E-03	0.00012675
2.93E-03	-8.25E-05	2.12E-03	-7.58E-04	0.000120682
-1.96E-03	6.08E-04	-2.75E-03	-8.25E-05	0.000127059
7.88E-04	4.43E-04	-1.13E-04	-9.75E-05	0.000116842
2.36E-03	-7.50E-06	3.31E-03	-4.43E-04	0.000146053
-1.51E-03	2.78E-03	-7.73E-04	2.05E-03	0.000172105
1.13E-03	9.53E-04	3.98E-04	2.18E-04	0.000125455
7.88E-04	-5.93E-04	1.28E-04	-1.39E-03	0.000113478
1.49E-03	8.93E-04	2.18E-03	1.28E-04	0.000138947
1.72E-03	3.83E-04	7.13E-04	1.58E-04	0.000145
1.90E-03	-3.98E-04	2.78E-03	-9.23E-04	0.000175313
-3.37E-03	1.58E-03	-2.54E-03	9.68E-04	0.000134
-2.84E-03	1.01E-03	-1.97E-03	4.73E-04	0.000135
-2.87E-03	1.64E-03	-1.85E-03	1.61E-03	0.000118421
2.27E-03	1.25E-03	1.55E-03	5.33E-04	0.000138529
-2.32E-03	1.15E-03	-1.61E-03	4.28E-04	0.00012075
1.34E-03	-8.33E-04	3.38E-04	-8.93E-04	0.00015075
6.68E-04	-8.48E-04	1.57E-03	-1.30E-03	0.000148333
3.08E-03	1.88E-03	2.08E-03	1.85E-03	0.000108214
2.02E-03	1.81E-03	1.37E-03	1.04E-03	0.000104118
1.67E-03	4.43E-04	2.14E-03	-4.43E-04	0.000145833
-2.51E-03	1.52E-03	-1.90E-03	7.43E-04	0.000123529
3.23E-03	2.14E-03	2.45E-03	1.54E-03	0.000110294
-2.48E-03	-1.43E-03	-3.26E-03	-2.03E-03	0.000125
2.21E-03	6.68E-04	1.70E-03	-1.73E-04	0.000118571
-3.68E-04	-9.75E-05	-1.04E-03	-8.03E-04	0.000158571
-5.78E-04	2.47E-03	1.13E-04	1.78E-03	0.000128182
-2.60E-03	1.64E-03	-1.91E-03	9.53E-04	0.000116429
2.63E-03	-2.33E-04	1.75E-03	-6.38E-04	0.000133421
2.33E-03	2.36E-03	1.69E-03	1.64E-03	0.000127105
1.42E-03	8.93E-04	1.90E-03	6.75E-05	0.000147353
1.63E-03	7.13E-04	8.63E-04	1.43E-04	0.000128
8.78E-04	8.93E-04	1.75E-03	5.33E-04	0.000119167
-2.02E-03	5.63E-04	-2.72E-03	-5.25E-05	0.000113333
2.12E-03	-7.73E-04	2.90E-03	-1.28E-03	0.000115
9.38E-04	-5.78E-04	9.38E-04	-1.51E-03	0.000160714
7.88E-04	-1.73E-04	1.66E-03	-4.88E-04	0.00014
-1.61E-03	1.28E-03	-9.83E-04	6.08E-04	0.000121579
-2.02E-03	1.21E-03	-2.32E-03	3.38E-04	0.00013
-7.28E-04	1.39E-03	-1.34E-03	7.13E-04	0.000154615
1.12E-03	-8.25E-05	1.79E-03	-6.98E-04	0.000101842
-1.69E-03	5.18E-04	-2.33E-03	-1.28E-04	0.000115833
1.63E-03	3.83E-04	9.53E-04	-2.18E-04	0.00012975
2.30E-03	1.88E-03	1.60E-03	1.33E-03	0.000132143
-2.63E-04	-5.48E-04	5.03E-04	-1.01E-03	0.000152857
-1.07E-03	1.43E-04	-2.93E-04	-2.93E-04	0.000116842
2.87E-03	2.53E-03	2.03E-03	2.23E-03	0.000130385
-1.96E-03	5.93E-04	-2.62E-03	-7.50E-06	0.000119348
-1.43E-03	2.48E-03	-8.33E-04	1.82E-03	0.000084
-1.18E-03	4.88E-04	-2.03E-03	2.48E-04	0.000126429
-3.73E-03	-1.64E-03	-2.87E-03	-1.88E-03	0.000126
-1.45E-03	1.33E-03	-2.33E-03	1.28E-03	0.000104063
-1.27E-03	1.60E-03	-6.08E-04	1.01E-03	0.00012
5.18E-04	5.03E-04	-9.75E-05	-1.28E-04	0.0000975
-2.45E-03	-9.38E-04	-2.78E-03	-1.75E-03	0.000132692
-9.23E-04	-6.68E-04	-2.48E-04	-1.22E-03	0.000123
2.14E-03	-2.48E-04	1.27E-03	-3.23E-04	7.34211E-05
1.36E-03	8.93E-04	6.53E-04	3.83E-04	0.000123158
-1.10E-03	1.88E-04	-3.98E-04	-3.23E-04	0.000105938
1.31E-03	-1.28E-04	1.93E-03	-7.43E-04	0.000113864
2.35E-03	1.51E-03	1.55E-03	1.16E-03	9.64286E-05
2.05E-03	1.34E-03	1.45E-03	7.28E-04	0.000128571
5.48E-04	2.48E-04	-3.08E-04	2.33E-04	9.71739E-05
1.21E-03	3.53E-04	1.91E-03	-1.28E-04	0.000116591
1.67E-03	3.08E-04	1.10E-03	-3.23E-04	0.000114
2.23E-03	1.22E-03	1.63E-03	6.23E-04	0.000114375
-2.63E-04	-5.63E-04	-8.63E-04	-1.16E-03	0.000117955
-4.43E-04	-9.68E-04	-8.78E-04	-1.69E-03	0.0001575
3.31E-03	-1.73E-04	3.31E-03	-1.01E-03	0.000221539
3.75E-05	8.03E-04	-5.33E-04	1.88E-04	0.0000975
6.08E-04	1.40E-03	3.75E-05	7.88E-04	9.32143E-05
-1.88E-04	2.26E-03	-6.38E-04	1.55E-03	0.000129643
1.91E-03	3.68E-04	2.27E-03	-3.83E-04	0.000215
-2.59E-03	-1.04E-03	-2.48E-03	-1.87E-03	0.000141923
3.04E-03	5.78E-04	2.75E-03	-2.03E-04	0.000158684
1.58E-03	-5.78E-04	2.38E-03	-8.18E-04	0.000135714
2.27E-03	1.28E-04	2.86E-03	-4.58E-04	0.000163929
-2.20E-03	6.23E-04	-1.49E-03	2.03E-04	0.00014475
-3.10E-03	-2.23E-03	-3.73E-03	-2.75E-03	0.000123
-1.13E-03	5.33E-04	-1.70E-03	-5.25E-05	0.00016425
1.66E-03	-1.24E-03	8.78E-04	-1.48E-03	0.00007875
-1.49E-03	2.41E-03	-7.58E-04	2.06E-03	0.000123214
-1.60E-03	-2.03E-04	-2.11E-03	-8.33E-04	0.00009375
-1.67E-03	3.68E-04	-2.30E-03	-1.43E-04	0.000132692
2.41E-03	4.58E-04	3.16E-03	1.58E-04	0.000116842
-7.50E-06	2.03E-04	6.83E-04	-2.18E-04	0.000115909
-2.93E-04	-2.25E-05	-8.93E-04	-5.63E-04	0.00013275
-1.21E-03	2.92E-03	-1.78E-03	2.35E-03	9.83333E-05
8.78E-04	-1.04E-03	1.58E-03	-1.43E-03	0.000114474
-1.60E-03	-1.88E-04	-2.32E-03	-5.48E-04	0.000124412
4.73E-04	-1.13E-03	1.15E-03	-1.57E-03	9.1579E-05
1.85E-03	-1.03E-03	1.09E-03	-1.27E-03	0.00009
8.93E-04	1.39E-03	1.66E-03	1.15E-03	0.000165938
2.02E-03	1.18E-03	1.36E-03	7.28E-04	0.0001225
8.18E-04	5.03E-04	1.52E-03	1.28E-04	0.00011625
-1.88E-04	3.83E-04	-7.13E-04	-2.18E-04	0.000102
-1.34E-03	2.44E-03	-8.18E-04	1.84E-03	0.000130263
-3.73E-03	2.11E-03	-3.10E-03	1.63E-03	0.000163929
1.58E-03	1.15E-03	2.30E-03	8.18E-04	0.000102143
1.04E-03	2.18E-04	3.83E-04	-2.18E-04	0.000141136
-2.93E-04	7.50E-06	-8.93E-04	-5.03E-04	0.000128438
1.13E-03	1.30E-03	1.78E-03	8.48E-04	0.000143684
-2.38E-03	1.82E-03	-1.82E-03	1.27E-03	0.000114474
-2.11E-03	2.66E-03	-1.48E-03	2.20E-03	0.0001125
-1.03E-03	1.58E-04	-1.76E-03	-1.13E-04	0.000088125
1.19E-03	4.73E-04	1.25E-03	-3.08E-04	0.00015
-2.68E-03	-1.78E-03	-3.29E-03	-2.26E-03	0.0001025
-4.88E-04	2.86E-03	-8.48E-04	2.17E-03	0.00012
-1.82E-03	2.41E-03	-1.18E-03	1.97E-03	0.000152046
2.17E-03	2.63E-04	1.40E-03	1.28E-04	0.000105
2.24E-03	1.87E-03	1.67E-03	1.34E-03	0.000124773
-7.13E-04	2.93E-03	-1.24E-03	2.36E-03	0.000110833
2.09E-03	3.98E-04	1.69E-03	-2.63E-04	0.000103333
4.43E-04	4.88E-04	-9.75E-05	-6.75E-05	0.000115556
-1.01E-03	7.50E-06	-3.38E-04	-3.68E-04	0.000113
-2.18E-04	2.18E-04	-8.03E-04	-2.78E-04	0.0001
3.70E-03	-1.58E-04	2.99E-03	-4.58E-04	0.000102955
-2.15E-03	3.53E-04	-1.61E-03	-1.88E-04	0.0001455
-1.06E-03	6.53E-04	-1.60E-03	1.13E-04	0.00009975
1.42E-03	2.03E-03	8.78E-04	1.49E-03	0.000121579
2.09E-03	-5.33E-04	2.74E-03	-9.38E-04	0.000170833
3.23E-04	6.53E-04	-2.25E-05	-2.25E-05	0.000141429
-6.23E-04	2.57E-03	-9.68E-04	1.90E-03	0.000113571
1.75E-03	-1.58E-04	9.98E-04	-2.48E-04	0.000132353
-3.14E-03	-1.76E-03	-3.41E-03	-2.47E-03	0.00015975
1.51E-03	6.08E-04	8.63E-04	2.18E-04	0.00010875
-1.64E-03	-7.50E-06	-1.61E-03	-7.58E-04	0.000111818
-8.03E-04	1.55E-03	-1.39E-03	1.09E-03	0.000100714
-3.08E-04	2.93E-03	-6.83E-04	2.29E-03	0.0001525
-3.07E-03	-1.78E-03	-3.31E-03	-2.48E-03	0.000130588
-3.19E-03	1.31E-03	-2.48E-03	1.07E-03	0.000133
9.83E-04	1.16E-03	4.43E-04	6.53E-04	0.000110217
-8.03E-04	7.13E-04	-2.78E-04	1.88E-04	0.000151875
2.12E-03	1.61E-03	1.60E-03	1.09E-03	0.0001125
3.29E-03	2.25E-05	2.56E-03	-8.25E-05	0.000156522
4.88E-04	-3.68E-04	-2.48E-04	-4.73E-04	0.00012375
3.44E-03	7.28E-04	2.92E-03	2.03E-04	0.00009675
6.53E-04	9.98E-04	-6.75E-05	8.18E-04	8.53125E-05
2.14E-03	1.91E-03	1.42E-03	1.73E-03	0.00009
2.25E-05	2.18E-04	4.58E-04	-3.83E-04	0.00012
-5.25E-05	1.73E-04	6.38E-04	-9.75E-05	0.00011775
-1.54E-03	2.63E-03	-1.18E-03	1.99E-03	0.000181765
6.68E-04	4.28E-04	1.36E-03	1.73E-04	0.000137143
-1.12E-03	9.23E-04	-1.67E-03	4.43E-04	0.00012079
-8.48E-04	9.83E-04	-3.68E-04	4.28E-04	0.0001065
-1.67E-03	-2.48E-04	-2.35E-03	-5.33E-04	0.000142
-2.41E-03	1.73E-03	-1.90E-03	1.21E-03	9.57143E-05
-1.39E-03	1.48E-03	-1.70E-03	8.18E-04	0.000146539
1.34E-03	1.09E-03	2.00E-03	7.73E-04	0.000129
5.18E-04	1.33E-03	1.13E-03	9.38E-04	0.000190385
2.02E-03	1.19E-03	1.40E-03	8.03E-04	0.000123158
1.97E-03	4.58E-04	2.69E-03	3.53E-04	0.0001325
1.34E-03	1.13E-03	2.05E-03	9.53E-04	0.000132632
-2.02E-03	1.40E-03	-1.75E-03	7.28E-04	0.000128182
3.47E-03	-2.33E-04	2.78E-03	-4.58E-04	0.000136957
-3.07E-03	1.10E-03	-2.44E-03	7.43E-04	0.0001875
-1.99E-03	3.68E-04	-2.69E-03	2.03E-04	0.00012375
1.15E-03	1.36E-03	5.93E-04	8.93E-04	0.000115227
1.19E-03	2.93E-04	6.38E-04	-1.73E-04	0.000128438
-3.98E-04	-4.13E-04	2.03E-04	-8.18E-04	0.000102391
-2.17E-03	1.33E-03	-1.69E-03	7.88E-04	0.000104118
1.13E-03	4.58E-04	6.53E-04	-8.25E-05	0.000107368
-3.83E-04	-8.78E-04	-9.08E-04	-1.37E-03	0.000155294
2.18E-04	3.38E-04	7.28E-04	-1.73E-04	0.000114167
-2.92E-03	1.40E-03	-2.30E-03	1.03E-03	0.00015375
2.72E-03	-5.18E-04	3.35E-03	-8.63E-04	0.000116842
2.51E-03	4.43E-04	3.08E-03	7.50E-06	0.000121579
2.86E-03	4.73E-04	3.56E-03	3.53E-04	0.000103125
9.98E-04	1.49E-03	5.48E-04	9.38E-04	0.000126563
1.58E-04	3.53E-04	5.18E-04	-2.63E-04	0.000167857
2.15E-03	7.50E-06	1.48E-03	-2.18E-04	0.000131087
1.88E-04	-1.43E-04	-3.38E-04	-6.23E-04	0.000125455
-3.53E-04	-9.23E-04	-8.78E-04	-1.40E-03	0.00018
1.51E-03	-3.23E-04	2.14E-03	-6.53E-04	9.85714E-05
5.48E-04	-1.15E-03	1.06E-03	-1.64E-03	0.000099375
1.39E-03	1.28E-04	2.09E-03	3.75E-05	0.000123
2.12E-03	1.58E-03	1.61E-03	1.09E-03	0.000133696
-3.17E-03	1.63E-03	-2.48E-03	1.46E-03	0.000133333
1.04E-03	4.73E-04	6.23E-04	-9.75E-05	0.000113864
-2.11E-03	1.06E-03	-2.80E-03	9.08E-04	0.00014413
3.40E-03	1.21E-03	3.37E-03	5.03E-04	0.00013875
-1.33E-03	3.68E-04	-2.02E-03	2.33E-04	0.000155526
3.05E-03	5.78E-04	3.73E-03	3.83E-04	0.000111177
3.71E-03	3.68E-04	3.04E-03	1.73E-04	0.000136579
-1.04E-03	2.83E-03	-5.48E-04	2.33E-03	0.00011625
-1.40E-03	1.69E-03	-8.03E-04	1.33E-03	0.00016125
-3.98E-04	-4.43E-04	2.03E-04	-8.03E-04	0.000099
2.72E-03	2.93E-04	2.62E-03	-3.98E-04	0.000135625
6.83E-04	-8.33E-04	1.24E-03	-1.25E-03	0.000148
9.38E-04	5.63E-04	3.83E-04	1.43E-04	0.000109412
2.63E-04	1.01E-03	9.38E-04	8.48E-04	0.00013575
7.58E-04	-5.93E-04	3.23E-04	-1.13E-03	0.000159375
9.98E-04	-1.21E-03	1.54E-03	-1.64E-03	0.00011175
-1.82E-03	2.63E-04	-2.36E-03	-1.73E-04	8.65385E-05
-1.64E-03	1.27E-03	-1.70E-03	5.78E-04	0.000171563
-2.05E-03	-1.04E-03	-2.65E-03	-1.39E-03	0.00012
-1.76E-03	1.15E-03	-2.44E-03	9.98E-04	0.0001575
-1.10E-03	2.71E-03	-1.07E-03	2.02E-03	0.000215
8.48E-04	-9.75E-05	2.78E-04	-4.88E-04	0.0001245
-2.39E-03	1.79E-03	-2.03E-03	1.21E-03	9.27273E-05
3.23E-03	2.11E-03	2.63E-03	1.78E-03	0.000073125
-3.65E-03	1.31E-03	-3.04E-03	1.01E-03	0.000144546
-2.78E-03	-1.88E-03	-3.20E-03	-2.42E-03	7.33333E-05
2.23E-03	1.87E-03	1.69E-03	1.45E-03	0.0001475
1.42E-03	-1.43E-04	1.94E-03	-5.78E-04	9.94737E-05
-5.48E-04	7.13E-04	-1.21E-03	5.48E-04	7.40625E-05
-4.73E-04	-5.25E-05	-1.06E-03	-3.98E-04	0.000112
-1.61E-03	-3.83E-04	-2.09E-03	-8.63E-04	0.0001125
-1.49E-03	1.40E-03	-9.38E-04	1.01E-03	0.000169375
-2.23E-03	8.63E-04	-1.67E-03	4.73E-04	0.000139286
-1.46E-03	9.53E-04	-2.12E-03	8.03E-04	0.0001275
2.26E-03	1.31E-03	1.58E-03	1.28E-03	0.000136364
2.90E-03	-2.33E-04	3.44E-03	-6.38E-04	0.000161842
1.70E-03	-1.13E-03	1.06E-03	-1.33E-03	0.000106667
2.78E-04	1.06E-03	8.03E-04	6.38E-04	0.000132632
1.70E-03	5.33E-04	1.09E-03	2.63E-04	9.64286E-05
1.93E-03	3.53E-04	2.59E-03	2.33E-04	0.000131429
6.08E-04	-7.88E-04	1.27E-03	-9.08E-04	0.000149286
1.70E-03	1.63E-03	1.06E-03	1.45E-03	0.000146471
-3.14E-03	1.78E-03	-2.92E-03	1.15E-03	0.000115263
4.58E-04	9.83E-04	-2.03E-04	8.78E-04	8.03571E-05
7.58E-04	1.73E-04	1.22E-03	-3.08E-04	0.000147391
-1.31E-03	6.53E-04	-1.93E-03	3.98E-04	0.000127857
-1.57E-03	1.06E-03	-1.04E-03	6.53E-04	0.0001365
-1.13E-04	1.58E-04	-7.73E-04	1.13E-04	0.000099
-6.75E-05	9.08E-04	-5.78E-04	4.88E-04	0.0001095
3.67E-03	2.18E-03	3.05E-03	1.94E-03	0.000104118
5.18E-04	8.03E-04	1.16E-03	6.68E-04	0.0001475
2.29E-03	-6.23E-04	2.62E-03	-1.19E-03	0.000136071
-1.21E-03	1.33E-03	-6.38E-04	9.98E-04	0.0001275
-2.24E-03	2.90E-03	-1.78E-03	2.44E-03	0.000129167
8.48E-04	6.53E-04	3.83E-04	1.88E-04	0.000117273
-2.50E-03	1.72E-03	-1.91E-03	1.42E-03	0.00016875
-1.15E-03	2.36E-03	-8.48E-04	1.78E-03	0.000171
-2.56E-03	-6.53E-04	-1.93E-03	-8.33E-04	0.000145
-1.07E-03	2.48E-04	-4.43E-04	6.75E-05	8.90625E-05
-3.71E-03	1.94E-03	-3.10E-03	1.72E-03	0.00013575
-3.01E-03	-2.57E-03	-3.62E-03	-2.80E-03	0.00014175
-1.51E-03	2.81E-03	-9.08E-04	2.56E-03	0.000150938
-3.38E-04	1.16E-03	-9.83E-04	1.07E-03	0.000135
2.05E-03	1.45E-03	1.54E-03	1.04E-03	0.000121579
3.62E-03	2.12E-03	3.05E-03	1.81E-03	0.000115833
5.18E-04	8.18E-04	1.06E-03	4.58E-04	0.00008925
-9.83E-04	8.25E-05	-1.63E-03	2.25E-05	9.91667E-05
-1.58E-03	5.25E-05	-2.03E-03	-4.13E-04	9.69231E-05
-1.09E-03	1.28E-04	-6.23E-04	-3.23E-04	0.000091875
-2.59E-03	-1.82E-03	-3.19E-03	-2.06E-03	8.92857E-05
-1.28E-03	2.03E-03	-6.83E-04	1.79E-03	0.00017375
8.78E-04	-1.07E-03	1.40E-03	-1.45E-03	9.63158E-05
-1.45E-03	2.33E-03	-8.18E-04	2.20E-03	0.000155
-9.53E-04	2.02E-03	-8.18E-04	1.39E-03	0.000116053
-1.09E-03	2.02E-03	-5.18E-04	1.72E-03	0.000147692
-2.87E-03	1.49E-03	-2.57E-03	9.23E-04	0.00014325
2.77E-03	2.03E-04	3.34E-03	-9.75E-05	0.000154688
1.34E-03	1.18E-03	8.33E-04	7.88E-04	0.000159546
3.40E-03	2.09E-03	2.86E-03	1.75E-03	0.00010625
-2.41E-03	1.78E-03	-2.51E-03	1.15E-03	0.000134118
2.51E-03	1.88E-04	3.14E-03	8.25E-05	0.000132273
-1.85E-03	2.45E-03	-1.27E-03	2.20E-03	0.000093
-2.36E-03	5.48E-04	-1.78E-03	2.93E-04	0.000183333
9.98E-04	1.19E-03	5.18E-04	7.73E-04	0.00011625
5.63E-04	-6.23E-04	1.04E-03	-1.04E-03	0.000204
-1.19E-03	1.34E-03	-7.13E-04	9.23E-04	0.000114783
2.03E-03	1.60E-03	1.60E-03	1.13E-03	0.0001365
1.06E-03	2.03E-04	6.23E-04	-2.63E-04	0.000126177
-2.00E-03	-3.83E-04	-2.53E-03	-7.43E-04	0.00021
-3.02E-03	-2.48E-03	-3.47E-03	-2.93E-03	0.000151579
-3.04E-03	-2.47E-03	-3.49E-03	-2.92E-03	0.000155625
3.04E-03	-2.33E-04	2.41E-03	-3.23E-04	0.000100313
1.16E-03	-1.07E-03	5.33E-04	-1.15E-03	0.0001125
-2.12E-03	8.48E-04	-2.75E-03	7.73E-04	0.000147353
1.27E-03	-2.78E-04	1.90E-03	-3.38E-04	9.07895E-05
-1.12E-03	2.25E-05	-1.75E-03	-3.75E-05	0.000102
-1.43E-03	8.33E-04	-1.48E-03	2.03E-04	0.000154737
-2.74E-03	-1.67E-03	-3.34E-03	-1.87E-03	0.000163846
1.34E-03	1.37E-03	7.28E-04	1.25E-03	0.000126
-2.99E-03	-1.36E-03	-2.39E-03	-1.54E-03	0.000158824
2.78E-03	-8.48E-04	3.38E-03	-1.03E-03	0.000125625
-1.78E-03	2.11E-03	-1.33E-03	1.67E-03	0.00007125
3.17E-03	2.02E-03	2.63E-03	1.70E-03	0.000075
-1.28E-04	8.18E-04	-6.68E-04	5.03E-04	0.000115313
8.48E-04	1.40E-03	1.36E-03	1.04E-03	0.000196
-5.63E-04	3.38E-04	-1.07E-03	-2.25E-05	0.000135882
1.97E-03	1.88E-03	1.61E-03	1.37E-03	0.000122143
2.41E-03	-9.98E-04	2.96E-03	-1.28E-03	0.000121579
-1.73E-04	2.63E-04	-6.68E-04	-1.13E-04	7.94118E-05
1.85E-03	-6.23E-04	1.52E-03	-1.15E-03	0.000189375
-1.67E-03	-4.13E-04	-2.06E-03	-8.93E-04	0.000126667
1.40E-03	5.25E-05	9.23E-04	-3.38E-04	0.00009525
-2.11E-03	1.36E-03	-1.72E-03	8.78E-04	0.00009675
-8.33E-04	1.60E-03	-1.45E-03	1.54E-03	0.00018
-6.68E-04	-9.08E-04	-1.28E-04	-1.21E-03	0.000099375
1.33E-03	1.28E-03	8.63E-04	8.78E-04	0.0001035
1.10E-03	-9.75E-05	1.57E-03	-5.03E-04	0.000084375
-5.93E-04	1.55E-03	-1.18E-03	1.36E-03	0.00011325
1.91E-03	3.83E-04	2.42E-03	3.75E-05	0.0001575
5.78E-04	1.75E-03	1.03E-03	1.33E-03	0.000149286
-3.07E-03	-2.00E-03	-3.59E-03	-2.32E-03	0.00010875
-2.21E-03	8.63E-04	-1.69E-03	5.48E-04	0.000161739
-2.27E-03	1.33E-03	-1.78E-03	9.68E-04	0.00011925
-3.14E-03	1.67E-03	-2.65E-03	1.31E-03	0.000166765
2.83E-03	-5.63E-04	3.41E-03	-7.43E-04	0.000165
1.90E-03	-1.73E-04	1.31E-03	-3.53E-04	0.00011
-1.61E-03	1.30E-03	-1.12E-03	9.38E-04	9.42857E-05
-2.66E-03	-1.76E-03	-3.26E-03	-1.88E-03	0.000183
-2.30E-03	2.74E-03	-1.76E-03	2.45E-03	0.000147955
-3.23E-03	1.48E-03	-2.63E-03	1.37E-03	0.000145
-3.16E-03	1.58E-03	-2.65E-03	1.25E-03	0.0001425
-3.41E-03	-2.38E-03	-3.65E-03	-2.93E-03	0.00015375
2.93E-03	1.82E-03	2.41E-03	1.52E-03	0.000128
-2.39E-03	1.82E-03	-1.90E-03	1.48E-03	0.000115
-3.70E-03	-1.85E-03	-3.10E-03	-1.91E-03	0.00012625
1.67E-03	1.13E-03	1.69E-03	5.33E-04	0.000141177
-4.13E-04	1.09E-03	-1.28E-04	5.63E-04	0.000234546
2.93E-04	2.93E-04	-1.73E-04	-8.25E-05	0.000114
-6.38E-04	2.53E-03	-2.63E-04	2.06E-03	0.000107727
-3.71E-03	1.81E-03	-3.13E-03	1.69E-03	0.000118044
-1.01E-03	2.86E-03	-5.18E-04	2.53E-03	0.000142105
-1.75E-03	1.25E-03	-1.25E-03	9.23E-04	0.000106957
-1.79E-03	6.53E-04	-1.30E-03	3.23E-04	9.46875E-05
1.18E-03	7.50E-06	8.78E-04	-5.03E-04	0.000107143
-1.81E-03	2.11E-03	-1.33E-03	1.76E-03	0.000122143
1.66E-03	5.03E-04	1.93E-03	-2.25E-05	0.00018375
-2.27E-03	8.03E-04	-1.72E-03	6.08E-04	0.00015075
-2.72E-03	-1.69E-03	-3.19E-03	-2.05E-03	0.000122143
-2.93E-03	1.40E-03	-2.44E-03	1.09E-03	0.000155833
-2.11E-03	6.53E-04	-1.61E-03	3.38E-04	0.000144474
-7.88E-04	6.98E-04	-2.18E-04	5.63E-04	0.000127174
1.97E-03	1.90E-03	1.52E-03	1.52E-03	0.00012525
2.54E-03	2.93E-04	1.96E-03	2.93E-04	0.000121667
-3.04E-03	-2.63E-03	-3.58E-03	-2.86E-03	0.000110526
6.83E-04	1.67E-03	3.98E-04	1.16E-03	0.000126429
-8.33E-04	7.43E-04	-1.36E-03	4.88E-04	0.00009
2.89E-03	4.88E-04	2.33E-03	3.08E-04	0.00014175
7.58E-04	-1.73E-04	2.78E-04	-5.03E-04	0.00012375
-2.03E-04	4.13E-04	-7.43E-04	2.03E-04	0.000152368
-1.40E-03	1.16E-03	-1.87E-03	8.18E-04	0.00009225
-3.67E-03	1.87E-03	-3.11E-03	1.70E-03	0.000105833
1.85E-03	1.42E-03	1.39E-03	1.07E-03	0.000103421
-1.82E-03	2.57E-03	-1.48E-03	2.11E-03	0.000110625
2.09E-03	1.03E-03	1.60E-03	7.28E-04	0.00011
-5.48E-04	-6.68E-04	-8.48E-04	-1.16E-03	0.000173125
5.25E-05	-2.25E-05	5.48E-04	-3.23E-04	0.000132
-2.62E-03	1.72E-03	-2.11E-03	1.45E-03	8.57143E-05
-2.90E-03	-2.02E-03	-3.26E-03	-2.47E-03	0.000105
-2.25E-05	-3.98E-04	-4.73E-04	-7.58E-04	0.000117
-2.36E-03	1.22E-03	-1.82E-03	1.03E-03	0.00010125
-2.09E-03	-3.75E-05	-2.63E-03	-2.33E-04	0.000146842
2.12E-03	1.54E-03	1.55E-03	1.48E-03	0.000215833
-1.87E-03	1.54E-03	-2.42E-03	1.40E-03	0.000150682
2.00E-03	7.43E-04	1.48E-03	5.18E-04	0.000114643
1.15E-03	2.33E-04	6.38E-04	-2.25E-05	0.000157059
3.08E-04	6.53E-04	-2.25E-05	1.88E-04	0.000164063
-1.13E-04	-6.83E-04	-5.78E-04	-1.01E-03	8.57143E-05
2.90E-03	1.58E-04	2.36E-03	-2.25E-05	9.52174E-05
2.27E-03	1.27E-03	1.82E-03	9.23E-04	0.00015
9.38E-04	1.24E-03	1.48E-03	1.07E-03	0.000194118
-2.39E-03	-1.60E-03	-2.90E-03	-1.84E-03	0.000158864
-8.93E-04	-3.75E-05	-3.38E-04	-1.28E-04	0.00011925
-2.93E-03	-2.69E-03	-3.49E-03	-2.77E-03	0.000128182
6.75E-05	-8.25E-05	5.93E-04	-2.78E-04	0.000120652
3.47E-03	2.02E-03	2.95E-03	1.82E-03	0.00011775
3.75E-05	2.63E-04	5.18E-04	-2.25E-05	0.000112105
-2.93E-04	-7.50E-06	-7.43E-04	-3.38E-04	0.00009975
1.54E-03	5.33E-04	1.21E-03	8.25E-05	0.000114286
-2.59E-03	1.64E-03	-2.14E-03	1.31E-03	9.09375E-05
-1.54E-03	3.08E-04	-1.09E-03	-2.25E-05	0.000121875
3.10E-03	-1.73E-04	3.61E-03	-3.98E-04	0.000141316
-1.24E-03	4.43E-04	-1.78E-03	3.08E-04	0.0001725
1.10E-03	8.33E-04	1.64E-03	6.98E-04	0.000159706
-5.63E-04	2.87E-03	-6.98E-04	2.33E-03	0.000140526
-4.13E-04	5.78E-04	1.43E-04	5.48E-04	0.0001575
-2.75E-03	7.58E-04	-2.20E-03	7.43E-04	0.000148235
-1.04E-03	2.69E-03	-1.60E-03	2.68E-03	0.000133696
-2.90E-03	1.25E-03	-3.46E-03	1.25E-03	0.0001605
1.06E-03	9.08E-04	5.33E-04	7.28E-04	0.000139286
-2.33E-03	8.18E-04	-1.87E-03	5.18E-04	0.00013425
-2.54E-03	2.87E-03	-2.08E-03	2.57E-03	0.00015
2.14E-03	2.33E-04	1.60E-03	1.13E-04	0.0000828
-2.93E-04	3.53E-04	-8.03E-04	1.43E-04	0.00016425
-1.69E-03	3.53E-04	-1.21E-03	8.25E-05	0.000107308
1.30E-03	1.60E-03	8.48E-04	1.28E-03	0.00015625
2.75E-03	1.63E-03	2.23E-03	1.48E-03	0.000145588
1.27E-03	-1.04E-03	1.07E-03	-1.55E-03	0.000136579
-3.16E-03	1.33E-03	-2.69E-03	1.04E-03	0.000129
4.43E-04	6.68E-04	9.83E-04	5.93E-04	0.000103421
3.35E-03	4.13E-04	2.86E-03	1.88E-04	0.000105
-1.55E-03	2.69E-03	-1.06E-03	2.47E-03	0.000154286
3.23E-04	1.73E-04	-1.58E-04	-8.25E-05	0.000129
-1.28E-03	9.83E-04	-1.76E-03	7.28E-04	0.000154091
-1.15E-03	5.18E-04	-1.67E-03	3.83E-04	0.00012
2.60E-03	3.38E-04	2.09E-03	1.58E-04	0.000117632
-1.51E-03	-1.13E-04	-1.81E-03	-5.63E-04	0.000135
-2.39E-03	1.81E-03	-1.88E-03	1.63E-03	0.000115714
-3.17E-03	1.40E-03	-2.66E-03	1.22E-03	0.000153
-3.08E-03	1.73E-03	-3.62E-03	1.72E-03	0.000138158
2.87E-03	6.75E-05	3.41E-03	6.75E-05	0.000158571
1.16E-03	-1.34E-03	6.53E-04	-1.51E-03	0.00010625
1.15E-03	-6.08E-04	6.38E-04	-7.58E-04	0.000167727
8.78E-04	-7.50E-06	3.68E-04	-1.58E-04	0.000138214
-2.77E-03	-1.94E-03	-3.23E-03	-2.20E-03	0.000105
2.03E-03	-7.73E-04	2.56E-03	-8.48E-04	0.00011
-2.24E-03	-5.93E-04	-2.72E-03	-8.18E-04	0.000165
1.37E-03	7.28E-04	8.48E-04	6.83E-04	0.000145263
-1.25E-03	1.09E-03	-1.07E-03	5.93E-04	0.000138
-6.75E-05	-2.25E-05	4.28E-04	-2.03E-04	0.000114286
3.73E-03	3.08E-04	3.20E-03	2.93E-04	0.000113571
9.75E-05	6.38E-04	-4.28E-04	6.38E-04	0.000129
-2.35E-03	1.73E-03	-1.90E-03	1.46E-03	0.000118696
-1.33E-03	9.75E-05	-1.78E-03	-1.73E-04	7.40625E-05
3.35E-03	-6.68E-04	2.84E-03	-7.88E-04	8.46429E-05
3.01E-03	-8.25E-05	2.53E-03	-2.93E-04	0.00008
2.84E-03	-3.38E-04	3.34E-03	-5.03E-04	0.000212857
-3.17E-03	-1.76E-03	-3.67E-03	-1.93E-03	0.000128438
1.66E-03	7.73E-04	2.14E-03	5.78E-04	0.00011625
2.84E-03	-3.53E-04	3.32E-03	-5.48E-04	0.000211875
-1.81E-03	2.08E-03	-1.33E-03	1.88E-03	0.000235588
-2.35E-03	1.04E-03	-2.86E-03	9.53E-04	0.000148421
-1.78E-03	7.88E-04	-2.29E-03	6.98E-04	0.0001695
1.82E-03	-1.12E-03	1.31E-03	-1.21E-03	7.32353E-05
2.80E-03	-8.33E-04	3.25E-03	-1.09E-03	0.000108158
2.02E-03	1.69E-03	1.52E-03	1.54E-03	0.00018975
-3.64E-03	1.84E-03	-3.19E-03	1.58E-03	0.0000918
-4.28E-04	-8.48E-04	-8.78E-04	-1.10E-03	0.00012
4.58E-04	-5.25E-05	-7.50E-06	-2.78E-04	0.000146875
1.90E-03	2.48E-04	2.41E-03	1.73E-04	0.000137647
-2.18E-04	2.69E-03	-7.28E-04	2.63E-03	0.000204167
-1.10E-03	-7.50E-06	-5.93E-04	-6.75E-05	0.000134063
-8.48E-04	2.35E-03	-3.53E-04	2.21E-03	0.000129474
2.17E-03	1.84E-03	1.66E-03	1.81E-03	8.18182E-05
8.93E-04	-1.18E-03	3.83E-04	-1.21E-03	0.0000825
-7.28E-04	1.27E-03	-6.98E-04	7.58E-04	0.000137727
-2.27E-03	2.87E-03	-1.76E-03	2.84E-03	0.000161667
-1.57E-03	8.48E-04	-1.06E-03	8.33E-04	0.000135938
3.70E-03	7.50E-06	3.23E-03	-2.03E-04	0.000141429
-1.37E-03	2.74E-03	-8.63E-04	2.72E-03	0.000154412
5.78E-04	4.28E-04	1.28E-04	1.88E-04	0.000118333
-7.50E-06	-3.53E-04	-4.58E-04	-5.93E-04	0.000127105
7.58E-04	1.28E-03	5.18E-04	8.33E-04	0.000115588
-2.06E-03	-1.13E-03	-2.56E-03	-1.25E-03	0.000154
1.30E-03	6.75E-05	1.79E-03	-5.25E-05	0.0000975
-2.35E-03	1.69E-03	-1.88E-03	1.49E-03	0.00011925
-1.75E-03	8.03E-04	-2.21E-03	6.08E-04	0.000171
1.16E-03	1.43E-04	7.13E-04	-8.25E-05	0.000170625
4.88E-04	3.68E-04	-7.50E-06	2.78E-04	0.000124565
-2.48E-03	-1.49E-03	-2.93E-03	-1.72E-03	0.000145
-2.48E-03	-1.48E-03	-2.93E-03	-1.70E-03	0.000111136
3.22E-03	6.08E-04	3.70E-03	4.58E-04	0.000135
-2.62E-03	1.10E-03	-3.11E-03	1.03E-03	0.000129546
-2.68E-03	1.18E-03	-3.17E-03	1.10E-03	0.000137046
1.63E-03	6.68E-04	2.11E-03	5.33E-04	0.000110714
2.24E-03	1.39E-03	1.75E-03	1.33E-03	0.000123
-5.03E-04	2.78E-03	-6.83E-04	2.32E-03	0.00012
-6.08E-04	1.10E-03	-1.10E-03	1.04E-03	0.0001455
1.57E-03	5.48E-04	2.06E-03	5.03E-04	0.000169286
1.84E-03	8.03E-04	1.34E-03	7.58E-04	0.000114474
3.26E-03	-5.48E-04	3.71E-03	-7.58E-04	0.000123158
-3.22E-03	-2.72E-03	-3.67E-03	-2.93E-03	0.000126
9.98E-04	1.43E-03	1.45E-03	1.22E-03	0.000219546
2.00E-03	1.81E-03	2.50E-03	1.78E-03	0.000136154
1.36E-03	1.42E-03	8.63E-04	1.40E-03	0.000183125
-1.55E-03	2.63E-03	-1.43E-03	2.15E-03	0.000131842
-3.53E-04	-1.04E-03	-8.33E-04	-1.16E-03	0.000177857
-3.10E-03	1.55E-03	-2.63E-03	1.39E-03	0.000162632
3.08E-04	9.38E-04	7.73E-04	7.73E-04	0.000173333
2.17E-03	-4.28E-04	1.70E-03	-5.93E-04	0.00011
-2.75E-03	1.15E-03	-2.27E-03	1.04E-03	0.000161
1.69E-03	2.78E-04	2.14E-03	8.25E-05	0.0001725
2.41E-03	2.48E-04	2.87E-03	9.75E-05	0.000181429
-2.89E-03	1.15E-03	-2.71E-03	6.98E-04	0.000133636
-1.54E-03	2.23E-03	-1.72E-03	1.78E-03	0.000101667
-4.88E-04	2.72E-03	-6.68E-04	2.27E-03	0.000164
3.71E-03	6.75E-05	3.26E-03	-1.13E-04	0.000120625
-4.88E-04	2.84E-03	-6.68E-04	2.39E-03	0.00010125
-5.63E-04	1.12E-03	-9.75E-05	9.83E-04	0.000130833
-2.74E-03	1.45E-03	-3.22E-03	1.39E-03	0.000114546
-9.38E-04	2.54E-03	-1.42E-03	2.50E-03	0.000129167
-8.63E-04	2.71E-03	-3.83E-04	2.66E-03	0.00008775
1.15E-03	-6.23E-04	6.68E-04	-6.53E-04	0.000165
-2.27E-03	-2.18E-04	-2.26E-03	-6.98E-04	0.000114167
3.17E-03	1.88E-04	2.69E-03	1.88E-04	0.000141
-1.81E-03	2.38E-03	-1.36E-03	2.21E-03	0.000110526
-2.35E-03	-7.28E-04	-2.45E-03	-1.19E-03	0.00025125
-3.01E-03	1.27E-03	-2.56E-03	1.12E-03	0.000168158
1.43E-03	2.93E-04	1.90E-03	2.18E-04	0.00021587
-3.16E-03	-1.76E-03	-3.62E-03	-1.84E-03	0.000103846
-1.28E-03	-7.50E-06	-1.75E-03	-8.25E-05	0.00009375
1.16E-03	1.30E-03	1.03E-03	8.48E-04	0.000130588
-1.75E-03	8.18E-04	-1.28E-03	7.58E-04	0.000145
3.02E-03	1.82E-03	2.56E-03	1.76E-03	0.000080625
-1.36E-03	2.45E-03	-1.82E-03	2.39E-03	0.00011625
3.29E-03	6.08E-04	2.83E-03	5.48E-04	0.000102
3.52E-03	5.03E-04	3.05E-03	4.58E-04	0.00012
1.33E-03	6.75E-05	1.79E-03	2.25E-05	0.000132857
-1.60E-03	2.18E-03	-1.13E-03	2.14E-03	0.000182647
1.97E-03	-5.03E-04	1.51E-03	-5.33E-04	0.000143333
2.26E-03	1.87E-03	2.72E-03	1.84E-03	0.0001035
-5.63E-04	-7.50E-06	-9.75E-05	-3.75E-05	0.000164318
3.26E-03	-9.75E-05	3.73E-03	-1.28E-04	0.000148636
2.03E-03	1.42E-03	1.58E-03	1.30E-03	0.0000975
-2.98E-03	-2.69E-03	-3.44E-03	-2.69E-03	0.000112857
-1.69E-03	1.19E-03	-1.24E-03	1.09E-03	0.000101429
-1.87E-03	8.33E-04	-2.32E-03	7.28E-04	0.000137368
3.73E-03	-7.50E-06	3.28E-03	-8.25E-05	0.000110217
-2.71E-03	2.93E-04	-2.26E-03	2.33E-04	9.35714E-05
-1.21E-03	2.12E-03	-7.58E-04	2.09E-03	0.000138
3.16E-03	-2.63E-04	3.61E-03	-2.93E-04	0.000102353
-2.30E-03	1.73E-03	-2.75E-03	1.70E-03	0.00010375
-7.73E-04	1.36E-03	-7.58E-04	9.08E-04	0.000167813
3.31E-03	5.25E-05	2.86E-03	5.25E-05	0.000119

