file
456
(1.972500e-03,5.025000e-04)	(3.622500e-03,-1.027500e-03)
1.457143e-04
(2.287500e-03,9.225000e-04)	(3.727500e-03,-4.725000e-04)
1.275000e-04
(1.132500e-03,9.825000e-04)	(-2.775000e-04,-3.825000e-04)
1.050000e-04
(-1.042500e-03,8.775000e-04)	(-2.782500e-03,3.750000e-05)
1.307143e-04
(1.372500e-03,2.475000e-04)	(2.617500e-03,-9.225000e-04)
1.220000e-04
(-1.117500e-03,2.737500e-03)	(-9.375000e-04,1.042500e-03)
1.460000e-04
(2.250000e-05,2.452500e-03)	(-1.072500e-03,1.147500e-03)
1.438235e-04
(-1.477500e-03,1.252500e-03)	(-2.302500e-03,-1.725000e-04)
1.105263e-04
(1.117500e-03,4.275000e-04)	(2.512500e-03,-4.125000e-04)
1.009091e-04
(-2.167500e-03,1.612500e-03)	(-9.825000e-04,6.525000e-04)
1.342105e-04
(-8.250000e-05,-6.225000e-04)	(-1.492500e-03,-9.375000e-04)
1.175000e-04
(2.092500e-03,1.102500e-03)	(1.057500e-03,9.750000e-05)
8.605263e-05
(-1.627500e-03,6.975000e-04)	(-2.902500e-03,2.250000e-05)
1.507895e-04
(-1.642500e-03,2.062500e-03)	(-6.225000e-04,1.042500e-03)
1.233333e-04
(1.867500e-03,1.057500e-03)	(7.575000e-04,1.575000e-04)
1.270588e-04
(-9.825000e-04,2.152500e-03)	(-6.975000e-04,7.725000e-04)
1.080000e-04
(1.552500e-03,1.282500e-03)	(2.137500e-03,7.500000e-06)
1.555263e-04
(-2.662500e-03,2.302500e-03)	(-3.652500e-03,1.312500e-03)
1.233333e-04
(-3.697500e-03,2.962500e-03)	(-2.782500e-03,1.942500e-03)
8.842105e-05
(1.642500e-03,1.552500e-03)	(2.032500e-03,2.775000e-04)
1.342105e-04
(3.352500e-03,2.925000e-04)	(3.292500e-03,-9.975000e-04)
2.175000e-04
(2.107500e-03,1.687500e-03)	(8.475000e-04,1.447500e-03)
2.302500e-04
(3.382500e-03,8.175000e-04)	(2.422500e-03,7.500000e-06)
9.900000e-05
(5.475000e-04,3.075000e-04)	(-6.825000e-04,1.575000e-04)
1.014706e-04
(-4.575000e-04,-7.725000e-04)	(-9.375000e-04,-1.897500e-03)
1.510000e-04
(-2.317500e-03,1.192500e-03)	(-1.342500e-03,4.575000e-04)
1.491667e-04
(-1.875000e-04,4.275000e-04)	(-1.027500e-03,-4.125000e-04)
1.073684e-04
(2.617500e-03,1.425000e-04)	(3.667500e-03,-4.125000e-04)
1.411364e-04
(-2.467500e-03,2.692500e-03)	(-1.357500e-03,2.332500e-03)
9.714286e-05
(5.325000e-04,2.542500e-03)	(-2.925000e-04,1.717500e-03)
1.312500e-04
(-2.182500e-03,1.342500e-03)	(-1.237500e-03,6.675000e-04)
1.050000e-04
(2.632500e-03,-2.250000e-05)	(3.682500e-03,-4.875000e-04)
1.250000e-04
(1.672500e-03,1.957500e-03)	(2.152500e-03,9.225000e-04)
1.358824e-04
(1.972500e-03,1.125000e-04)	(8.325000e-04,1.125000e-04)
1.414286e-04
(-2.452500e-03,5.025000e-04)	(-1.327500e-03,3.975000e-04)
1.447826e-04
(-9.375000e-04,-6.675000e-04)	(-1.882500e-03,-1.282500e-03)
1.590000e-04
(-1.725000e-04,2.925000e-04)	(-1.072500e-03,-3.825000e-04)
7.781250e-05
(-2.242500e-03,2.947500e-03)	(-1.447500e-03,2.152500e-03)
1.120588e-04
(1.642500e-03,8.325000e-04)	(7.125000e-04,2.025000e-04)
1.225000e-04
(-5.325000e-04,3.075000e-04)	(-9.525000e-04,-7.275000e-04)
1.329545e-04
(2.692500e-03,-7.500000e-06)	(3.697500e-03,-4.725000e-04)
1.480435e-04
(-3.382500e-03,2.347500e-03)	(-2.287500e-03,2.182500e-03)
1.140000e-04
(-1.387500e-03,1.762500e-03)	(-5.025000e-04,1.102500e-03)
1.471875e-04
(-1.567500e-03,2.947500e-03)	(-8.325000e-04,2.137500e-03)
1.731818e-04
(-4.725000e-04,1.125000e-04)	(5.475000e-04,-2.775000e-04)
1.591667e-04
(-3.667500e-03,2.707500e-03)	(-2.812500e-03,2.032500e-03)
1.438636e-04
(-5.025000e-04,2.842500e-03)	(-1.012500e-03,1.882500e-03)
9.107143e-05
(-3.825000e-04,-3.975000e-04)	(-1.282500e-03,-9.675000e-04)
1.462500e-04
(2.527500e-03,-1.425000e-04)	(3.157500e-03,-9.825000e-04)
1.260000e-04
(-3.637500e-03,2.587500e-03)	(-2.827500e-03,1.927500e-03)
1.178571e-04
(-2.182500e-03,1.477500e-03)	(-1.327500e-03,8.925000e-04)
1.215789e-04
(2.392500e-03,-1.575000e-04)	(1.477500e-03,-6.375000e-04)
1.429412e-04
(-2.182500e-03,7.425000e-04)	(-1.312500e-03,2.025000e-04)
1.428261e-04
(-1.477500e-03,5.175000e-04)	(-2.347500e-03,7.500000e-06)
1.073684e-04
(1.687500e-03,5.775000e-04)	(7.725000e-04,1.575000e-04)
1.170000e-04
(1.237500e-03,-1.275000e-04)	(5.325000e-04,-8.325000e-04)
7.500000e-05
(2.272500e-03,1.312500e-03)	(1.447500e-03,7.725000e-04)
1.714286e-04
(-2.347500e-03,1.777500e-03)	(-1.657500e-03,1.087500e-03)
9.150000e-05
(-2.527500e-03,1.702500e-03)	(-1.837500e-03,1.012500e-03)
9.583333e-05
(-1.582500e-03,1.012500e-03)	(-7.275000e-04,5.625000e-04)
1.167857e-04
(-2.842500e-03,1.717500e-03)	(-1.987500e-03,1.267500e-03)
1.025000e-04
(3.675000e-04,1.125000e-04)	(1.267500e-03,-2.325000e-04)
1.062500e-04
(-2.482500e-03,1.372500e-03)	(-1.612500e-03,9.675000e-04)
1.153125e-04
(2.272500e-03,1.297500e-03)	(1.492500e-03,7.425000e-04)
1.244118e-04
(-2.782500e-03,2.812500e-03)	(-2.182500e-03,2.077500e-03)
1.181250e-04
(2.107500e-03,2.175000e-04)	(1.327500e-03,-3.075000e-04)
1.040000e-04
(8.625000e-04,5.925000e-04)	(1.702500e-03,1.725000e-04)
1.050000e-04
(-1.132500e-03,5.775000e-04)	(-2.017500e-03,2.775000e-04)
1.230000e-04
(2.377500e-03,2.025000e-04)	(3.067500e-03,-4.275000e-04)
1.155882e-04
(1.747500e-03,2.175000e-04)	(8.925000e-04,-1.575000e-04)
1.081579e-04
(-1.837500e-03,1.372500e-03)	(-1.177500e-03,7.125000e-04)
1.110000e-04
(-2.602500e-03,2.917500e-03)	(-1.777500e-03,2.482500e-03)
1.308333e-04
(1.687500e-03,4.725000e-04)	(8.175000e-04,1.425000e-04)
1.665789e-04
(-1.552500e-03,8.625000e-04)	(-2.482500e-03,8.625000e-04)
1.672500e-04
(-1.762500e-03,-2.175000e-04)	(-1.387500e-03,-1.057500e-03)
1.000000e-04
(2.917500e-03,-1.875000e-04)	(3.637500e-03,-7.575000e-04)
1.350000e-04
(3.375000e-04,3.750000e-05)	(-5.775000e-04,2.250000e-05)
1.779545e-04
(-3.577500e-03,2.977500e-03)	(-3.262500e-03,2.122500e-03)
1.389474e-04
(-3.217500e-03,2.752500e-03)	(-2.512500e-03,2.182500e-03)
1.118750e-04
(-1.402500e-03,1.732500e-03)	(-7.875000e-04,1.072500e-03)
1.328571e-04
(3.172500e-03,2.325000e-04)	(2.377500e-03,-1.725000e-04)
1.440000e-04
(4.575000e-04,6.225000e-04)	(1.252500e-03,2.175000e-04)
1.050000e-04
(-1.327500e-03,-1.282500e-03)	(-4.575000e-04,-1.477500e-03)
1.155882e-04
(6.750000e-05,-3.825000e-04)	(-6.825000e-04,-8.625000e-04)
1.258696e-04
(-1.057500e-03,8.775000e-04)	(-1.597500e-03,1.725000e-04)
1.207895e-04
(3.007500e-03,-5.475000e-04)	(3.727500e-03,-1.057500e-03)
1.668750e-04
(2.002500e-03,1.267500e-03)	(1.282500e-03,7.725000e-04)
1.050000e-04
(9.525000e-04,-4.875000e-04)	(1.125000e-04,-7.125000e-04)
2.089286e-04
(1.357500e-03,2.947500e-03)	(9.825000e-04,2.167500e-03)
1.350000e-04
(-1.402500e-03,6.975000e-04)	(-1.702500e-03,-1.125000e-04)
1.641176e-04
(8.475000e-04,1.657500e-03)	(1.462500e-03,1.057500e-03)
1.180435e-04
(1.357500e-03,2.977500e-03)	(9.675000e-04,2.227500e-03)
1.212500e-04
(-2.017500e-03,1.432500e-03)	(-1.267500e-03,1.042500e-03)
1.085294e-04
(1.792500e-03,5.925000e-04)	(2.602500e-03,3.525000e-04)
1.453125e-04
(2.122500e-03,1.597500e-03)	(1.477500e-03,1.057500e-03)
1.133333e-04
(2.542500e-03,-8.250000e-05)	(3.292500e-03,-4.575000e-04)
1.473529e-04
(2.122500e-03,2.625000e-04)	(2.902500e-03,-3.750000e-05)
1.871053e-04
(-1.612500e-03,-1.275000e-04)	(-2.332500e-03,-5.475000e-04)
1.700000e-04
(4.725000e-04,2.767500e-03)	(1.297500e-03,2.692500e-03)
1.110000e-04
(1.762500e-03,3.075000e-04)	(1.162500e-03,-2.625000e-04)
9.285714e-05
(-5.325000e-04,-3.750000e-05)	(5.250000e-05,-6.225000e-04)
1.067647e-04
(2.797500e-03,-7.875000e-04)	(3.382500e-03,-1.372500e-03)
1.328571e-04
(9.525000e-04,8.625000e-04)	(1.777500e-03,8.175000e-04)
1.350000e-04
(-1.627500e-03,1.327500e-03)	(-1.762500e-03,5.175000e-04)
1.776316e-04
(-8.250000e-05,-6.375000e-04)	(-7.575000e-04,-1.102500e-03)
1.095000e-04
(-3.262500e-03,2.932500e-03)	(-2.677500e-03,2.362500e-03)
1.482353e-04
(-1.237500e-03,2.077500e-03)	(-4.725000e-04,1.792500e-03)
1.038462e-04
(-1.537500e-03,2.482500e-03)	(-8.325000e-04,2.077500e-03)
1.016667e-04
(-1.477500e-03,-1.012500e-03)	(-6.675000e-04,-1.072500e-03)
1.167857e-04
(-7.425000e-04,2.467500e-03)	(-5.250000e-05,2.047500e-03)
1.000000e-04
(2.047500e-03,7.425000e-04)	(1.327500e-03,3.825000e-04)
1.208824e-04
(-1.552500e-03,2.272500e-03)	(-7.725000e-04,2.077500e-03)
1.591667e-04
(-3.562500e-03,2.962500e-03)	(-2.947500e-03,2.452500e-03)
1.428261e-04
(-1.912500e-03,7.875000e-04)	(-1.252500e-03,3.375000e-04)
1.416667e-04
(-4.125000e-04,5.250000e-05)	(-1.072500e-03,-3.975000e-04)
9.900000e-05
(1.687500e-03,7.275000e-04)	(2.482500e-03,6.825000e-04)
1.066667e-04
(-1.012500e-03,-1.042500e-03)	(-1.582500e-03,-1.597500e-03)
1.689474e-04
(-1.125000e-04,-1.725000e-04)	(-6.825000e-04,-7.275000e-04)
1.607143e-04
(2.887500e-03,-9.975000e-04)	(3.562500e-03,-1.417500e-03)
1.368000e-04
(-1.312500e-03,5.325000e-04)	(-1.732500e-03,-1.425000e-04)
1.160000e-04
(1.402500e-03,2.962500e-03)	(1.012500e-03,2.272500e-03)
1.200000e-04
(-1.927500e-03,2.527500e-03)	(-1.147500e-03,2.407500e-03)
1.365000e-04
(1.792500e-03,8.325000e-04)	(1.507500e-03,9.750000e-05)
1.326316e-04
(1.327500e-03,2.775000e-04)	(1.507500e-03,-4.875000e-04)
1.266667e-04
(2.467500e-03,5.925000e-04)	(2.002500e-03,-3.750000e-05)
9.204545e-05
(-1.567500e-03,1.207500e-03)	(-1.177500e-03,5.325000e-04)
1.145455e-04
(-4.875000e-04,2.902500e-03)	(-8.475000e-04,2.212500e-03)
1.200000e-04
(1.822500e-03,-3.750000e-05)	(2.512500e-03,-3.975000e-04)
1.257143e-04
(-2.362500e-03,1.882500e-03)	(-1.777500e-03,1.372500e-03)
1.096875e-04
(-7.500000e-06,-2.625000e-04)	(-6.675000e-04,-6.675000e-04)
1.408333e-04
(-7.575000e-04,-6.225000e-04)	(-1.447500e-03,-9.675000e-04)
1.380000e-04
(-1.432500e-03,2.482500e-03)	(-7.725000e-04,2.092500e-03)
1.033333e-04
(3.007500e-03,3.225000e-04)	(3.157500e-03,-4.275000e-04)
1.841667e-04
(1.147500e-03,5.025000e-04)	(6.225000e-04,-5.250000e-05)
1.073684e-04
(-1.875000e-04,4.575000e-04)	(-9.075000e-04,2.025000e-04)
1.694118e-04
(-9.975000e-04,5.250000e-05)	(-3.375000e-04,-3.225000e-04)
1.164706e-04
(5.250000e-05,3.375000e-04)	(7.125000e-04,-3.750000e-05)
1.330000e-04
(-4.875000e-04,2.767500e-03)	(-9.525000e-04,2.167500e-03)
1.489286e-04
(1.477500e-03,4.725000e-04)	(2.167500e-03,1.575000e-04)
1.781250e-04
(1.987500e-03,1.177500e-03)	(1.357500e-03,7.575000e-04)
1.235714e-04
(-5.475000e-04,-5.250000e-05)	(9.750000e-05,-4.425000e-04)
1.111765e-04
(2.992500e-03,-4.125000e-04)	(3.532500e-03,-9.375000e-04)
1.475000e-04
(-1.687500e-03,5.925000e-04)	(-2.437500e-03,5.325000e-04)
1.793182e-04
(-8.475000e-04,-6.825000e-04)	(-3.675000e-04,-1.252500e-03)
1.550000e-04
(-2.932500e-03,2.632500e-03)	(-2.197500e-03,2.512500e-03)
1.111364e-04
(-1.552500e-03,-8.925000e-04)	(-8.175000e-04,-1.012500e-03)
9.562500e-05
(-9.675000e-04,1.477500e-03)	(-1.627500e-03,1.132500e-03)
1.006250e-04
(-2.122500e-03,3.825000e-04)	(-1.597500e-03,-1.425000e-04)
9.900000e-05
(6.750000e-05,-2.250000e-05)	(-4.575000e-04,-5.475000e-04)
1.547368e-04
(-2.137500e-03,3.825000e-04)	(-1.612500e-03,-1.425000e-04)
1.500000e-04
(1.725000e-04,2.317500e-03)	(-2.625000e-04,1.717500e-03)
1.475000e-04
(-1.042500e-03,2.887500e-03)	(-1.312500e-03,2.197500e-03)
1.397368e-04
(1.792500e-03,-2.775000e-04)	(2.527500e-03,-3.675000e-04)
1.137500e-04
(3.412500e-03,1.177500e-03)	(3.352500e-03,4.425000e-04)
1.605000e-04
(2.152500e-03,2.250000e-05)	(1.687500e-03,-5.475000e-04)
1.057143e-04
(-1.342500e-03,2.482500e-03)	(-1.687500e-03,1.837500e-03)
1.241667e-04
(-9.375000e-04,1.942500e-03)	(-7.425000e-04,1.237500e-03)
1.537500e-04
(-3.382500e-03,2.332500e-03)	(-2.692500e-03,2.092500e-03)
1.065000e-04
(1.432500e-03,2.025000e-04)	(2.122500e-03,-3.750000e-05)
1.380000e-04
(4.425000e-04,-6.225000e-04)	(-2.775000e-04,-7.425000e-04)
1.566667e-04
(1.852500e-03,1.342500e-03)	(1.972500e-03,6.225000e-04)
1.697368e-04
(-2.182500e-03,1.432500e-03)	(-1.597500e-03,9.975000e-04)
1.172727e-04
(-9.375000e-04,-7.575000e-04)	(-1.552500e-03,-1.147500e-03)
1.166667e-04
(9.675000e-04,2.497500e-03)	(1.057500e-03,1.777500e-03)
1.280769e-04
(2.842500e-03,-9.750000e-05)	(3.547500e-03,-2.625000e-04)
1.672500e-04
(-2.752500e-03,2.542500e-03)	(-2.197500e-03,2.077500e-03)
1.153846e-04
(2.152500e-03,4.575000e-04)	(1.552500e-03,5.250000e-05)
8.333333e-05
(2.122500e-03,1.627500e-03)	(1.597500e-03,1.132500e-03)
1.200000e-04
(-2.272500e-03,2.917500e-03)	(-1.777500e-03,2.392500e-03)
1.216667e-04
(-2.602500e-03,2.902500e-03)	(-2.092500e-03,2.392500e-03)
1.246875e-04
(-5.625000e-04,-2.625000e-04)	(-1.072500e-03,-7.725000e-04)
1.629545e-04
(-3.825000e-04,-8.325000e-04)	(-8.925000e-04,-1.342500e-03)
1.658824e-04
(-3.975000e-04,1.927500e-03)	(-9.075000e-04,1.417500e-03)
1.533333e-04
(-2.257500e-03,1.087500e-03)	(-1.642500e-03,7.125000e-04)
1.716667e-04
(-3.675000e-04,-9.225000e-04)	(-9.525000e-04,-1.342500e-03)
1.808824e-04
(-1.282500e-03,1.627500e-03)	(-1.702500e-03,1.042500e-03)
1.544118e-04
(2.107500e-03,-5.250000e-05)	(1.462500e-03,-3.675000e-04)
9.281250e-05
(-1.642500e-03,1.312500e-03)	(-1.957500e-03,6.675000e-04)
2.100000e-04
(-2.242500e-03,2.932500e-03)	(-1.672500e-03,2.497500e-03)
1.457143e-04
(1.852500e-03,1.912500e-03)	(1.297500e-03,1.462500e-03)
1.612500e-04
(-2.182500e-03,2.962500e-03)	(-1.687500e-03,2.452500e-03)
1.257692e-04
(-3.682500e-03,2.737500e-03)	(-3.112500e-03,2.317500e-03)
1.404545e-04
(2.257500e-03,1.342500e-03)	(1.552500e-03,1.297500e-03)
1.450000e-04
(1.912500e-03,4.875000e-04)	(2.602500e-03,3.375000e-04)
1.305000e-04
(1.717500e-03,-3.525000e-04)	(2.362500e-03,-6.375000e-04)
1.242857e-04
(-1.432500e-03,1.642500e-03)	(-7.425000e-04,1.507500e-03)
1.292857e-04
(-3.712500e-03,2.872500e-03)	(-3.202500e-03,2.392500e-03)
1.177500e-04
(-1.125000e-04,-1.575000e-04)	(3.825000e-04,-6.525000e-04)
1.363636e-04
(-8.625000e-04,1.252500e-03)	(-1.357500e-03,7.575000e-04)
1.780000e-04
(-3.367500e-03,2.347500e-03)	(-2.797500e-03,1.942500e-03)
1.143750e-04
(-3.322500e-03,2.422500e-03)	(-2.707500e-03,2.092500e-03)
1.275000e-04
(2.452500e-03,3.525000e-04)	(3.082500e-03,5.250000e-05)
1.755000e-04
(-1.042500e-03,2.775000e-04)	(-6.225000e-04,-2.775000e-04)
1.518750e-04
(1.357500e-03,2.175000e-04)	(9.825000e-04,-3.675000e-04)
1.240000e-04
(-9.225000e-04,2.775000e-04)	(-3.375000e-04,-9.750000e-05)
1.331250e-04
(1.492500e-03,2.625000e-04)	(8.175000e-04,9.750000e-05)
1.193478e-04
(3.277500e-03,-3.825000e-04)	(3.712500e-03,-9.225000e-04)
1.432500e-04
(-1.702500e-03,6.375000e-04)	(-2.392500e-03,5.775000e-04)
1.718182e-04
(2.077500e-03,3.075000e-04)	(1.447500e-03,2.250000e-05)
1.041667e-04
(-2.925000e-04,3.825000e-04)	(3.375000e-04,9.750000e-05)
1.530000e-04
(2.362500e-03,3.750000e-05)	(3.052500e-03,2.250000e-05)
1.278947e-04
(2.602500e-03,4.125000e-04)	(1.912500e-03,3.975000e-04)
1.136842e-04
(-1.132500e-03,1.057500e-03)	(-1.822500e-03,1.057500e-03)
1.125000e-04
(-2.925000e-04,-6.825000e-04)	(-8.775000e-04,-1.042500e-03)
1.138235e-04
(8.025000e-04,2.925000e-04)	(1.432500e-03,2.250000e-05)
1.050000e-04
(-1.282500e-03,9.750000e-05)	(-1.822500e-03,-3.225000e-04)
9.115385e-05
(-2.250000e-05,-3.825000e-04)	(-4.425000e-04,-9.225000e-04)
1.058824e-04
(-2.062500e-03,1.192500e-03)	(-1.492500e-03,8.175000e-04)
1.125000e-04
(-1.327500e-03,9.975000e-04)	(-8.025000e-04,5.625000e-04)
1.050000e-04
(-3.825000e-04,-4.125000e-04)	(2.025000e-04,-7.575000e-04)
9.833333e-05
(-1.357500e-03,2.242500e-03)	(-8.775000e-04,1.762500e-03)
1.359375e-04
(-1.117500e-03,1.432500e-03)	(-6.375000e-04,9.525000e-04)
1.041176e-04
(1.297500e-03,2.887500e-03)	(8.175000e-04,2.407500e-03)
1.012500e-04
(1.732500e-03,7.725000e-04)	(1.252500e-03,2.925000e-04)
9.441176e-05
(2.842500e-03,-1.875000e-04)	(3.397500e-03,-5.775000e-04)
1.650000e-04
(8.325000e-04,4.125000e-04)	(1.477500e-03,2.025000e-04)
1.228125e-04
(-2.077500e-03,1.207500e-03)	(-2.722500e-03,9.975000e-04)
1.359375e-04
(-1.072500e-03,1.875000e-04)	(-4.725000e-04,-1.275000e-04)
1.125000e-04
(-1.987500e-03,2.602500e-03)	(-1.327500e-03,2.452500e-03)
1.396875e-04
(-1.575000e-04,-4.425000e-04)	(-5.625000e-04,-9.825000e-04)
1.185000e-04
(-2.722500e-03,2.827500e-03)	(-2.527500e-03,2.182500e-03)
1.591667e-04
(8.025000e-04,2.977500e-03)	(1.072500e-03,2.362500e-03)
1.213043e-04
(-1.627500e-03,-1.312500e-03)	(-1.507500e-03,-1.972500e-03)
8.289474e-05
(-6.750000e-05,-5.625000e-04)	(-6.675000e-04,-8.625000e-04)
1.215000e-04
(-1.087500e-03,8.775000e-04)	(-1.687500e-03,5.775000e-04)
1.325000e-04
(-2.062500e-03,1.327500e-03)	(-1.567500e-03,8.775000e-04)
1.077273e-04
(-1.432500e-03,-9.825000e-04)	(-1.927500e-03,-1.432500e-03)
1.059375e-04
(-1.207500e-03,1.372500e-03)	(-6.375000e-04,1.027500e-03)
1.200000e-04
(-1.792500e-03,3.225000e-04)	(-2.302500e-03,-9.750000e-05)
8.590909e-05
(3.202500e-03,-1.132500e-03)	(3.712500e-03,-1.552500e-03)
1.530000e-04
(-1.192500e-03,1.387500e-03)	(-6.225000e-04,1.057500e-03)
1.100000e-04
(-2.182500e-03,1.507500e-03)	(-1.717500e-03,1.042500e-03)
9.954545e-05
(-1.237500e-03,-1.327500e-03)	(-1.867500e-03,-1.507500e-03)
1.960000e-04
(-5.475000e-04,1.747500e-03)	(-8.925000e-04,1.192500e-03)
1.516667e-04
(1.042500e-03,2.887500e-03)	(6.975000e-04,2.332500e-03)
1.725000e-04
(-1.117500e-03,2.017500e-03)	(-5.175000e-04,1.762500e-03)
1.842857e-04
(-2.497500e-03,1.762500e-03)	(-1.927500e-03,1.447500e-03)
1.358333e-04
(-1.057500e-03,1.687500e-03)	(-4.875000e-04,1.372500e-03)
1.421053e-04
(-1.477500e-03,2.272500e-03)	(-8.925000e-04,1.987500e-03)
1.350000e-04
(-2.257500e-03,2.932500e-03)	(-1.822500e-03,2.452500e-03)
1.584375e-04
(2.242500e-03,4.725000e-04)	(2.872500e-03,3.225000e-04)
1.585714e-04
(-3.675000e-04,-8.475000e-04)	(-8.175000e-04,-1.312500e-03)
1.733333e-04
(1.432500e-03,9.750000e-05)	(8.325000e-04,-1.425000e-04)
1.246875e-04
(-3.525000e-04,-8.775000e-04)	(-9.975000e-04,-9.075000e-04)
1.108333e-04
(-1.537500e-03,8.325000e-04)	(-2.182500e-03,8.025000e-04)
1.656818e-04
(-1.125000e-04,-6.375000e-04)	(-6.375000e-04,-1.012500e-03)
9.107143e-05
(-7.125000e-04,1.927500e-03)	(-1.237500e-03,1.552500e-03)
1.612500e-04
(-8.475000e-04,8.250000e-05)	(-3.375000e-04,-3.075000e-04)
8.125000e-05
(1.687500e-03,2.925000e-04)	(2.317500e-03,1.725000e-04)
1.665000e-04
(2.452500e-03,8.025000e-04)	(1.912500e-03,4.575000e-04)
1.222500e-04
(-1.777500e-03,-9.750000e-05)	(-1.552500e-03,-6.975000e-04)
9.666667e-05
(-9.525000e-04,1.687500e-03)	(-7.725000e-04,1.072500e-03)
1.089474e-04
(-1.312500e-03,-9.375000e-04)	(-1.882500e-03,-1.222500e-03)
1.131818e-04
(1.875000e-04,8.250000e-05)	(-4.275000e-04,-8.250000e-05)
1.891667e-04
(1.597500e-03,2.250000e-05)	(2.062500e-03,-4.125000e-04)
1.200000e-04
(-7.575000e-04,-1.275000e-04)	(-1.222500e-03,-5.625000e-04)
8.000000e-05
(-1.125000e-04,-1.875000e-04)	(4.125000e-04,-5.475000e-04)
1.725000e-04
(-1.087500e-03,1.725000e-04)	(-6.375000e-04,-2.775000e-04)
1.083333e-04
(-9.375000e-04,1.552500e-03)	(-4.875000e-04,1.102500e-03)
1.459091e-04
(1.177500e-03,-1.125000e-04)	(1.627500e-03,-5.625000e-04)
7.687500e-05
(1.282500e-03,-8.250000e-05)	(1.912500e-03,-1.725000e-04)
1.350000e-04
(2.062500e-03,1.177500e-03)	(1.912500e-03,5.625000e-04)
1.305000e-04
(-9.975000e-04,1.177500e-03)	(-3.675000e-04,1.117500e-03)
9.705882e-05
(-2.692500e-03,2.392500e-03)	(-2.152500e-03,2.062500e-03)
1.217647e-04
(-1.822500e-03,1.372500e-03)	(-1.237500e-03,1.132500e-03)
1.140000e-04
(-3.022500e-03,2.752500e-03)	(-3.052500e-03,2.122500e-03)
1.603846e-04
(-1.432500e-03,1.192500e-03)	(-1.027500e-03,7.125000e-04)
1.147059e-04
(-5.475000e-04,-6.375000e-04)	(-1.027500e-03,-1.042500e-03)
1.356818e-04
(-1.582500e-03,2.737500e-03)	(-1.162500e-03,2.272500e-03)
1.476316e-04
(1.462500e-03,7.125000e-04)	(2.062500e-03,5.325000e-04)
1.125000e-04
(-5.925000e-04,1.125000e-04)	(-1.425000e-04,-3.225000e-04)
1.270588e-04
(2.062500e-03,1.522500e-03)	(1.492500e-03,1.267500e-03)
1.050000e-04
(-5.625000e-04,3.825000e-04)	(-1.072500e-03,2.250000e-05)
1.358824e-04
(1.912500e-03,5.250000e-05)	(1.327500e-03,-1.575000e-04)
1.302632e-04
(-2.812500e-03,2.662500e-03)	(-2.317500e-03,2.287500e-03)
1.025000e-04
(-3.277500e-03,2.902500e-03)	(-2.782500e-03,2.527500e-03)
1.600000e-04
(-4.425000e-04,2.025000e-04)	(5.250000e-05,-1.725000e-04)
1.472727e-04
(-1.087500e-03,-1.207500e-03)	(-1.612500e-03,-1.537500e-03)
1.488462e-04
(1.237500e-03,2.775000e-04)	(7.125000e-04,-5.250000e-05)
1.837500e-04
(-9.675000e-04,2.902500e-03)	(-1.207500e-03,2.332500e-03)
1.450000e-04
(2.437500e-03,-1.575000e-04)	(3.037500e-03,-3.075000e-04)
1.925000e-04
(2.182500e-03,7.125000e-04)	(1.882500e-03,1.725000e-04)
1.208333e-04
(-3.202500e-03,2.752500e-03)	(-2.647500e-03,2.482500e-03)
1.040000e-04
(2.677500e-03,-9.750000e-05)	(3.232500e-03,-3.675000e-04)
1.333333e-04
(-3.727500e-03,2.782500e-03)	(-3.172500e-03,2.512500e-03)
1.275000e-04
(5.625000e-04,3.825000e-04)	(1.125000e-04,-3.750000e-05)
9.312500e-05
(1.867500e-03,7.275000e-04)	(2.482500e-03,7.125000e-04)
1.571739e-04
(-2.722500e-03,2.572500e-03)	(-2.152500e-03,2.347500e-03)
1.131818e-04
(-1.027500e-03,2.647500e-03)	(-1.252500e-03,2.077500e-03)
1.464286e-04
(5.775000e-04,1.927500e-03)	(1.177500e-03,1.807500e-03)
1.038462e-04
(1.822500e-03,3.750000e-05)	(1.702500e-03,-5.625000e-04)
1.467391e-04
(1.267500e-03,4.425000e-04)	(7.275000e-04,1.575000e-04)
1.087500e-04
(-1.102500e-03,-1.237500e-03)	(-1.642500e-03,-1.522500e-03)
1.897059e-04
(-1.087500e-03,1.875000e-04)	(-5.775000e-04,-1.425000e-04)
9.285714e-05
(-1.807500e-03,6.975000e-04)	(-1.237500e-03,4.875000e-04)
1.021875e-04
(1.957500e-03,3.375000e-04)	(1.552500e-03,-1.125000e-04)
1.050000e-04
(2.107500e-03,1.042500e-03)	(1.507500e-03,9.675000e-04)
1.307143e-04
(2.250000e-05,2.625000e-04)	(5.775000e-04,2.250000e-05)
1.340000e-04
(2.392500e-03,2.775000e-04)	(2.977500e-03,1.275000e-04)
1.336957e-04
(1.207500e-03,2.482500e-03)	(6.225000e-04,2.332500e-03)
9.750000e-05
(-7.500000e-06,-3.075000e-04)	(-5.475000e-04,-5.775000e-04)
1.312500e-04
(-1.125000e-04,2.512500e-03)	(-5.250000e-05,1.912500e-03)
1.310000e-04
(-1.762500e-03,1.372500e-03)	(-1.207500e-03,1.147500e-03)
1.111765e-04
(6.525000e-04,2.842500e-03)	(1.027500e-03,2.377500e-03)
1.357500e-04
(-2.137500e-03,9.525000e-04)	(-1.642500e-03,6.225000e-04)
1.389130e-04
(1.627500e-03,-3.675000e-04)	(2.182500e-03,-5.775000e-04)
1.125000e-04
(2.032500e-03,7.425000e-04)	(1.522500e-03,4.425000e-04)
1.700000e-04
(6.975000e-04,3.750000e-05)	(1.207500e-03,-2.625000e-04)
9.400000e-05
(-9.525000e-04,-6.675000e-04)	(-6.825000e-04,-1.192500e-03)
1.560000e-04
(1.447500e-03,1.972500e-03)	(8.925000e-04,1.777500e-03)
1.376471e-04
(-1.672500e-03,6.075000e-04)	(-2.257500e-03,5.775000e-04)
2.072727e-04
(-2.407500e-03,2.632500e-03)	(-1.822500e-03,2.602500e-03)
1.200000e-04
(3.127500e-03,1.125000e-04)	(2.557500e-03,-2.250000e-05)
1.142857e-04
(-1.192500e-03,9.975000e-04)	(-1.567500e-03,5.475000e-04)
1.154348e-04
(-3.367500e-03,2.962500e-03)	(-2.917500e-03,2.587500e-03)
1.266667e-04
(2.452500e-03,-1.725000e-04)	(3.037500e-03,-1.875000e-04)
1.391667e-04
(-2.392500e-03,1.867500e-03)	(-1.852500e-03,1.642500e-03)
1.210000e-04
(-1.507500e-03,2.857500e-03)	(-1.027500e-03,2.527500e-03)
1.178571e-04
(-6.750000e-05,-3.075000e-04)	(4.125000e-04,-6.375000e-04)
1.486957e-04
(-1.852500e-03,2.497500e-03)	(-1.282500e-03,2.377500e-03)
1.168421e-04
(1.192500e-03,2.542500e-03)	(6.525000e-04,2.332500e-03)
9.000000e-05
(2.002500e-03,8.025000e-04)	(1.477500e-03,5.625000e-04)
1.091667e-04
(1.342500e-03,2.107500e-03)	(8.925000e-04,1.747500e-03)
1.207895e-04
(-2.842500e-03,1.732500e-03)	(-2.287500e-03,1.582500e-03)
1.175000e-04
(-3.442500e-03,2.947500e-03)	(-3.292500e-03,2.392500e-03)
1.671429e-04
(-1.852500e-03,9.975000e-04)	(-1.297500e-03,8.475000e-04)
1.310526e-04
(-2.842500e-03,1.672500e-03)	(-2.302500e-03,1.477500e-03)
1.282500e-04
(-1.972500e-03,2.962500e-03)	(-1.402500e-03,2.917500e-03)
1.725000e-04
(-2.197500e-03,-2.025000e-04)	(-2.422500e-03,-7.275000e-04)
1.252500e-04
(1.282500e-03,2.887500e-03)	(9.975000e-04,2.392500e-03)
1.296429e-04
(-1.072500e-03,1.357500e-03)	(-5.775000e-04,1.072500e-03)
1.215000e-04
(6.825000e-04,-9.750000e-05)	(2.175000e-04,-4.275000e-04)
8.052632e-05
(-1.522500e-03,1.072500e-03)	(-1.012500e-03,8.175000e-04)
1.387500e-04
(-3.712500e-03,2.287500e-03)	(-3.172500e-03,2.107500e-03)
1.506818e-04
(7.500000e-06,8.250000e-05)	(4.575000e-04,-2.625000e-04)
1.292857e-04
(-1.417500e-03,2.917500e-03)	(-1.072500e-03,2.467500e-03)
1.425000e-04
(-1.192500e-03,-1.192500e-03)	(-1.672500e-03,-1.492500e-03)
1.234615e-04
(-2.647500e-03,2.557500e-03)	(-2.092500e-03,2.452500e-03)
9.675000e-05
(-1.597500e-03,2.242500e-03)	(-1.042500e-03,2.137500e-03)
1.608333e-04
(6.975000e-04,-4.725000e-04)	(1.575000e-04,-6.375000e-04)
1.852941e-04
(-7.275000e-04,1.927500e-03)	(-1.875000e-04,1.762500e-03)
8.625000e-05
(-3.075000e-04,2.167500e-03)	(-5.775000e-04,1.672500e-03)
7.200000e-05
(-2.167500e-03,8.175000e-04)	(-1.672500e-03,5.475000e-04)
1.550000e-04
(-2.107500e-03,1.042500e-03)	(-1.567500e-03,8.925000e-04)
1.483333e-04
(-3.337500e-03,2.632500e-03)	(-3.187500e-03,2.092500e-03)
1.602632e-04
(-1.402500e-03,-9.075000e-04)	(-1.117500e-03,-1.387500e-03)
1.450000e-04
(2.122500e-03,-1.425000e-04)	(1.642500e-03,-4.275000e-04)
7.565217e-05
(3.397500e-03,1.725000e-04)	(2.887500e-03,-5.250000e-05)
1.550000e-04
(1.132500e-03,9.675000e-04)	(6.375000e-04,7.125000e-04)
1.050000e-04
(-1.222500e-03,5.250000e-05)	(-1.762500e-03,-8.250000e-05)
8.785714e-05
(2.137500e-03,-2.775000e-04)	(1.582500e-03,-2.925000e-04)
8.470588e-05
(-1.275000e-04,-6.975000e-04)	(-6.525000e-04,-8.775000e-04)
1.382143e-04
(1.462500e-03,2.775000e-04)	(1.927500e-03,-2.250000e-05)
1.516667e-04
(-1.177500e-03,2.917500e-03)	(-1.387500e-03,2.407500e-03)
1.793478e-04
(-1.567500e-03,2.925000e-04)	(-1.087500e-03,2.250000e-05)
1.328571e-04
(1.432500e-03,1.822500e-03)	(8.925000e-04,1.732500e-03)
1.244118e-04
(-1.867500e-03,7.875000e-04)	(-2.377500e-03,5.925000e-04)
1.453125e-04
(-2.242500e-03,1.087500e-03)	(-1.717500e-03,9.375000e-04)
1.610526e-04
(-6.075000e-04,1.462500e-03)	(-1.425000e-04,1.177500e-03)
1.080000e-04
(-2.242500e-03,1.417500e-03)	(-1.747500e-03,1.192500e-03)
1.144737e-04
(1.327500e-03,3.975000e-04)	(1.822500e-03,1.725000e-04)
1.125000e-04
(-1.297500e-03,1.327500e-03)	(-1.522500e-03,8.325000e-04)
1.223684e-04
(-1.192500e-03,1.282500e-03)	(-7.125000e-04,1.027500e-03)
1.450000e-04
(-3.525000e-04,-9.975000e-04)	(-5.325000e-04,-1.507500e-03)
1.017857e-04
(-1.987500e-03,4.425000e-04)	(-2.167500e-03,-6.750000e-05)
1.307143e-04
(-2.707500e-03,2.617500e-03)	(-2.257500e-03,2.317500e-03)
9.840000e-05
(-1.207500e-03,-1.207500e-03)	(-1.657500e-03,-1.507500e-03)
1.040625e-04
(-1.582500e-03,1.372500e-03)	(-1.132500e-03,1.072500e-03)
1.058333e-04
(-1.477500e-03,2.437500e-03)	(-1.507500e-03,1.897500e-03)
1.185000e-04
(3.007500e-03,1.575000e-04)	(3.517500e-03,-2.250000e-05)
1.753125e-04
(-1.222500e-03,-1.087500e-03)	(-1.762500e-03,-1.087500e-03)
1.460000e-04
(-3.525000e-04,1.867500e-03)	(-8.925000e-04,1.867500e-03)
2.195455e-04
(-6.525000e-04,-1.372500e-03)	(-1.192500e-03,-1.372500e-03)
1.678125e-04
(-2.557500e-03,2.512500e-03)	(-2.287500e-03,2.047500e-03)
1.116667e-04
(1.447500e-03,9.750000e-05)	(1.957500e-03,-6.750000e-05)
1.438235e-04
(-3.075000e-04,1.207500e-03)	(-8.325000e-04,1.102500e-03)
1.075000e-04
(2.722500e-03,-4.725000e-04)	(3.232500e-03,-6.225000e-04)
1.885714e-04
(-3.375000e-04,2.407500e-03)	(-8.625000e-04,2.332500e-03)
1.687500e-04
(1.162500e-03,2.107500e-03)	(1.387500e-03,1.627500e-03)
1.975000e-04
(2.377500e-03,2.250000e-05)	(2.857500e-03,-2.025000e-04)
1.464286e-04
(1.987500e-03,2.775000e-04)	(1.492500e-03,9.750000e-05)
9.264706e-05
(3.487500e-03,-4.575000e-04)	(3.667500e-03,-9.525000e-04)
1.642105e-04
(-6.825000e-04,9.825000e-04)	(-1.177500e-03,8.025000e-04)
2.113636e-04
(-2.722500e-03,1.762500e-03)	(-2.197500e-03,1.732500e-03)
9.375000e-05
(3.682500e-03,6.750000e-05)	(3.157500e-03,3.750000e-05)
7.714286e-05
(2.077500e-03,9.675000e-04)	(1.627500e-03,6.975000e-04)
1.657143e-04
(-2.287500e-03,6.825000e-04)	(-1.837500e-03,4.125000e-04)
1.627500e-04
(-1.777500e-03,2.152500e-03)	(-1.327500e-03,1.882500e-03)
1.458333e-04
(-6.075000e-04,1.447500e-03)	(-1.575000e-04,1.177500e-03)
1.223077e-04
(-1.207500e-03,1.275000e-04)	(-1.657500e-03,-1.425000e-04)
6.428571e-05
(2.467500e-03,7.275000e-04)	(1.987500e-03,5.175000e-04)
1.268182e-04
(-3.562500e-03,2.977500e-03)	(-3.052500e-03,2.857500e-03)
1.470000e-04
(-2.122500e-03,1.462500e-03)	(-1.657500e-03,1.222500e-03)
1.411765e-04
(1.912500e-03,-3.975000e-04)	(1.447500e-03,-6.375000e-04)
1.255263e-04
(3.232500e-03,-1.725000e-04)	(3.697500e-03,-4.125000e-04)
8.916667e-05
(8.625000e-04,-5.250000e-05)	(1.342500e-03,-2.475000e-04)
1.485714e-04
(-1.282500e-03,2.767500e-03)	(-1.087500e-03,2.287500e-03)
1.579412e-04
(3.712500e-03,5.250000e-05)	(3.232500e-03,-1.425000e-04)
1.309091e-04
(1.132500e-03,2.572500e-03)	(6.525000e-04,2.377500e-03)
7.642857e-05
(3.727500e-03,1.125000e-04)	(3.247500e-03,-8.250000e-05)
1.239130e-04
(-1.417500e-03,-1.057500e-03)	(-1.867500e-03,-1.312500e-03)
1.490000e-04
(-5.475000e-04,-6.075000e-04)	(-9.975000e-04,-8.625000e-04)
1.405263e-04
(-2.422500e-03,7.875000e-04)	(-1.972500e-03,5.325000e-04)
1.320000e-04
(-1.612500e-03,2.422500e-03)	(-1.537500e-03,1.912500e-03)
9.375000e-05
(-2.625000e-04,2.722500e-03)	(-7.725000e-04,2.662500e-03)
1.975000e-04
(3.712500e-03,-9.375000e-04)	(3.202500e-03,-9.825000e-04)
8.678571e-05
(2.962500e-03,-2.475000e-04)	(2.452500e-03,-2.625000e-04)
1.228571e-04
(-1.117500e-03,6.750000e-05)	(-1.627500e-03,5.250000e-05)
9.468750e-05
(-1.402500e-03,2.767500e-03)	(-1.417500e-03,2.257500e-03)
1.121053e-04
(-3.675000e-04,1.882500e-03)	(9.750000e-05,1.672500e-03)
1.961538e-04
(2.797500e-03,-8.025000e-04)	(3.247500e-03,-1.042500e-03)
1.320000e-04
(-1.575000e-04,1.807500e-03)	(-6.675000e-04,1.807500e-03)
1.407692e-04
(3.337500e-03,-6.225000e-04)	(2.842500e-03,-7.425000e-04)
8.040000e-05
(-3.675000e-04,-9.525000e-04)	(-8.475000e-04,-1.117500e-03)
1.441667e-04
(2.812500e-03,-8.625000e-04)	(3.292500e-03,-1.027500e-03)
1.900000e-04
(2.017500e-03,1.087500e-03)	(1.522500e-03,9.825000e-04)
8.925000e-05
(-6.525000e-04,2.797500e-03)	(-5.475000e-04,2.302500e-03)
1.500000e-04
(-2.707500e-03,2.677500e-03)	(-2.212500e-03,2.572500e-03)
1.181250e-04
(-8.175000e-04,1.882500e-03)	(-1.012500e-03,1.417500e-03)
1.594737e-04
(2.797500e-03,-7.500000e-06)	(2.332500e-03,-2.025000e-04)
1.291304e-04
(-6.075000e-04,2.475000e-04)	(-1.102500e-03,1.575000e-04)
1.190625e-04
(-1.387500e-03,2.527500e-03)	(-1.537500e-03,2.047500e-03)
8.142857e-05
(3.457500e-03,6.750000e-05)	(3.517500e-03,-4.275000e-04)
1.564286e-04
(-1.972500e-03,5.475000e-04)	(-2.467500e-03,4.875000e-04)
1.441304e-04
(3.517500e-03,3.525000e-04)	(3.037500e-03,2.175000e-04)
1.968750e-04
(-2.917500e-03,2.572500e-03)	(-3.412500e-03,2.557500e-03)
1.377273e-04
(-1.267500e-03,9.750000e-05)	(-1.747500e-03,-2.250000e-05)
8.062500e-05
(3.712500e-03,-1.275000e-04)	(3.232500e-03,-2.475000e-04)
1.485714e-04
(-1.657500e-03,2.437500e-03)	(-1.177500e-03,2.317500e-03)
1.453125e-04
(-2.212500e-03,1.687500e-03)	(-2.692500e-03,1.567500e-03)
1.092857e-04
(3.112500e-03,6.750000e-05)	(3.577500e-03,-9.750000e-05)
1.729412e-04
(-8.325000e-04,1.237500e-03)	(-1.312500e-03,1.132500e-03)
8.531250e-05
(1.492500e-03,-3.525000e-04)	(1.942500e-03,-5.475000e-04)
1.108696e-04
(1.312500e-03,-1.575000e-04)	(1.792500e-03,-2.475000e-04)
1.293750e-04
(1.867500e-03,1.342500e-03)	(1.417500e-03,1.162500e-03)
1.031250e-04
(2.542500e-03,5.625000e-04)	(2.092500e-03,3.825000e-04)
1.240000e-04
(3.007500e-03,-2.025000e-04)	(2.527500e-03,-2.325000e-04)
1.184211e-04
(2.872500e-03,-6.375000e-04)	(3.337500e-03,-7.575000e-04)
1.171429e-04
(-1.852500e-03,8.025000e-04)	(-2.332500e-03,7.875000e-04)
1.666667e-04
(7.275000e-04,2.407500e-03)	(2.625000e-04,2.302500e-03)
8.357143e-05
(-1.102500e-03,2.767500e-03)	(-1.012500e-03,2.302500e-03)
2.380000e-04
(-2.362500e-03,2.857500e-03)	(-2.287500e-03,2.392500e-03)
1.792857e-04
(3.382500e-03,-5.775000e-04)	(2.932500e-03,-7.125000e-04)
1.418182e-04
(2.032500e-03,1.462500e-03)	(1.582500e-03,1.327500e-03)
9.825000e-05
(-2.175000e-04,2.737500e-03)	(-6.825000e-04,2.692500e-03)
2.075000e-04
(2.917500e-03,4.125000e-04)	(2.452500e-03,3.825000e-04)
1.517647e-04
(-6.825000e-04,1.927500e-03)	(-5.625000e-04,1.477500e-03)
8.029412e-05
(2.992500e-03,2.175000e-04)	(2.542500e-03,9.750000e-05)
1.410000e-04
(-1.102500e-03,1.147500e-03)	(-6.525000e-04,1.027500e-03)
1.143750e-04
(2.062500e-03,6.375000e-04)	(2.527500e-03,6.375000e-04)
1.171875e-04
(2.812500e-03,5.775000e-04)	(2.707500e-03,1.275000e-04)
1.605882e-04
(-1.612500e-03,3.975000e-04)	(-2.062500e-03,3.075000e-04)
1.147059e-04
(-1.807500e-03,2.407500e-03)	(-1.357500e-03,2.317500e-03)
9.750000e-05
(-2.302500e-03,1.372500e-03)	(-1.852500e-03,1.297500e-03)
1.226471e-04
(-1.267500e-03,2.347500e-03)	(-1.327500e-03,1.897500e-03)
2.525000e-04
(1.117500e-03,4.425000e-04)	(6.675000e-04,3.975000e-04)
1.142308e-04
