# time=1e+06
x1 y1 x2 y2 aperture velocity
0.0443843 -0.00631477 0.05 -0.010437 7.41558e-05 0.0510426
0.0440694 -0.0250904 0.05 -0.0303778 0.000177318 0.48825
-0.05 0.000316541 -0.04286 -0.00160796 2.22582e-05 0.00340257
-0.05 -0.0312056 -0.04959 -0.0314953 0.000373995 0.467551
0.0474957 0.00801726 0.05 0.0066314 0.000252323 1.06486
0.0458809 0.000579001 0.05 -0.00302134 0.000330968 1.20358
-0.05 0.0299759 -0.0423835 0.0272751 0.000131725 0.118434
-0.05 -0.0125039 -0.0419318 -0.0146018 4.557e-05 0.0131049
0.0450408 -0.0429945 0.05 -0.0416201 0.000104191 0.272142
0.0477065 0.0302897 0.05 0.0347524 3.30499e-05 0.0133511
-0.05 -0.043985 -0.0489825 -0.0437807 0.000111127 0.0401002
-0.05 0.0229315 -0.0399407 0.0178426 3.11145e-05 0.00623606
-0.05 0.0272741 -0.046455 0.0239504 0.000138849 0.101377
-0.05 -0.00702845 -0.0488496 -0.00688577 9.48929e-05 0.0625387
0.0497351 -0.0141077 0.05 -0.014426 3.15209e-05 0.00925467
0.0490599 0.0294953 0.05 0.0313998 7.81641e-05 0.0920447
-0.05 0.025353 -0.046455 0.0239504 0.000117832 0.0930621
-0.05 0.0444191 -0.0461801 0.0430894 0.000254947 0.481191
-0.05 0.0366396 -0.0228218 0.0300215 0.000118634 0.106327
-0.05 0.0132453 -0.0320246 0.00808241 6.46759e-05 0.0287967
-0.05 0.00378124 -0.039767 0.00115824 2.26532e-05 0.00354501
0.0487448 0.0137711 0.05 0.0195529 7.79023e-05 0.0429724
-0.05 -0.0286948 -0.0496576 -0.0281995 4.88291e-05 0.00778569
-0.05 -0.0319792 -0.04959 -0.0314953 0.000247306 0.161846
-0.05 0.0181997 -0.0357353 0.0138996 0.000544808 2.0529
-0.05 -0.027879 -0.0496576 -0.0281995 0.000102473 0.0440163
-0.05 -0.00799343 -0.0488104 -0.00692954 0.00017642 0.162366
-0.05 -0.00560268 -0.0488496 -0.00688577 4.70573e-05 0.010345
0.0487448 0.0137711 0.05 0.0125904 7.84648e-05 0.14968
-0.05 -0.0440359 -0.0489825 -0.0437807 9.49983e-05 0.0289918
-0.05 -0.0299924 -0.048906 -0.0306882 0.000111152 0.0545999
-0.05 0.0415005 -0.0461801 0.0430894 3.30736e-05 0.00791728
0.0453562 -0.0476437 0.05 -0.044689 8.86444e-05 0.183049
-0.05 -0.00877678 -0.0433793 -0.0129873 2.93384e-05 0.00471066
-0.05 0.0282563 -0.0448113 0.0233 9.3618e-05 0.0457714
-0.05 0.0205776 -0.0374354 0.0154937 8.4088e-05 0.0473504
0.0490599 0.0294953 0.05 0.0289434 3.86482e-05 0.0438448
0.0429283 0.0469867 0.05 0.046622 3.09266e-05 0.0264699
-0.05 0.0460933 -0.0454404 0.043397 0.000742154 3.71054
-0.0228246 0.0430204 -0.0224412 0.042739 8.50294e-05 0.0227668
-0.0224412 0.042739 -0.0228816 0.0437668 0.000182892 0.04308
0.0101839 0.0187903 0.0232593 0.00919225 5.44299e-05 0.0149438
0.0205138 0.0170522 0.0232593 0.00919225 0.00065512 2.62703
0.0348415 0.000690202 0.0369482 -0.000856241 5.92919e-05 0.0351459
0.0369482 -0.000856241 0.0394415 -0.00174035 0.000160061 0.262232
0.0369482 -0.000856241 0.0414656 -0.00417222 6.22542e-05 0.0338614
0.0394415 -0.00174035 0.0414656 -0.00417222 3.15437e-05 0.00688186
0.0414656 -0.00417222 0.0443843 -0.00631477 6.12178e-05 0.0343786
0.0441494 -0.00739678 0.0443843 -0.00631477 0.000121909 0.0250235
-0.0221296 0.0339296 -0.0165246 0.0289324 0.000804027 2.86648
-0.0184557 0.0334386 -0.0165246 0.0289324 0.000202153 0.0427409
0.0438103 -0.0248594 0.0439864 -0.0250164 0.000179524 0.48737
0.0439864 -0.0250164 0.0441792 -0.0250683 2.76501e-05 0.0152636
0.0439864 -0.0250164 0.0440694 -0.0250904 0.000179035 0.488653
0.0440694 -0.0250904 0.0441792 -0.0250683 0.000134299 0.369005
0.0017112 -0.0136216 -0.000285636 -0.00896189 0.000112233 0.00772115
0.0017112 -0.0136216 0.0051786 -0.0145562 2.41131e-05 0.00376186
0.00765677 -0.0274958 0.00787526 -0.0280057 0.000117723 0.000500109
0.00722648 -0.0282365 0.00787526 -0.0280057 0.000337102 0.837067
0.0111578 -0.0356656 0.0123643 -0.038481 0.000104601 0.00220874
0.00850765 -0.0459855 0.0123643 -0.038481 3.30298e-05 0.000354621
0.0123643 -0.038481 0.0138245 -0.0418884 0.000104588 0.00201094
0.011015 -0.0475801 0.0138245 -0.0418884 7.20998e-05 0.000352824
-0.0189195 -0.00806083 -0.00964767 -0.0105599 2.30775e-05 0.00279248
-0.0189195 -0.00806083 -0.0192217 -0.00410808 7.77771e-05 0.011412
-0.0313376 -0.00471369 -0.0277213 -0.00568841 2.3498e-05 0.00363354
-0.0313376 -0.00471369 -0.0263736 -0.00409799 9.93569e-05 0.0676552
-0.0330937 -0.00424034 -0.0313376 -0.00471369 2.39021e-05 0.00372309
-0.0330937 -0.00424034 -0.0309279 -0.00110746 5.19361e-05 0.0113215
-0.04286 -0.00160796 -0.0330937 -0.00424034 2.29289e-05 0.00329967
-0.04286 -0.00160796 -0.039767 0.00115824 0.00017301 0.160061
0.0331156 -0.0190251 0.0325395 -0.0173759 0.000317016 0.314999
0.0330102 -0.0190626 0.0331156 -0.0190251 0.000331903 0.907827
0.0383635 -0.0340489 0.0389133 -0.0356231 0.000289344 0.063149
0.0389133 -0.0356231 0.0446417 -0.0371126 5.11476e-05 0.062821
0.0389133 -0.0356231 0.0418017 -0.0438922 0.000290448 0.0617828
0.0369058 -0.045249 0.0418017 -0.0438922 0.000104146 0.268727
-0.0359186 -0.0411567 -0.0355098 -0.0414455 0.000275697 0.192778
-0.0359186 -0.0411567 -0.035836 -0.0411401 0.000115777 0.0656583
-0.04959 -0.0314953 -0.0366005 -0.0406747 0.000278088 0.208383
-0.04959 -0.0314953 -0.048906 -0.0306882 0.000344772 0.455194
0.0331156 -0.0190251 0.0355687 -0.0181523 0.000331665 0.462303
0.0355687 -0.0181523 0.0365775 -0.0184109 2.83863e-05 0.00909569
0.0360825 -0.0179695 0.0409692 -0.0162308 0.000330873 0.208405
0.0409692 -0.0162308 0.0421297 -0.0167004 0.00010187 0.222185
0.0409692 -0.0162308 0.0423373 -0.015744 0.000330549 0.140055
0.0423373 -0.015744 0.0421297 -0.0167004 8.76112e-05 0.195616
0.0179605 0.0243618 0.0198986 0.0232893 0.000146124 0.0968101
0.017648 0.0252564 0.0198986 0.0232893 0.000261163 0.242403
0.0372793 0.0136709 0.0387482 0.0128581 0.000260767 1.12143
0.0387482 0.0128581 0.0366047 0.00868707 7.30752e-05 0.0161168
0.0387482 0.0128581 0.0403972 0.0119455 0.000258067 1.13869
0.0403972 0.0119455 0.0381305 0.00735337 0.000174769 0.0367623
0.0403972 0.0119455 0.0474957 0.00801726 0.000258295 1.11971
0.0468369 0.00498253 0.0474957 0.00801726 0.000176438 0.023055
-0.0179426 -0.0208395 -0.0189195 -0.00806083 8.19309e-05 0.0107148
-0.0179426 -0.0208395 0.00340241 -0.0263896 4.79149e-05 0.0123053
-0.0162276 -0.043272 -0.0166847 -0.0372934 8.03634e-05 0.00609937
0.0257193 0.0182016 0.0259861 0.0179684 0.000326749 0.457127
0.0259861 0.0179684 0.031091 0.0161914 0.00028419 0.406186
0.0259861 0.0179684 0.0303184 0.0141817 0.000574685 1.75356
0.031091 0.0161914 0.0303184 0.0141817 9.17041e-05 0.013212
0.0303184 0.0141817 0.0333401 0.0115405 0.000564064 1.7688
0.0333401 0.0115405 0.0372793 0.0136709 0.00101293 2.18019
0.0381305 0.00735337 0.0415878 0.00433147 0.000381245 1.74784
0.0415878 0.00433147 0.0468369 0.00498253 0.000276322 1.04668
0.0415878 0.00433147 0.0458809 0.000579001 0.000332826 1.2154
0.0458809 0.000579001 0.0449531 -0.0036948 0.000107166 0.00294508
0.0121161 0.00794934 0.0180793 0.00583476 0.000142876 0.126505
0.0116303 0.00964834 0.0121161 0.00794934 2.49171e-05 0.00260621
-0.0423835 0.0272751 -0.0210423 0.0197074 0.00021256 0.336546
-0.05 0.0357977 -0.0423835 0.0272751 0.000407798 0.802474
-0.0405122 -0.0149709 -0.0400859 -0.0150818 4.58917e-05 0.0135595
-0.0405122 -0.0149709 -0.0404352 -0.0148596 5.02447e-05 0.00975392
-0.0419318 -0.0146018 -0.0405122 -0.0149709 4.69076e-05 0.014181
-0.0419318 -0.0146018 -0.0409862 -0.0156566 4.70573e-05 0.00977352
0.0418017 -0.0438922 0.0450408 -0.0429945 0.000104412 0.439906
0.0450408 -0.0429945 0.0453562 -0.0476437 0.00045734 0.0354796
0.0397398 0.0147875 0.0390393 0.0134246 3.81747e-05 0.0163459
0.0397398 0.0147875 0.041579 0.0143397 0.00013186 0.353208
0.0398921 0.015084 0.0423221 0.0198124 3.41745e-05 0.00193513
0.0350957 0.0266099 0.0423221 0.0198124 8.40829e-05 0.0205751
0.0423221 0.0198124 0.0477065 0.0302897 4.04134e-05 0.0237734
0.0385714 0.0356521 0.0477065 0.0302897 3.56963e-05 0.01955
-0.0489825 -0.0437807 -0.0359186 -0.0411567 0.00010987 0.0393038
-0.0489825 -0.0437807 -0.0366005 -0.0406747 9.64339e-05 0.0299902
-0.0399407 0.0178426 -0.0381487 0.0169361 3.20875e-05 0.00664343
-0.0399407 0.0178426 -0.0374354 0.0154937 0.000136647 0.0986879
-0.046455 0.0239504 -0.0399407 0.0178426 0.00013684 0.0986889
-0.046455 0.0239504 -0.0448113 0.0233 0.000119603 0.096463
-0.0487472 -0.00687306 -0.0336164 -0.00499634 0.000100731 0.0677067
-0.0487472 -0.00687306 -0.04286 -0.00160796 0.000173308 0.159786
-0.0488496 -0.00688577 -0.0487472 -0.00687306 9.4584e-05 0.0623244
-0.0488496 -0.00688577 -0.0488104 -0.00692954 4.82794e-05 0.0109033
0.0441494 -0.00739678 0.0472434 -0.0111141 4.80964e-05 0.0170085
0.0472434 -0.0111141 0.05 -0.011945 0.000474026 2.41624
0.0472434 -0.0111141 0.0477308 -0.0116996 5.52744e-05 0.0224929
0.0477308 -0.0116996 0.05 -0.0130415 0.000312705 0.939005
0.0477308 -0.0116996 0.0497351 -0.0141077 3.10161e-05 0.00658928
0.0497351 -0.0141077 0.05 -0.0142125 0.000136835 0.253496
0.0426945 0.0165995 0.0436595 0.0185545 7.8728e-05 0.033323
0.0423221 0.0198124 0.0436595 0.0185545 7.26206e-05 0.0115033
0.0436595 0.0185545 0.0490599 0.0294953 7.80598e-05 0.0982804
0.0477065 0.0302897 0.0490599 0.0294953 4.02347e-05 0.0302569
0.0243782 0.0185281 0.0259861 0.0179684 0.000556279 1.75059
0.0243782 0.0185281 0.0257193 0.0182016 0.000265614 0.414726
-0.0461801 0.0430894 -0.0431173 0.0420233 0.000254378 0.48094
-0.0461801 0.0430894 -0.0454404 0.043397 4.36919e-05 0.0137189
0.0160235 -0.00571791 0.0147674 -0.00132426 2.13905e-05 0.000298351
0.0160235 -0.00571791 0.0220085 -0.00743691 6.96523e-05 0.00885058
0.018314 -0.0137295 0.0176116 -0.0112726 2.21654e-05 0.00330515
0.018314 -0.0137295 0.0194753 -0.0140272 2.35499e-05 0.00325281
0.0188582 -0.0156327 0.018314 -0.0137295 2.32713e-05 0.002226
0.0188582 -0.0156327 0.0194753 -0.0140272 7.39667e-05 0.0482443
0.0233188 -0.0312346 0.0227844 -0.0293656 2.34208e-05 0.00213391
0.0233188 -0.0312346 0.0237512 -0.0316807 0.000275965 0.100545
0.0273164 -0.0452172 0.0274652 -0.0457378 2.30792e-05 0.000464511
0.0274652 -0.0457378 0.0291917 -0.0473869 9.56258e-05 0.0185931
0.0274652 -0.0457378 0.0280288 -0.0477092 2.19921e-05 0.00113662
0.0106464 0.0218719 0.0173765 0.0202331 0.000143195 0.0837527
0.0106464 0.0218719 0.0108513 0.0232368 0.000104543 0.0225716
-0.0228218 0.0300215 -0.021812 0.0297757 0.000134828 0.1478
-0.0228218 0.0300215 -0.0217839 0.0294078 0.000275565 0.50422
-0.0228853 0.00545744 -0.0198871 0.00459629 9.68579e-05 0.073341
-0.024861 0.00766809 -0.0228853 0.00545744 0.000377462 0.574525
-0.0275275 0.00679075 -0.0258088 0.00629711 0.000147407 0.14955
-0.0275275 0.00679075 -0.0262868 0.00560566 0.000107235 0.0524803
-0.0320246 0.00808241 -0.0284296 0.00704984 6.92038e-05 0.0304607
-0.0320246 0.00808241 -0.0307483 0.00922386 0.000171743 0.15981
-0.0128852 -0.00573227 -0.000285636 -0.00896189 2.50849e-05 0.00430392
-0.015546 -0.00275501 -0.0128852 -0.00573227 0.000299656 0.213952
-0.0192217 -0.00410808 -0.0155158 -0.00505798 2.36805e-05 0.00287189
-0.0192217 -0.00410808 -0.0192896 -0.00321934 7.90321e-05 0.0122167
-0.0215804 -0.00350347 -0.0192217 -0.00410808 3.1636e-05 0.00461266
-0.0215804 -0.00350347 -0.0192896 -0.00321934 0.000132063 0.0979624
-0.0309279 -0.00110746 -0.0251044 -0.00260018 2.35952e-05 0.00366255
-0.0309279 -0.00110746 -0.0265237 0.00526295 5.08901e-05 0.0114449
-0.039767 0.00115824 -0.0309279 -0.00110746 2.34414e-05 0.00344941
-0.039767 0.00115824 -0.0320246 0.00808241 0.00017277 0.16028
0.0487448 0.0137711 0.0485023 0.0126538 7.87155e-05 0.0245503
0.0446268 0.0176446 0.0487448 0.0137711 7.86124e-05 0.216566
-0.0496576 -0.0281995 -0.0409862 -0.0156566 4.95273e-05 0.00915234
-0.0496576 -0.0281995 -0.0480626 -0.0296929 0.000102239 0.0434018
-0.0141226 0.00738455 -0.00627716 0.00501956 0.000530107 2.40369
-0.0141226 0.00738455 -0.0120106 0.00520616 0.000289302 0.25154
-0.0346169 0.0135625 -0.0284738 0.0117107 0.000500918 1.78952
-0.0346169 0.0135625 -0.0304004 0.00953495 0.000204928 0.212994
-0.0357353 0.0138996 -0.0346169 0.0135625 0.000511437 1.82903
-0.0357353 0.0138996 -0.0307483 0.00922386 0.00033722 0.581523
0.0119722 -0.0335468 0.0127054 -0.0316394 7.40571e-05 0.0401854
0.0104497 -0.0318432 0.0119722 -0.0335468 0.000271174 0.0240922
0.00744961 -0.0453126 0.0111578 -0.0356656 6.5412e-05 0.00164314
0.00744961 -0.0453126 0.00850765 -0.0459855 2.93384e-05 0.00126631
-0.0488104 -0.00692954 -0.0487472 -0.00687306 0.00017612 0.162489
-0.0488104 -0.00692954 -0.0433793 -0.0129873 5.06726e-05 0.0109244
0.0119722 -0.0335468 0.0138311 -0.0356268 0.000262877 0.015509
0.0123643 -0.038481 0.0138311 -0.0356268 3.30334e-05 0.000981707
0.0138311 -0.0356268 0.0158179 -0.0378499 0.000261054 0.0143361
0.0138245 -0.0418884 0.0158179 -0.0378499 7.21011e-05 0.00326985
-0.0154677 0.00877195 -0.0141226 0.00738455 0.000660902 1.67578
-0.0154677 0.00877195 -0.0136158 0.0109574 0.000249266 0.334186
-0.0200574 0.0135061 -0.0154677 0.00877195 0.000390213 0.241055
-0.0200574 0.0135061 -0.0136158 0.0109574 0.000143644 0.0769919
-0.020612 0.0140781 -0.0205055 0.0139682 0.000355123 0.0782726
-0.0209133 0.0180196 -0.020612 0.0140781 9.87305e-05 0.0724608
0.0438103 -0.0248594 0.0438179 -0.0249709 0.000506153 0.00478893
0.0429468 -0.0240894 0.0438103 -0.0248594 0.000179485 0.460888
0.0434931 -0.0201836 0.0435198 -0.020577 0.000504299 0.000893786
0.0434931 -0.0201836 0.044282 -0.0203858 2.26532e-05 0.00897419
-0.0336307 -0.0427735 -0.0312417 -0.0419235 0.00034463 0.661409
-0.0332804 -0.0406268 -0.0312417 -0.0419235 0.000113543 0.0394078
-0.0332804 -0.0406268 -0.0208395 -0.0381279 0.000129145 0.0935636
-0.048906 -0.0306882 -0.0429602 -0.03447 0.000172507 0.0807212
-0.048906 -0.0306882 -0.0480626 -0.0296929 0.000332133 0.448863
0.00695375 -0.00272968 0.00723125 -0.00257961 0.000540244 0.0886441
0.00699088 -0.00248235 0.00695375 -0.00272968 0.000114325 0.175711
0.00649095 -0.00297997 0.00695375 -0.00272968 0.000528106 0.0289191
0.00689861 -0.00309706 0.00649095 -0.00297997 7.99662e-05 0.0623472
0.00116224 -0.0413141 0.00744961 -0.0453126 3.09712e-05 0.00466993
0.00116224 -0.0413141 0.00233931 -0.0334722 8.42312e-05 0.00101677
-0.00984838 -0.0343117 -0.00792624 -0.0355342 3.5796e-05 0.00416498
-0.0167256 -0.0367587 -0.00984838 -0.0343117 0.000340173 0.678336
-0.0172736 -0.0295896 -0.0102404 -0.0340624 3.31939e-05 0.00470572
-0.0172736 -0.0295896 -0.0179426 -0.0208395 8.28621e-05 0.00689916
-0.0400859 -0.0150818 -0.0372237 -0.016902 2.95591e-05 0.00488587
-0.0400859 -0.0150818 -0.0364765 -0.0160203 4.60816e-05 0.0137193
-0.0404352 -0.0148596 -0.0400859 -0.0150818 3.02306e-05 0.005106
-0.0404352 -0.0148596 -0.0336164 -0.00499634 4.99999e-05 0.00999149
-0.0433793 -0.0129873 -0.0404352 -0.0148596 3.07585e-05 0.00532693
-0.0433793 -0.0129873 -0.0419318 -0.0146018 4.91042e-05 0.0107511
-0.0360532 0.0149344 -0.0346169 0.0135625 9.58587e-05 0.0481515
-0.0360532 0.0149344 -0.0286934 0.0119564 8.71474e-05 0.0521908
-0.0381487 0.0169361 -0.0360532 0.0149344 9.69542e-05 0.0494726
-0.0381487 0.0169361 -0.0290135 0.0123146 3.20408e-05 0.0067629
-0.0448113 0.0233 -0.0381487 0.0169361 9.72393e-05 0.0493637
-0.0448113 0.0233 -0.0355598 0.0196396 0.000117503 0.093803
-0.0374354 0.0154937 -0.0360532 0.0149344 8.65091e-05 0.0504856
-0.0374354 0.0154937 -0.0357353 0.0138996 0.000135404 0.0967445
0.0173765 0.0202331 0.0205138 0.0170522 0.00122166 1.59693
0.0205138 0.0170522 0.019591 0.0196938 0.000652351 0.352379
-0.0103577 0.0497353 -0.00309095 0.0493605 3.09266e-05 0.000363855
0.0180047 0.0482723 0.0429283 0.0469867 3.09266e-05 0.00642001
-0.0431173 0.0420233 -0.0228218 0.0300215 0.000279892 0.522555
-0.0431173 0.0420233 -0.0235794 0.0352221 0.000693509 3.90833
-0.0454404 0.043397 -0.0431173 0.0420233 0.000738284 3.7037
-0.0454404 0.043397 -0.0367862 0.0469967 0.000101987 0.196215
-0.0313319 0.0492653 -0.0228246 0.0430204 4.92662e-05 0.00434159
-0.0228246 0.0430204 -0.0228816 0.0437668 0.000107965 0.0457464
-0.0228816 0.0437668 -0.0246774 0.0479573 0.000169006 0.0465013
-0.0228816 0.0437668 -0.0231368 0.0471047 0.000113178 0.0438156
0.00367248 0.0235701 0.00870661 0.0198747 6.19759e-05 0.0172574
0.00794775 0.022529 0.00870661 0.0198747 2.40793e-05 0.00135958
0.00870661 0.0198747 0.0101839 0.0187903 5.88202e-05 0.0179583
0.0106464 0.0218719 0.0101839 0.0187903 9.91319e-05 0.007066
0.0315732 0.00308933 0.0331377 0.0019409 6.06783e-05 0.0352346
0.0331377 0.0019409 0.0325092 0.000717867 3.42317e-05 0.000463438
0.0331377 0.0019409 0.0348415 0.000690202 6.01257e-05 0.0352229
0.0348415 0.000690202 0.0345057 9.88431e-06 8.61042e-05 4.58041e-05
0.0394415 -0.00174035 0.0449531 -0.0036948 0.000159468 0.264167
0.0358009 0.00263369 0.0394415 -0.00174035 3.41194e-05 0.010853
0.0437291 -0.00933319 0.0441494 -0.00739678 0.000137129 0.0266037
0.0414656 -0.00417222 0.0441494 -0.00739678 3.09019e-05 0.00713583
-0.0235794 0.0352221 -0.0221296 0.0339296 0.000845361 2.97845
-0.0221296 0.0339296 -0.0221915 0.034739 0.000469443 0.457373
-0.0184557 0.0334386 -0.0224412 0.042739 0.000199761 0.0374091
-0.0184557 0.0334386 -0.00925826 0.030237 0.000394978 1.02367
0.0441792 -0.0250683 0.0456829 -0.0254736 2.82787e-05 0.0148917
0.0441792 -0.0250683 0.0446821 -0.0249673 0.000135127 0.366751
-0.0140892 0.0232492 -0.0110535 0.0161654 0.000155918 0.072397
-0.0110535 0.0161654 -0.00963023 0.0156607 0.000162596 0.189498
-0.00416004 7.91886e-05 -0.00517119 0.00243874 0.000121444 0.018953
-0.00416004 7.91886e-05 -0.00070239 -0.000913913 8.10754e-05 0.078623
-0.000285636 -0.00896189 -0.00187863 -0.00524458 0.000109725 0.00806261
-0.000285636 -0.00896189 0.00239031 -0.00964781 2.39082e-05 0.00375879
0.0282205 -0.0207668 0.034296 -0.0224044 2.54521e-05 0.00496443
0.0234044 -0.0224804 0.0282205 -0.0207668 0.000332395 0.9072
0.0196669 -0.0184613 0.0222895 -0.0191682 2.32947e-05 0.0025508
0.0196669 -0.0184613 0.0188582 -0.0156327 2.34916e-05 0.0027299
0.00784604 -0.0152752 0.0179489 -0.0179983 2.42306e-05 0.00414352
0.00784604 -0.0152752 0.0158301 -0.0235104 0.000278937 0.168413
0.0051786 -0.0145562 0.00784604 -0.0152752 2.42708e-05 0.00353078
0.0051786 -0.0145562 0.00544276 -0.0127963 9.43464e-05 0.0459296
0.00716424 -0.0263465 0.00765677 -0.0274958 0.000118433 0.000188339
0.00765677 -0.0274958 0.00861096 -0.0277439 5.38197e-05 0.0171918
-0.00984838 -0.0343117 -0.00653594 -0.0331332 0.000339923 0.679423
-0.00653594 -0.0331332 0.00273943 -0.0308065 0.000118496 0.0820767
0.0028938 -0.0297781 0.00722648 -0.0282365 0.00033978 0.690721
0.00623387 -0.0271258 0.00722648 -0.0282365 0.000299599 0.224501
0.00866303 -0.0298439 0.00846053 -0.0293714 0.000127209 0.0298242
0.00828097 -0.0294164 0.00866303 -0.0298439 0.00029604 0.0584622
0.00959347 -0.0320152 0.0111578 -0.0356656 0.000121139 0.00531076
0.0111578 -0.0356656 0.0119722 -0.0335468 7.4276e-05 0.00699798
0.00850765 -0.0459855 0.011015 -0.0475801 2.93384e-05 0.000867073
-0.0092509 -0.0106669 -0.00822913 -0.0109423 3.00491e-05 0.00614568
-0.0092509 -0.0106669 -0.00395127 -0.015729 0.000121662 0.0461063
-0.00964767 -0.0105599 -0.0092509 -0.0106669 3.02731e-05 0.00339282
-0.00964767 -0.0105599 -0.00300402 -0.016789 0.000171849 0.0903617
-0.0277213 -0.00568841 -0.0189195 -0.00806083 2.56821e-05 0.00288771
-0.0277213 -0.00568841 -0.0263736 -0.00409799 0.000316601 0.463226
-0.0263736 -0.00409799 -0.0215804 -0.00350347 0.000132962 0.0971186
-0.0263736 -0.00409799 -0.0251044 -0.00260018 0.000308404 0.455463
0.0241711 0.00658176 0.0253302 0.00326358 0.000312672 0.466713
0.0253302 0.00326358 0.0260267 0.00301657 0.000154647 0.196982
0.0298551 -0.00969057 0.0297981 -0.00952739 0.000316183 0.340429
0.0298551 -0.00969057 0.0428417 -0.0134206 7.85936e-05 0.0435664
0.0325395 -0.0173759 0.0312384 -0.0136508 0.000316779 0.315413
0.0325395 -0.0173759 0.0355687 -0.0181523 2.44144e-05 0.00104214
0.0282205 -0.0207668 0.0330102 -0.0190626 0.000332049 0.908072
0.0330102 -0.0190626 0.0331542 -0.0191354 3.8183e-05 0.00987819
0.0358135 -0.0267486 0.0383635 -0.0340489 0.00029056 0.0602351
0.0380694 -0.0354037 0.0383635 -0.0340489 8.13012e-05 0.0642735
0.0446417 -0.0371126 0.05 -0.0385058 4.86298e-05 0.0550655
0.0450408 -0.0429945 0.0446417 -0.0371126 0.000442401 0.00305295
0.0358697 -0.0455362 0.0369058 -0.045249 9.87831e-05 0.0561305
-0.0355098 -0.0414455 -0.0336307 -0.0427735 0.000275786 0.19177
-0.0355098 -0.0414455 -0.0339645 -0.0428923 0.000105322 0.0243461
-0.035836 -0.0411401 -0.0332804 -0.0406268 0.000115313 0.0683268
-0.035836 -0.0411401 -0.0355098 -0.0414455 0.000106293 0.02167
-0.0366005 -0.0406747 -0.0359186 -0.0411567 0.00027703 0.203702
-0.0366005 -0.0406747 -0.0363896 -0.0406218 0.000100661 0.0438037
0.0414853 -0.0196689 0.0434931 -0.0201836 2.66208e-05 0.0245684
0.0414853 -0.0196689 0.0411596 -0.021169 8.20948e-05 0.0816681
0.0365775 -0.0184109 0.0414853 -0.0196689 2.65172e-05 0.00913048
0.0360825 -0.0179695 0.0365775 -0.0184109 0.0001779 0.451284
0.0355687 -0.0181523 0.0360825 -0.0179695 0.000331209 0.462237
0.0360825 -0.0179695 0.0312384 -0.0136508 0.000175429 0.0219913
0.0421297 -0.0167004 0.0485758 -0.0193087 0.000103471 0.315602
0.0421297 -0.0167004 0.0414853 -0.0196689 8.2451e-05 0.0863111
0.00770911 0.0300349 0.0115525 0.027908 0.000274773 0.0848617
0.0115525 0.027908 0.0119076 0.030274 0.000112178 0.000800932
0.0175072 0.0246126 0.0179605 0.0243618 0.000230889 0.11126
0.017648 0.0252564 0.0179605 0.0243618 0.000347891 0.0741125
-0.00126987 0.0417919 0.00223883 0.0387251 0.000218458 0.0129082
0.00223883 0.0387251 0.00309769 0.0394932 0.000162254 0.06553
0.00367658 0.0374684 0.00664838 0.0348709 0.000306626 0.397136
0.00664838 0.0348709 0.00781914 0.0362525 0.000410375 0.10294
0.0119076 0.030274 0.015165 0.0274268 0.000291401 0.131085
0.0120432 0.0311774 0.015165 0.0274268 2.64727e-05 0.00099472
0.015165 0.0274268 0.017648 0.0252564 0.000283713 0.134529
0.0131062 0.0382591 0.017648 0.0252564 0.000370855 0.13731
0.0317427 0.0167348 0.0354949 0.0146584 0.00015066 0.119842
0.0354949 0.0146584 0.0376915 0.0138938 0.000283658 0.417699
0.0354949 0.0146584 0.0372793 0.0136709 0.000138262 0.104414
0.0372793 0.0136709 0.0376915 0.0138938 0.000989315 1.95124
0.0366047 0.00868707 0.0343745 0.00434743 5.76868e-05 0.00346202
0.0333401 0.0115405 0.0366047 0.00868707 0.000382828 1.73589
0.0381305 0.00735337 0.0363161 0.00367761 0.000162458 0.0344343
0.0366047 0.00868707 0.0381305 0.00735337 0.000381762 1.7433
0.0458809 0.000579001 0.0468369 0.00498253 0.00013847 0.0422896
0.0468369 0.00498253 0.05 0.00537486 0.000264399 1.10064
0.00340241 -0.0263896 0.00623387 -0.0271258 5.63555e-05 0.0164431
0.00340241 -0.0263896 0.00371497 -0.0243073 9.69049e-05 0.0256554
-0.0166847 -0.0372934 -0.0167256 -0.0367587 9.28291e-05 0.0120492
-0.0166847 -0.0372934 -0.00792624 -0.0355342 0.000136848 0.106798
0.0198986 0.0232893 0.0257193 0.0182016 0.000255441 0.245512
0.0257193 0.0182016 0.0313377 0.0168335 0.000168979 0.139101
0.031091 0.0161914 0.0354949 0.0146584 0.000281211 0.408465
0.0313377 0.0168335 0.031091 0.0161914 9.3984e-05 0.00683828
0.0443843 -0.00631477 0.0449531 -0.0036948 8.66312e-05 0.0158151
0.0449531 -0.0036948 0.05 -0.00548444 0.000158417 0.276561
0.0180793 0.00583476 0.0209244 0.00482588 0.000148033 0.12935
0.0180793 0.00583476 0.0203295 0.00450413 0.000281761 0.500296
0.00978205 0.0161131 0.0116303 0.00964834 2.25965e-05 0.00186784
0.0116303 0.00964834 0.0180793 0.00583476 0.00028366 0.500732
-0.0195985 0.0191954 -0.0174246 0.0184246 0.000153859 0.173853
-0.0195985 0.0191954 -0.0143597 0.0238806 0.000255039 0.374374
-0.0210423 0.0197074 -0.0195985 0.0191954 0.000207581 0.333791
-0.0217839 0.0294078 -0.0210423 0.0197074 7.67092e-05 0.00271777
-0.0409862 -0.0156566 -0.0385093 -0.0184192 4.74383e-05 0.00982432
-0.0409862 -0.0156566 -0.0405122 -0.0149709 4.88291e-05 0.00915759
0.0390393 0.0134246 0.0387482 0.0128581 8.64554e-05 0.0301006
0.0390393 0.0134246 0.0408212 0.0128043 0.000477312 4.1599
0.041579 0.0143397 0.0485023 0.0126538 0.000131142 0.386864
0.041579 0.0143397 0.0408212 0.0128043 8.18417e-05 0.0516281
0.0398921 0.015084 0.0397398 0.0147875 3.57514e-05 0.0210884
0.0398921 0.015084 0.0426945 0.0165995 0.000454792 0.0709039
0.00945447 0.0487133 0.0117214 0.0485964 3.09266e-05 0.000151573
0.0124794 0.0478835 0.0142945 0.0461761 7.219e-05 0.00449661
0.0146352 0.0484461 0.0142945 0.0461761 8.30702e-05 0.0018917
0.0142945 0.0461761 0.0153706 0.0451639 7.21899e-05 0.00422709
0.0153706 0.0451639 0.0176949 0.0479067 0.000219052 0.0018827
0.0153706 0.0451639 0.0350957 0.0266099 7.22652e-05 0.019664
0.0350957 0.0266099 0.0385714 0.0356521 6.46728e-05 0.0163282
0.0148086 0.049601 0.0169823 0.0483251 3.56763e-05 0.000854677
0.0146352 0.0484461 0.0169823 0.0483251 3.09266e-05 0.000568947
0.0169823 0.0483251 0.0176949 0.0479067 3.56763e-05 0.000879001
0.0176949 0.0479067 0.0180047 0.0482723 0.000219052 0.000830037
0.0176949 0.0479067 0.0385714 0.0356521 3.56763e-05 0.00734234
0.0385714 0.0356521 0.0429283 0.0469867 6.4639e-05 0.00959291
-0.0336164 -0.00499634 -0.0313376 -0.00471369 9.95958e-05 0.0674567
-0.0336164 -0.00499634 -0.0330937 -0.00424034 5.27606e-05 0.0113972
0.0426945 0.0165995 0.041579 0.0143397 7.90003e-05 0.106144
0.0426945 0.0165995 0.0446268 0.0176446 0.000453504 0.0468302
0.014069 0.00111839 0.0141243 0.000925088 4.70455e-05 0.00556373
0.0141243 0.000925088 0.0147961 0.00100841 0.000201652 0.106586
0.0144284 -0.000138394 0.0147674 -0.00132426 4.78137e-05 0.00602076
0.0147674 -0.00132426 0.0187637 -0.00252893 0.000242498 0.18526
0.0220085 -0.00743691 0.0253428 -0.00839457 6.684e-05 0.0136429
0.0220085 -0.00743691 0.0225854 -0.0059362 6.71652e-05 0.0236337
0.0161591 -0.00619204 0.0160235 -0.00571791 2.49303e-05 0.00242803
0.0161591 -0.00619204 0.0216353 -0.00840786 9.02489e-05 0.00922825
0.0176116 -0.0112726 0.0161591 -0.00619204 2.15329e-05 0.00328513
0.0176116 -0.0112726 0.0200584 -0.0125104 3.16453e-05 0.00163052
0.0194753 -0.0140272 0.0242964 -0.0152629 2.4388e-05 0.00248213
0.0194753 -0.0140272 0.0200584 -0.0125104 7.3577e-05 0.0487182
0.0207342 -0.0221945 0.0196669 -0.0184613 2.45036e-05 0.00225697
0.0199569 -0.023707 0.0207342 -0.0221945 3.92482e-05 0.0115732
0.0217653 -0.025801 0.0210549 -0.0233163 2.46781e-05 0.00133702
0.0216341 -0.0260669 0.0217653 -0.025801 8.88998e-05 0.0556084
0.0218274 -0.0260184 0.0217653 -0.025801 2.72109e-05 0.00105832
0.0218274 -0.0260184 0.0344522 -0.0228515 0.000115345 0.119994
0.0227844 -0.0293656 0.0218274 -0.0260184 2.43115e-05 0.0014105
0.0227844 -0.0293656 0.0358135 -0.0267486 0.000136334 0.183189
0.0237512 -0.0316807 0.0361102 -0.0444284 0.000273445 0.0998004
0.0237512 -0.0316807 0.0380694 -0.0354037 5.21297e-05 0.0238341
0.0234218 -0.031595 0.0233188 -0.0312346 2.42753e-05 0.00146452
0.0234218 -0.031595 0.0237512 -0.0316807 5.34377e-05 0.0146971
0.0273164 -0.0452172 0.0234218 -0.031595 2.18499e-05 0.00119969
0.0273164 -0.0452172 0.0295304 -0.047293 0.000142597 0.0404157
0.0280288 -0.0477092 0.0291917 -0.0473869 9.4271e-05 0.000265158
0.0173765 0.0202331 0.019591 0.0196938 0.000293543 0.268331
0.0162766 0.0213483 0.0173765 0.0202331 0.00124687 1.61819
0.0108513 0.0232368 0.0113219 0.0263719 9.61834e-05 0.0503152
0.0108513 0.0232368 0.0162766 0.0213483 0.00022088 0.202222
-0.0113401 0.0272257 -0.0107736 0.0270877 0.000665395 3.17584
-0.0113401 0.0272257 -0.00925826 0.030237 0.000316034 0.560016
-0.0163121 0.0284364 -0.0158391 0.0283212 0.00034833 0.915657
-0.0165246 0.0289324 -0.0163121 0.0284364 0.000643943 0.471599
-0.021812 0.0297757 -0.0163121 0.0284364 0.000134477 0.142121
-0.021812 0.0297757 -0.0221296 0.0339296 8.53601e-05 0.0184695
-0.0132999 0.0243908 -0.00774825 0.0211078 0.000305574 0.602031
-0.0132999 0.0243908 -0.0125871 0.0254219 6.26685e-05 0.0198533
-0.0150123 0.0254034 -0.0135945 0.024565 0.000275136 0.496481
-0.0163121 0.0284364 -0.0150123 0.0254034 0.000121431 0.0316596
-0.0217839 0.0294078 -0.0150123 0.0254034 0.000275314 0.501159
-0.0217839 0.0294078 -0.021812 0.0297757 8.58764e-05 0.00886132
-0.0198871 0.00459629 -0.0191786 0.00439278 9.76976e-05 0.0770784
-0.0198871 0.00459629 -0.0201337 0.00782243 0.000103687 0.0194532
-0.0284738 0.0117107 -0.0282489 0.0114591 0.000584279 1.50906
-0.0282489 0.0114591 -0.0280952 0.0115966 0.000489984 1.85399
-0.0282489 0.0114591 -0.024861 0.00766809 0.000369748 0.548828
-0.024861 0.00766809 -0.023557 0.00955423 7.52019e-05 0.0386288
-0.0258088 0.00629711 -0.0228853 0.00545744 9.80281e-05 0.0631054
-0.0258088 0.00629711 -0.024861 0.00766809 0.000151857 0.110883
-0.0149788 -0.00519563 -0.0092509 -0.0106669 0.000126322 0.0450544
-0.0149788 -0.00519563 -0.0128852 -0.00573227 3.13349e-05 0.0058259
-0.0194662 -0.000909324 -0.0173055 -0.00297324 0.00012335 0.0426608
-0.0194662 -0.000909324 -0.0196786 0.00186924 9.4551e-05 0.0158203
-0.0262868 0.00560566 -0.0217903 0.00131067 0.000104966 0.0499789
-0.0262868 0.00560566 -0.0258088 0.00629711 5.68548e-05 0.0172347
-0.0284296 0.00704984 -0.0275275 0.00679075 6.72576e-05 0.0290789
-0.0284296 0.00704984 -0.0265237 0.00526295 0.000137925 0.0869503
-0.0304004 0.00953495 -0.0282489 0.0114591 0.000334788 0.685922
-0.0304004 0.00953495 -0.0275275 0.00679075 0.000179241 0.143475
-0.0307483 0.00922386 -0.0304004 0.00953495 0.000328102 0.645247
-0.0307483 0.00922386 -0.0284296 0.00704984 0.000137388 0.0861826
-0.0196786 0.00186924 -0.015546 -0.00275501 0.000293482 0.210834
-0.015546 -0.00275501 -0.00550027 -0.00150901 0.00010932 0.103036
-0.0155158 -0.00505798 -0.0149788 -0.00519563 3.22111e-05 0.00455931
-0.0155158 -0.00505798 -0.00964767 -0.0105599 0.000175213 0.088845
-0.0192896 -0.00321934 -0.0194296 -0.00138849 0.000102482 0.0156526
-0.0192896 -0.00321934 -0.0176886 -0.00302077 0.000127658 0.0963403
-0.0251044 -0.00260018 -0.0215804 -0.00350347 3.3053e-05 0.00514481
-0.0251044 -0.00260018 -0.0220197 0.00104 0.000307728 0.456193
-0.0265237 0.00526295 -0.0262868 0.00560566 5.06144e-05 0.0118202
-0.0265237 0.00526295 -0.0220197 0.00104 0.000137718 0.0869661
0.0474957 0.00801726 0.047993 0.0103078 0.000201002 0.122363
0.047993 0.0103078 0.05 0.0096092 0.00047096 4.25596
0.047993 0.0103078 0.0485023 0.0126538 0.000179127 0.0458539
0.0485023 0.0126538 0.05 0.0122891 0.000135931 0.447873
0.0446268 0.0176446 0.0436595 0.0185545 7.92967e-05 0.0531284
-0.0429602 -0.03447 -0.0363896 -0.0406218 0.000155952 0.0557499
-0.0429602 -0.03447 -0.0341654 -0.0400639 0.00015713 0.0763739
-0.0480626 -0.0296929 -0.0429602 -0.03447 0.000150769 0.0449035
-0.0480626 -0.0296929 -0.0385093 -0.0184192 0.000323558 0.453549
0.0114189 -0.000314861 0.0147674 -0.00132426 0.000242484 0.184057
0.0114189 -0.000314861 0.0128788 0.000474693 0.000943552 1.32352
0.00749381 0.000868339 0.00929331 0.000325885 0.000516458 2.41568
0.00773991 0.00250792 0.00749381 0.000868339 9.39145e-05 0.0278896
-0.00627716 0.00501956 0.00749381 0.000868339 0.00052162 2.45522
-0.00784293 0.00867334 -0.00627716 0.00501956 0.000118688 0.0485822
-0.0120106 0.00520616 -0.00916965 0.0022758 0.000296155 0.2599
-0.0120106 0.00520616 -0.00517119 0.00243874 0.000101889 0.0841869
-0.0269532 0.0112523 -0.0268552 0.0112228 0.000511536 2.04304
-0.0269532 0.0112523 -0.0267553 0.0111722 0.00018823 0.251059
-0.0284738 0.0117107 -0.0280952 0.0115966 0.000313843 0.768414
-0.0286934 0.0119564 -0.0284738 0.0117107 0.00035888 0.631061
0.0150887 -0.0254391 0.0158301 -0.0235104 7.97015e-05 0.0377345
0.00866106 -0.0277261 0.0150887 -0.0254391 0.000336155 0.871252
0.0136947 -0.0290658 0.0141232 -0.0279509 7.74859e-05 0.0414146
0.0136947 -0.0290658 0.0167894 -0.0298705 5.46673e-05 0.0157786
0.0127054 -0.0316394 0.0127397 -0.0315502 7.67346e-05 0.042927
0.0127054 -0.0316394 0.014835 -0.0336735 0.000104938 0.0165637
0.00866303 -0.0298439 0.0104497 -0.0318432 0.000293304 0.0513651
0.0104497 -0.0318432 0.0124898 -0.0314334 0.000134388 0.133083
-0.0136158 0.0109574 -0.0104318 0.0147147 0.000251251 0.306624
-0.0136158 0.0109574 -0.00784293 0.00867334 0.000130488 0.132739
-0.0205055 0.0139682 -0.0200574 0.0135061 0.00036854 0.111694
-0.0174246 0.0184246 -0.0205055 0.0139682 5.21522e-05 0.00148216
-0.0210423 0.0197074 -0.0209133 0.0180196 0.000122169 0.0201045
-0.0209133 0.0180196 -0.0195985 0.0191954 0.000213569 0.247884
0.0438179 -0.0249709 0.0438293 -0.0251386 0.000503323 0.00476336
0.0438179 -0.0249709 0.0439864 -0.0250164 2.72532e-05 0.0151732
0.0409182 -0.0222809 0.0429468 -0.0240894 0.000179698 0.460956
0.0429468 -0.0240894 0.0437869 -0.0245145 3.86292e-05 0.0262015
0.0435198 -0.020577 0.0437869 -0.0245145 0.000507779 0.0141545
0.0435198 -0.020577 0.044282 -0.0203858 0.00011304 0.231566
0.044282 -0.0203858 0.05 -0.0218515 2.60766e-05 0.0132069
0.044282 -0.0203858 0.0485758 -0.0193087 0.000112789 0.230831
-0.0339645 -0.0428923 -0.0336307 -0.0427735 0.00037722 0.464063
-0.0202296 -0.0380054 -0.0166847 -0.0372934 0.000138474 0.110081
-0.0207753 -0.0381995 -0.0202296 -0.0380054 0.000342843 0.677931
-0.0208395 -0.0381279 -0.0202296 -0.0380054 0.00012894 0.0971042
-0.0208395 -0.0381279 -0.0207753 -0.0381995 5.46963e-05 0.00910347
0.00723125 -0.00257961 0.0114189 -0.000314861 0.000518328 0.11028
0.00723125 -0.00257961 0.0124523 -0.00469219 9.96068e-05 0.00733973
0.00749381 0.000868339 0.00737671 8.81628e-05 0.000188712 0.189234
0.00737671 8.81628e-05 0.00929331 0.000325885 0.000178557 0.211845
0.00737671 8.81628e-05 0.00699088 -0.00248235 9.44308e-05 0.0952412
0.00699088 -0.00248235 0.00723125 -0.00257961 9.08578e-05 0.110094
0.00689861 -0.00309706 0.0124523 -0.00469219 7.64599e-05 0.00855167
0.00689861 -0.00309706 0.00695375 -0.00272968 0.000103567 0.120975
0.00273943 -0.0308065 0.0028938 -0.0297781 0.000103578 0.0365367
0.00273943 -0.0308065 0.00828097 -0.0294164 0.0001169 0.0770987
0.00233931 -0.0334722 0.00273943 -0.0308065 0.00010564 0.0290753
0.00233931 -0.0334722 0.00959347 -0.0320152 0.000131389 0.0878917
-0.00792624 -0.0355342 0.00116224 -0.0413141 3.4385e-05 0.00669702
-0.00792624 -0.0355342 0.00233931 -0.0334722 0.000134787 0.107828
-0.0202296 -0.0380054 -0.0167256 -0.0367587 0.000341203 0.673208
-0.0167256 -0.0367587 -0.0168058 -0.0357093 8.85212e-05 0.000765169
-0.0102404 -0.0340624 -0.00984838 -0.0343117 3.92852e-05 0.00888515
-0.0102404 -0.0340624 -0.00653594 -0.0331332 0.000126948 0.0985139
-0.0372237 -0.016902 -0.0172736 -0.0295896 3.25085e-05 0.00346597
-0.0372237 -0.016902 -0.0364765 -0.0160203 0.00032114 0.457465
-0.0364765 -0.0160203 -0.0179426 -0.0208395 5.95507e-05 0.0150427
-0.0364765 -0.0160203 -0.0277213 -0.00568841 0.000317969 0.461198
-0.0280045 0.0116777 -0.0269532 0.0112523 0.000106133 0.0839804
-0.0280045 0.0116777 -0.0279142 0.0117585 0.000210799 0.33983
-0.0286934 0.0119564 -0.0280045 0.0116777 0.00012389 0.116218
-0.0290135 0.0123146 -0.0286934 0.0119564 0.000363177 0.650716
-0.00397527 -0.000351996 -0.00243879 -0.00112928 3.88221e-05 0.0142649
-0.00397527 -0.000351996 -0.00416004 7.91886e-05 0.000129517 0.0270708
-0.00570439 0.000522754 -0.00397527 -0.000351996 4.02679e-05 0.0116582
-0.00570439 0.000522754 -0.00416004 7.91886e-05 8.26956e-05 0.0625183
-0.0201337 0.00782243 -0.017431 0.00645512 4.12739e-05 0.0119381
-0.0201337 0.00782243 -0.0201866 0.00851437 9.95578e-05 0.0206618
-0.023557 0.00955423 -0.0201337 0.00782243 4.25471e-05 0.012521
-0.023557 0.00955423 -0.023382 0.00980732 7.98911e-05 0.0496701
-0.0268552 0.0112228 -0.0267553 0.0111722 6.89298e-05 0.0302763
-0.0268552 0.0112228 -0.0231712 0.0101122 0.000511649 2.03934
-0.0279142 0.0117585 -0.0268552 0.0112228 3.9233e-05 0.0108041
-0.0279142 0.0117585 -0.0241497 0.0151252 0.000211146 0.340843
-0.0290135 0.0123146 -0.0279142 0.0117585 4.7077e-05 0.0160532
-0.0355598 0.0196396 -0.0290135 0.0123146 0.000364763 0.649365
-0.0205842 0.0137145 -0.0200574 0.0135061 0.000184626 0.346422
-0.0205842 0.0137145 -0.0205938 0.0138404 0.000121502 0.20574
-0.0206601 0.0137445 -0.0205842 0.0137145 0.000177941 0.361692
-0.0206601 0.0137445 -0.0205938 0.0138404 7.28595e-05 0.122627
-0.0241497 0.0151252 -0.0206601 0.0137445 0.000166209 0.359779
-0.0241497 0.0151252 -0.0209133 0.0180196 0.000213948 0.269403
-0.0355598 0.0196396 -0.0241497 0.0151252 0.000180124 0.252434
-0.0423835 0.0272751 -0.0355598 0.0196396 0.000381834 0.710549
0.0179605 0.0243618 0.0181373 0.0238556 0.000417061 0.0894961
0.0175072 0.0246126 0.0181373 0.0238556 5.59871e-05 0.00432209
0.019591 0.0196938 0.0193919 0.0202638 0.000363235 0.0710108
0.019591 0.0196938 0.0221123 0.0190799 0.000364842 0.775263
0.0169823 0.0483251 0.0180047 0.0482723 3.09266e-05 0.000540887
-0.0235794 0.0352221 -0.0221915 0.034739 0.000317146 0.669691
-0.0367862 0.0469967 -0.0235794 0.0352221 0.000332595 0.0595217
-0.0367862 0.0469967 -0.0313319 0.0492653 3.30736e-05 0.0064672
-0.0246774 0.0479573 -0.0231368 0.0471047 0.000150879 0.0520883
-0.00642169 0.0309798 -0.00193877 0.027689 9.2877e-05 0.0452716
-0.00193877 0.027689 -7.21369e-06 0.0270167 0.000712534 3.54034
-0.000396682 0.0265571 0.00367248 0.0235701 6.09848e-05 0.0113796
0.00367248 0.0235701 0.00794775 0.022529 0.000145433 0.10375
0.00544336 0.0312887 0.00502328 0.032758 5.73275e-05 0.0115538
0.00419724 0.0319783 0.00544336 0.0312887 0.00029294 0.25085
0.00740212 0.0244375 0.00544336 0.0312887 2.24513e-05 0.00142451
0.00740212 0.0244375 0.0108513 0.0232368 0.000220678 0.213644
0.00794775 0.022529 0.00740212 0.0244375 2.13905e-05 0.000132093
0.00794775 0.022529 0.0106464 0.0218719 0.000144894 0.103891
0.0272691 0.00624878 0.0315732 0.00308933 0.000107021 0.107125
0.0315732 0.00308933 0.0338746 0.00337478 0.000136224 0.150027
0.0207342 -0.0221945 0.0222895 -0.0191682 3.79276e-05 0.0115684
0.0222895 -0.0191682 0.0247164 -0.0198224 2.42507e-05 0.00315473
0.0311627 -0.00190211 0.0325092 0.000717867 5.93647e-05 0.00910792
0.0325092 0.000717867 0.0345057 9.88431e-06 0.000154598 0.226262
0.0217653 -0.025801 0.0234044 -0.0224804 8.87498e-05 0.0556551
0.0210549 -0.0233163 0.0234044 -0.0224804 0.000332525 0.908623
0.0297346 -0.00965597 0.0297981 -0.00952739 7.79271e-05 0.046589
0.0297981 -0.00952739 0.0287646 -0.00656861 0.000311531 0.32752
0.0313759 -0.00633085 0.0330199 -0.00300032 0.000110075 0.0884319
0.0330199 -0.00300032 0.0437291 -0.00933319 0.000470228 1.99984
0.0330199 -0.00300032 0.0345057 9.88431e-06 0.000138229 0.0507387
0.0345057 9.88431e-06 0.0369482 -0.000856241 0.000160913 0.260993
0.0299248 0.00969347 0.0343745 0.00434743 5.38912e-05 0.0275902
0.0343745 0.00434743 0.0338746 0.00337478 6.78122e-05 0.0157397
0.0350615 0.00352199 0.0358009 0.00263369 3.68108e-05 0.0123976
0.0348415 0.000690202 0.0358009 0.00263369 7.59046e-05 0.000395092
0.0423373 -0.015744 0.0428417 -0.0134206 8.77065e-05 0.332438
0.0428417 -0.0134206 0.05 -0.0154766 8.53881e-05 0.158107
0.0432496 -0.0115417 0.0435821 -0.0100104 8.28142e-05 0.11094
0.0435821 -0.0100104 0.0462178 -0.0108049 0.000354988 1.39384
0.0435821 -0.0100104 0.0437291 -0.00933319 0.000110436 0.0620537
0.0437291 -0.00933319 0.0462178 -0.0108049 0.000466215 2.02392
-0.0221915 0.034739 -0.0228246 0.0430204 0.000117061 0.0569013
-0.0221915 0.034739 -0.0184557 0.0334386 0.000397435 1.05788
-0.0078143 0.0297343 -0.00193877 0.027689 0.000723672 3.52295
-0.0078143 0.0297343 -0.00642169 0.0309798 0.000297482 0.600881
-0.00925826 0.030237 -0.0078143 0.0297343 0.000441691 1.30474
-0.00925826 0.030237 -0.0079627 0.0321109 9.43612e-05 0.053212
0.0456829 -0.0254736 0.05 -0.0266372 2.73335e-05 0.015389
0.0456829 -0.0254736 0.05 -0.0276576 3.80984e-05 0.0276298
0.0446821 -0.0249673 0.05 -0.0238991 0.000134329 0.368567
0.0446821 -0.0249673 0.0456829 -0.0254736 3.98142e-05 0.026427
-0.0150123 0.0254034 -0.0143597 0.0238806 0.000121695 0.0428985
-0.0143597 0.0238806 -0.0135945 0.024565 0.000246559 0.355512
-0.0143597 0.0238806 -0.0140892 0.0232492 0.000166719 0.0782502
-0.0140892 0.0232492 -0.0132999 0.0243908 8.39415e-05 0.0318259
0.0036393 0.0109552 0.00873655 0.00914773 0.000143834 0.132803
-0.0061909 0.0197194 0.0036393 0.0109552 0.000171506 0.175711
-0.00963023 0.0156607 0.0036393 0.0109552 0.000142824 0.151356
-0.00963023 0.0156607 -0.0061909 0.0197194 0.000260968 0.329885
-0.00517119 0.00243874 -0.00627716 0.00501956 0.000120083 0.00590802
-0.00517119 0.00243874 0.00221908 -0.000551554 9.98224e-05 0.101881
-0.00070239 -0.000913913 0.00649095 -0.00297997 8.47464e-05 0.121382
-0.00070239 -0.000913913 0.00221908 -0.000551554 0.000115795 0.190306
-0.00358144 -0.00127101 -0.00397527 -0.000351996 0.000130296 0.0275562
-0.00358144 -0.00127101 -0.00243879 -0.00112928 0.000118581 0.21885
-0.00187863 -0.00524458 -0.00358144 -0.00127101 0.000130109 0.0491794
-0.00187863 -0.00524458 0.00239031 -0.00964781 0.000288192 0.209331
0.00578474 -0.0105179 0.018314 -0.0137295 2.55337e-05 0.00384046
0.00578474 -0.0105179 0.00651414 -0.00565849 0.000104492 0.16902
0.00239031 -0.00964781 0.00578474 -0.0105179 2.59058e-05 0.00887255
0.00239031 -0.00964781 0.00544276 -0.0127963 0.000287181 0.209581
0.034296 -0.0224044 0.0352305 -0.0226563 2.77504e-05 0.00967996
0.0331542 -0.0191354 0.034296 -0.0224044 0.000316008 0.151575
0.0179489 -0.0179983 0.0196669 -0.0184613 2.53385e-05 0.00269337
0.0179489 -0.0179983 0.0188582 -0.0156327 7.42489e-05 0.0478949
0.0185933 -0.0263604 0.0189592 -0.0267379 0.0002908 0.128927
0.0183164 -0.0268991 0.0185933 -0.0263604 3.89982e-05 0.0110533
0.0158301 -0.0235104 0.0170303 -0.0247483 0.000278712 0.166696
0.0158301 -0.0235104 0.0179489 -0.0179983 7.51585e-05 0.0468874
0.00544276 -0.0127963 0.00578474 -0.0105179 0.000104704 0.167419
0.00544276 -0.0127963 0.00784604 -0.0152752 0.000280186 0.167715
0.00716424 -0.0263465 0.00714719 -0.0263067 0.000125817 0.00192074
0.00716424 -0.0263465 0.00862282 -0.0277397 0.000108474 0.034783
0.0087066 -0.0277688 0.0117229 -0.0285531 5.56124e-05 0.0156372
0.0087066 -0.0277688 0.0100032 -0.0289844 0.000163507 0.038898
0.00861096 -0.0277439 0.00863331 -0.0277497 5.75301e-05 0.0163284
0.00787526 -0.0280057 0.00861096 -0.0277439 0.000337023 0.848233
-0.00653594 -0.0331332 0.0028938 -0.0297781 0.000340157 0.687131
0.0028938 -0.0297781 0.00340241 -0.0263896 0.000103832 0.0271899
-0.0128852 -0.00573227 -0.00822913 -0.0109423 0.000299211 0.214519
-0.00822913 -0.0109423 0.0017112 -0.0136216 2.51916e-05 0.0042603
-0.00822913 -0.0109423 -0.00395127 -0.015729 0.000297773 0.215814
-0.00395127 -0.015729 0.00387979 -0.0232092 0.000109488 0.0367905
-0.00395127 -0.015729 -0.00300402 -0.016789 0.000298604 0.220509
-0.00300402 -0.016789 0.00387531 -0.023239 0.000157984 0.078293
0.00371497 -0.0243073 0.00623387 -0.0271258 0.000300296 0.224098
0.00623387 -0.0271258 0.00765677 -0.0274958 5.44107e-05 0.0176771
0.00846053 -0.0293714 0.00787526 -0.0280057 0.000128194 0.0283822
0.00846053 -0.0293714 0.00994201 -0.0289998 0.000117339 0.0991825
0.00722648 -0.0282365 0.00828097 -0.0294164 0.000298513 0.0662509
0.00828097 -0.0294164 0.00846053 -0.0293714 0.000116917 0.0982099
0.00959347 -0.0320152 0.00866303 -0.0298439 0.000123072 0.0126132
0.00959347 -0.0320152 0.0104497 -0.0318432 0.000131793 0.070962
0.0232593 0.00919225 0.0241711 0.00658176 0.000649251 2.63052
0.0241711 0.00658176 0.0256937 0.00740522 0.000914623 2.03829
0.027312 0.0025608 0.0325092 0.000717867 0.000154673 0.222554
0.027312 0.0025608 0.0315732 0.00308933 0.000114024 0.0974405
0.0260267 0.00301657 0.027312 0.0025608 0.000155656 0.213734
0.0272691 0.00624878 0.0260267 0.00301657 0.000110975 0.0203677
0.0312384 -0.0136508 0.0306862 -0.0120701 0.000315476 0.338054
0.0288249 -0.011499 0.0312384 -0.0136508 0.000173418 0.0165714
0.0407652 -0.0229858 0.0429468 -0.0240894 3.74925e-05 0.0240502
0.0405268 -0.0240839 0.0407652 -0.0229858 8.71547e-05 0.0328161
0.0384951 -0.0218374 0.0407652 -0.0229858 3.96488e-05 0.0223811
0.0384951 -0.0218374 0.0399979 -0.0214604 0.000122054 0.212169
0.0331542 -0.0191354 0.0384951 -0.0218374 3.79133e-05 0.0158042
0.0331156 -0.0190251 0.0331542 -0.0191354 0.000320424 0.150179
0.034296 -0.0224044 0.0344522 -0.0228515 0.000316245 0.151012
0.0344522 -0.0228515 0.0352305 -0.0226563 0.00012256 0.214341
0.0344522 -0.0228515 0.0358135 -0.0267486 0.000302521 0.116777
0.0358135 -0.0267486 0.0401368 -0.0258803 0.000134238 0.318842
0.0295304 -0.047293 0.0358697 -0.0455362 9.97331e-05 0.0758637
0.0358697 -0.0455362 0.0361102 -0.0444284 7.78977e-05 0.0259492
0.0361102 -0.0444284 0.0369058 -0.045249 0.000267716 0.0838284
0.0361102 -0.0444284 0.0380694 -0.0354037 8.42557e-05 0.0815269
0.0380694 -0.0354037 0.0389133 -0.0356231 5.54797e-05 0.0520201
-0.05 -0.0485977 -0.0339645 -0.0428923 0.000381997 0.451548
-0.0218692 -0.0369794 -0.0168058 -0.0357093 0.000131716 0.10057
-0.0218692 -0.0369794 -0.0208395 -0.0381279 6.59859e-05 0.0141747
-0.0363896 -0.0406218 -0.0341654 -0.0400639 0.000127607 0.082464
-0.0363896 -0.0406218 -0.035836 -0.0411401 0.000105037 0.0245686
0.0407652 -0.0229858 0.0409182 -0.0222809 8.77983e-05 0.0324125
0.0399979 -0.0214604 0.0409182 -0.0222809 0.000179859 0.450873
0.0409182 -0.0222809 0.0411596 -0.021169 8.78949e-05 0.0125862
0.0411596 -0.021169 0.0435198 -0.020577 0.000114566 0.287282
0.0485758 -0.0193087 0.05 -0.0198849 9.44587e-05 0.199317
0.0485758 -0.0193087 0.05 -0.0189514 0.000119477 0.33365
0.00544336 0.0312887 0.00770911 0.0300349 0.000280141 0.26006
0.00502328 0.032758 0.00770911 0.0300349 0.00146896 1.81081
0.0142945 0.0461761 0.0138782 0.0434027 8.30703e-05 0.00212593
0.0138782 0.0434027 0.0153706 0.0451639 0.000219334 0.00696783
0.0120432 0.0311774 0.0119076 0.030274 8.46169e-05 0.00194238
0.00664838 0.0348709 0.0119076 0.030274 0.000298347 0.127181
0.0115525 0.027908 0.0175072 0.0246126 0.00024598 0.105187
0.015165 0.0274268 0.0175072 0.0246126 3.46511e-05 0.00164296
-0.00126987 0.0417919 -0.0103577 0.0497353 0.000162871 6.90904e-05
-0.00126987 0.0417919 0.000762129 0.0447311 5.90886e-05 0.00221354
0.00425806 0.0405309 0.0103954 0.0460197 0.000162197 0.0651526
0.00203864 0.0431975 0.00425806 0.0405309 2.63781e-05 0.000806256
0.00309769 0.0394932 0.00425806 0.0405309 0.000162245 0.0653864
0.00203864 0.0431975 0.00309769 0.0394932 2.13905e-05 1.81978e-05
0.00223883 0.0387251 0.00367658 0.0374684 0.000308496 0.395099
0.00309769 0.0394932 0.00367658 0.0374684 2.16153e-05 0.0011225
0.00781914 0.0362525 0.0120593 0.0412562 0.000399449 0.105814
0.00425806 0.0405309 0.00781914 0.0362525 2.63434e-05 0.00236518
0.00781914 0.0362525 0.0120432 0.0311774 3.10879e-05 0.00126251
0.0131062 0.0382591 0.0120432 0.0311774 9.38351e-05 0.00161392
0.00371968 0.0490092 0.00945447 0.0487133 3.14554e-05 0.00382737
0.00945447 0.0487133 0.0103954 0.0460197 0.000258761 0.000447145
0.0103954 0.0460197 0.0124794 0.0478835 0.000161201 0.00325776
0.0103954 0.0460197 0.0120593 0.0412562 0.000259584 0.0391324
0.0120593 0.0412562 0.0138782 0.0434027 0.000219423 0.00743339
0.0120593 0.0412562 0.0131062 0.0382591 0.000378936 0.134044
0.0138782 0.0434027 0.0131062 0.0382591 8.31326e-05 0.00336061
0.0313775 0.0169369 0.0317427 0.0167348 0.000144535 0.0956988
0.0317427 0.0167348 0.0394669 0.014854 0.000158853 0.114454
0.0376915 0.0138938 0.0390393 0.0134246 0.000489484 4.0605
0.0376915 0.0138938 0.0394669 0.014854 0.000451804 0.135743
0.0358009 0.00263369 0.0363161 0.00367761 8.3569e-05 0.00138878
0.0363161 0.00367761 0.0415878 0.00433147 0.000142915 0.191593
0.00438304 -0.0198564 0.0051786 -0.0145562 9.53052e-05 0.0454149
0.00438304 -0.0198564 0.0017112 -0.0136216 0.000117396 0.00724008
0.00387979 -0.0232092 0.00438304 -0.0198564 9.69214e-05 0.046237
0.00387979 -0.0232092 0.00581157 -0.0250544 0.000110394 0.0365962
0.00387531 -0.023239 0.00387979 -0.0232092 9.91358e-05 0.0453241
0.00387531 -0.023239 0.00581157 -0.0250544 0.000157752 0.076518
0.00371497 -0.0243073 0.00387531 -0.023239 0.000101824 0.0411994
-0.00300402 -0.016789 0.00371497 -0.0243073 0.000301895 0.228571
0.0313377 0.0168335 0.0317427 0.0167348 0.000167781 0.133536
0.0313377 0.0168335 0.0313775 0.0169369 9.2003e-05 0.0049746
0.0209244 0.00482588 0.0253302 0.00326358 0.000160483 0.133137
0.0209244 0.00482588 0.0241711 0.00658176 0.00053262 0.567616
0.0242566 0.00218183 0.0254374 0.00148353 0.00057164 1.73577
0.0242566 0.00218183 0.0256477 0.00235438 0.000225914 0.208062
0.0203295 0.00450413 0.0242566 0.00218183 0.000575731 1.74857
0.0203295 0.00450413 0.0209244 0.00482588 0.000534884 0.569362
0.00870661 0.0198747 0.00978205 0.0161131 2.45451e-05 0.00187273
0.0101839 0.0187903 0.00978205 0.0161131 9.87868e-05 0.00954975
-0.0174246 0.0184246 -0.0110535 0.0161654 0.000153228 0.168102
-0.0174246 0.0184246 -0.0140892 0.0232492 5.94955e-05 0.0153572
-0.0385093 -0.0184192 -0.0218692 -0.0369794 5.45786e-05 0.00617417
-0.0385093 -0.0184192 -0.0372237 -0.016902 0.000321294 0.457147
0.0408212 0.0128043 0.047993 0.0103078 0.00047197 4.21215
0.0408212 0.0128043 0.0403972 0.0119455 0.000171335 0.0104142
0.0117214 0.0485964 0.0124794 0.0478835 7.21898e-05 4.92387e-05
0.0124794 0.0478835 0.0131918 0.0485206 0.000161201 0.00126611
0.0145618 0.0497459 0.0148086 0.049601 3.56763e-05 0.00490687
0.0148086 0.049601 0.0146352 0.0484461 8.30702e-05 0.0017403
0.0131918 0.0485206 0.0146352 0.0484461 3.09266e-05 0.000975611
0.0138625 0.00184068 0.014069 0.00111839 2.38455e-05 0.00367009
0.014069 0.00111839 0.0144448 0.00132159 0.000911624 1.36503
0.0147961 0.00100841 0.0242566 0.00218183 0.000207697 0.156635
0.0144448 0.00132159 0.0147961 0.00100841 0.000318034 0.33912
0.0141243 0.000925088 0.0144284 -0.000138394 4.77365e-05 0.00521839
0.0144284 -0.000138394 0.017402 -0.00131493 0.000246274 0.199261
0.0233622 -0.00391516 0.0259314 -0.00468961 0.000318853 0.407494
0.0233622 -0.00391516 0.023443 -0.00370508 9.18322e-05 0.00420155
0.0187637 -0.00252893 0.0233622 -0.00391516 0.000322322 0.398105
0.017402 -0.00131493 0.0187637 -0.00252893 0.000298381 0.2874
0.0275068 -0.0090161 0.0297346 -0.00965597 6.6184e-05 0.0175884
0.0270459 -0.00991294 0.0275068 -0.0090161 3.41338e-05 0.00889732
0.0253428 -0.00839457 0.0275068 -0.0090161 6.64945e-05 0.0174361
0.0225854 -0.0059362 0.0253428 -0.00839457 0.000149176 0.0130764
0.0225854 -0.0059362 0.0233622 -0.00391516 6.64454e-05 0.0300806
0.0187637 -0.00252893 0.0225854 -0.0059362 0.00014903 0.0158494
0.0216353 -0.00840786 0.0267548 -0.0104793 9.90753e-05 0.0252069
0.0216353 -0.00840786 0.0220085 -0.00743691 6.67233e-05 0.0282179
0.0267349 -0.015888 0.0330102 -0.0190626 3.63775e-05 0.00449019
0.0267349 -0.015888 0.0325395 -0.0173759 2.53129e-05 0.00323565
0.0200584 -0.0125104 0.0245446 -0.01478 3.43722e-05 0.00258378
0.0200584 -0.0125104 0.0216353 -0.00840786 7.32511e-05 0.048427
0.026667 -0.0158706 0.0267349 -0.015888 2.86998e-05 0.00349848
0.0247164 -0.0198224 0.026667 -0.0158706 8.75692e-05 0.0628679
0.0242964 -0.0152629 0.026667 -0.0158706 2.38885e-05 0.00277271
0.0222895 -0.0191682 0.0242964 -0.0152629 3.66133e-05 0.011517
0.0185933 -0.0263604 0.0199569 -0.023707 4.00131e-05 0.0118081
0.0170303 -0.0247483 0.0199569 -0.023707 0.000333033 0.907204
0.0210549 -0.0233163 0.0207342 -0.0221945 2.43924e-05 0.00163317
0.0199569 -0.023707 0.0210549 -0.0233163 0.00033257 0.90852
0.0169698 -0.0355163 0.0194191 -0.0305542 8.50693e-05 0.0526525
0.0194191 -0.0305542 0.0234218 -0.031595 5.24244e-05 0.0151593
0.0194191 -0.0305542 0.0197 -0.0299852 8.50738e-05 0.0544159
0.0197 -0.0299852 0.021715 -0.0295804 0.000131045 0.133183
0.0197 -0.0299852 0.0205122 -0.0283397 8.67441e-05 0.0548343
0.0205122 -0.0283397 0.021715 -0.0295804 0.000287383 0.12272
0.0205122 -0.0283397 0.0216341 -0.0260669 8.75972e-05 0.0596619
0.0216341 -0.0260669 0.0218274 -0.0260184 0.000116092 0.119174
0.0291917 -0.0473869 0.0295304 -0.047293 9.64827e-05 0.018687
0.00770911 0.0300349 0.0113219 0.0263719 0.00145341 1.86427
0.0113219 0.0263719 0.0115525 0.027908 0.000217559 0.0121634
0.0113219 0.0263719 0.0162766 0.0213483 0.00142833 1.89854
0.0162766 0.0213483 0.0193919 0.0202638 0.00064574 1.144
-0.0107736 0.0270877 -0.00179886 0.0249024 0.000130982 0.124529
-0.0107736 0.0270877 -0.0078143 0.0297343 0.000685128 3.1409
-0.0158391 0.0283212 -0.0113401 0.0272257 0.000678363 3.37407
-0.0165246 0.0289324 -0.0158391 0.0283212 0.000755063 2.66162
0.00904148 0.0111793 0.0116303 0.00964834 0.000283971 0.500263
0.00978205 0.0161131 0.00904148 0.0111793 9.2674e-05 0.0102202
-0.00774825 0.0211078 -0.00592698 0.0200308 0.00029941 0.578743
-0.0125871 0.0254219 -0.00774825 0.0211078 0.000169297 0.15584
-0.0125074 0.0255371 -0.0113401 0.0272257 6.37442e-05 0.0208075
-0.0125074 0.0255371 -0.0107736 0.0270877 0.000205772 0.267518
-0.0125871 0.0254219 -0.0125074 0.0255371 5.72723e-05 0.01658
-0.0126117 0.0254439 -0.0125871 0.0254219 0.000168817 0.154539
-0.0135945 0.024565 -0.0132999 0.0243908 0.000305131 0.598226
-0.0135945 0.024565 -0.0126117 0.0254439 0.000187406 0.222604
-0.0191786 0.00439278 -0.00815148 0.0012256 9.57738e-05 0.0626408
-0.0191786 0.00439278 -0.017431 0.00645512 0.000333461 0.869041
-0.0280952 0.0115966 -0.0280045 0.0116777 0.000205517 0.321874
-0.0280952 0.0115966 -0.0269532 0.0112523 0.000516416 2.09799
-0.0173055 -0.00297324 -0.0149788 -0.00519563 0.000129812 0.0441181
-0.0173055 -0.00297324 -0.015546 -0.00275501 0.000126829 0.106439
-0.0196786 0.00186924 -0.0198142 0.00364269 8.62781e-05 0.0219173
-0.0205196 0.00281026 -0.0196786 0.00186924 0.000294041 0.211778
-0.0217903 0.00131067 -0.0194662 -0.000909324 0.000123527 0.0416467
-0.0217903 0.00131067 -0.0205196 0.00281026 0.000292504 0.462013
-0.00550027 -0.00150901 -0.00358144 -0.00127101 0.000119124 0.194278
-0.00550027 -0.00150901 -0.00187863 -0.00524458 0.000290927 0.226317
-0.0194296 -0.00138849 -0.0194662 -0.000909324 0.00010135 0.0159207
-0.0194296 -0.00138849 -0.0176886 -0.00302077 0.000182468 0.0948744
-0.0176886 -0.00302077 -0.0173055 -0.00297324 0.000132374 0.105493
-0.0176886 -0.00302077 -0.0155158 -0.00505798 0.000177647 0.0880717
-0.0220197 0.00104 -0.0217903 0.00131067 0.000297581 0.453789
-0.0220197 0.00104 -0.0194296 -0.00138849 0.000184153 0.0940577
-0.0341654 -0.0400639 -0.0332804 -0.0406268 0.000137912 0.0629295
-0.0341654 -0.0400639 -0.0218692 -0.0369794 0.000136095 0.10173
0.0128788 0.000474693 0.0135888 0.000858667 0.000921607 1.3679
0.0128788 0.000474693 0.0144284 -0.000138394 0.000250112 0.196359
0.00929331 0.000325885 0.0114189 -0.000314861 0.000512922 2.41026
0.00929331 0.000325885 0.0123094 0.00069998 0.000204219 0.240659
0.00837422 0.00673381 0.00773991 0.00250792 9.48236e-05 0.0199134
0.00773991 0.00250792 0.0123094 0.00069998 0.000128539 0.13383
-0.0110535 0.0161654 -0.0104318 0.0147147 0.000126576 0.0492533
-0.0104318 0.0147147 -0.00963023 0.0156607 0.000251785 0.305401
-0.0104318 0.0147147 -0.00784293 0.00867334 0.000119652 0.0533088
-0.00784293 0.00867334 0.00773991 0.00250792 0.000129534 0.138445
-0.00916965 0.0022758 -0.00815148 0.0012256 0.000295405 0.260408
-0.00916965 0.0022758 -0.00570439 0.000522754 3.84475e-05 0.0113239
-0.0201866 0.00851437 -0.0168351 0.00715826 0.000157725 0.185957
-0.0201866 0.00851437 -0.0202413 0.009229 0.00015875 0.0646403
-0.023382 0.00980732 -0.0201866 0.00851437 0.00017164 0.218683
-0.023382 0.00980732 -0.0231712 0.0101122 0.000116922 0.121288
-0.0267553 0.0111722 -0.023382 0.00980732 0.000188413 0.253421
-0.0267553 0.0111722 -0.023557 0.00955423 6.23651e-05 0.0255908
0.00861096 -0.0277439 0.00862282 -0.0277397 0.000336859 0.848605
0.00862282 -0.0277397 0.00863331 -0.0277497 0.000115421 0.0182176
0.00862282 -0.0277397 0.00866106 -0.0277261 0.000336544 0.854363
0.00866106 -0.0277261 0.0087066 -0.0277688 0.000163302 0.0384155
0.0141232 -0.0279509 0.0150887 -0.0254391 7.90901e-05 0.0421468
0.0141232 -0.0279509 0.0183164 -0.0268991 0.000115528 0.102223
0.0183068 -0.030265 0.0194191 -0.0305542 5.60438e-05 0.0168613
0.0183068 -0.030265 0.0197 -0.0299852 0.000131681 0.133506
0.0167894 -0.0298705 0.0183068 -0.030265 5.40383e-05 0.0161376
0.0163886 -0.0306503 0.0167894 -0.0298705 3.96043e-05 0.0108346
0.0128093 -0.0313692 0.0136947 -0.0290658 7.83482e-05 0.0413424
0.0128093 -0.0313692 0.0163886 -0.0306503 0.000132869 0.132722
0.0127397 -0.0315502 0.0128093 -0.0313692 8.1054e-05 0.0454072
0.0127397 -0.0315502 0.01489 -0.0335663 0.000159184 0.0404287
0.0169039 -0.0356497 0.0274652 -0.0457378 9.65336e-05 0.0185661
0.0158179 -0.0378499 0.0169039 -0.0356497 7.55041e-05 0.0526893
0.014835 -0.0336735 0.0169039 -0.0356497 0.000102112 0.0165015
0.0138311 -0.0356268 0.014835 -0.0336735 3.50103e-05 0.0104794
0.012593 -0.0314127 0.0128093 -0.0313692 0.000132348 0.12991
0.012593 -0.0314127 0.0127397 -0.0315502 0.000166745 0.0409131
0.0124898 -0.0314334 0.012593 -0.0314127 0.000133574 0.133677
0.0124898 -0.0314334 0.0127054 -0.0316394 0.000116454 0.0176562
0.0446417 -0.0371126 0.0438293 -0.0251386 0.000436775 0.0043179
0.0438293 -0.0251386 0.0440694 -0.0250904 0.000131357 0.370341
0.0437869 -0.0245145 0.0446821 -0.0249673 3.83283e-05 0.0261784
0.0437869 -0.0245145 0.0438103 -0.0248594 0.000498089 0.0144474
-0.0312417 -0.0419235 -0.0207753 -0.0381995 0.000342806 0.67798
-0.0207753 -0.0381995 -0.0162276 -0.043272 5.65805e-05 0.00866316
0.0124523 -0.00469219 0.0161591 -0.00619204 9.50623e-05 0.00865363
0.0124523 -0.00469219 0.0160235 -0.00571791 7.13354e-05 0.00788268
-0.0168058 -0.0357093 -0.0172736 -0.0295896 9.49152e-05 0.00648165
-0.0168058 -0.0357093 -0.0102404 -0.0340624 0.000129034 0.0984158
-0.00243879 -0.00112928 0.00651414 -0.00565849 3.73241e-05 0.0149081
-0.00243879 -0.00112928 -0.00070239 -0.000913913 0.000118206 0.219522
-0.017431 0.00645512 -0.00916965 0.0022758 4.0897e-05 0.00954889
-0.017431 0.00645512 -0.0168351 0.00715826 0.000332848 0.87095
-0.0202413 0.009229 -0.0161305 0.00798981 0.000507448 2.02933
-0.0202413 0.009229 -0.0205842 0.0137145 0.000162133 0.151706
-0.0231712 0.0101122 -0.0202413 0.009229 0.00050968 2.04857
-0.0231712 0.0101122 -0.0206601 0.0137445 0.000106639 0.126556
-0.0205938 0.0138404 -0.020612 0.0140781 0.000113395 0.18204
-0.0205938 0.0138404 -0.0205055 0.0139682 8.41139e-05 0.158
0.0181373 0.0238556 0.0193919 0.0202638 0.000412813 0.0907279
0.0193919 0.0202638 0.0218346 0.0194136 0.000529233 1.51535
0.0221123 0.0190799 0.0243782 0.0185281 0.000361822 0.781131
0.0218346 0.0194136 0.0221123 0.0190799 7.41524e-05 0.0100151
-0.0079627 0.0321109 -0.00642169 0.0309798 0.000103786 0.0523977
-0.00642169 0.0309798 -0.00167286 0.0352268 0.000297677 0.604631
-7.21369e-06 0.0270167 0.00740212 0.0244375 0.000221277 0.213198
-7.21369e-06 0.0270167 0.00419724 0.0319783 0.000698846 3.76313
-0.00193877 0.027689 -0.000396682 0.0265571 0.000176363 0.176051
-0.000396682 0.0265571 -7.21369e-06 0.0270167 0.000300111 0.514508
0.00498158 0.0329039 0.00502328 0.032758 3.6283e-05 0.00122324
0.00493436 0.0328482 0.00502328 0.032758 0.00152427 1.74464
-0.0231368 0.0471047 -0.00466419 0.0368821 0.000143507 0.0893194
-0.00466419 0.0368821 -0.00126987 0.0417919 7.14446e-05 0.0414578
-0.00466419 0.0368821 -0.00167286 0.0352268 0.000131849 0.0831919
-0.00167286 0.0352268 0.00223883 0.0387251 0.000273199 0.474742
-0.00167286 0.0352268 0.00419724 0.0319783 0.000201653 0.303761
0.00419724 0.0319783 0.00493436 0.0328482 0.000681308 3.84205
0.0232593 0.00919225 0.0256937 0.00740522 0.000125212 0.111525
0.0256937 0.00740522 0.0282438 0.00878432 0.000914317 2.04508
0.0256937 0.00740522 0.0272691 0.00624878 0.000108223 0.0774312
0.0282438 0.00878432 0.0272691 0.00624878 0.000135584 0.0394235
0.0338746 0.00337478 0.0350615 0.00352199 0.000137057 0.156934
0.0331377 0.0019409 0.0338746 0.00337478 3.40516e-05 0.000126474
0.0247164 -0.0198224 0.0282205 -0.0207668 2.71379e-05 0.00373755
0.0234044 -0.0224804 0.0247164 -0.0198224 8.86162e-05 0.0624064
0.0275068 -0.0090161 0.0287646 -0.00656861 3.3974e-05 0.00880175
0.0287646 -0.00656861 0.0284573 -0.00568901 0.000312178 0.325161
0.0292206 -0.00568115 0.0311627 -0.00190211 5.26145e-05 0.0207073
0.0311627 -0.00190211 0.0330199 -0.00300032 0.000476069 1.96958
0.0266737 -0.015857 0.0288249 -0.011499 8.64029e-05 0.0630602
0.0284509 -0.0111656 0.0288249 -0.011499 0.000163159 0.0115682
0.0288998 -0.0113472 0.0297346 -0.00965597 8.03537e-05 0.0496978
0.0297346 -0.00965597 0.0298551 -0.00969057 7.20589e-05 0.0211901
0.0297981 -0.00952739 0.0311641 -0.00675996 8.90681e-05 0.103698
0.0311641 -0.00675996 0.0432496 -0.0115417 0.000140073 0.177632
0.0311641 -0.00675996 0.0313759 -0.00633085 8.99939e-05 0.11662
0.0313759 -0.00633085 0.0435821 -0.0100104 0.000358633 1.37317
0.0290139 0.0107879 0.0299248 0.00969347 0.000108188 0.0718147
0.0299248 0.00969347 0.0333401 0.0115405 0.000911153 2.05807
0.0343745 0.00434743 0.0350615 0.00352199 3.64479e-05 0.0169897
0.0350615 0.00352199 0.0363161 0.00367761 0.000136362 0.158929
0.0428417 -0.0134206 0.0432496 -0.0115417 8.33761e-05 0.22885
0.0432496 -0.0115417 0.0497351 -0.0141077 0.000136992 0.253844
0.0462178 -0.0108049 0.0472434 -0.0111141 0.000475246 2.41093
0.0462178 -0.0108049 0.0477308 -0.0116996 0.000311087 0.940552
-0.0079627 0.0321109 -0.00466419 0.0368821 5.61746e-05 0.0198079
-0.0224412 0.042739 -0.0079627 0.0321109 7.391e-05 0.0206968
0.00873655 0.00914773 0.0121161 0.00794934 0.000143386 0.126141
0.00904148 0.0111793 0.00873655 0.00914773 9.99389e-05 0.0198236
-0.00774825 0.0211078 -0.0061909 0.0197194 0.000187664 0.197513
-0.0061909 0.0197194 -0.00592698 0.0200308 0.000268648 0.346253
0.00221908 -0.000551554 0.00699088 -0.00248235 0.000110087 0.191642
0.00221908 -0.000551554 0.00737671 8.81628e-05 0.000102485 0.1084
0.00651414 -0.00565849 0.00689861 -0.00309706 0.000103478 0.175579
0.00651414 -0.00565849 0.0176116 -0.0112726 3.27886e-05 0.00149676
0.0405268 -0.0240839 0.0438179 -0.0249709 2.75299e-05 0.0140612
0.0401368 -0.0258803 0.0405268 -0.0240839 8.76166e-05 0.0330203
0.0352305 -0.0226563 0.0405268 -0.0240839 2.89851e-05 0.012215
0.0352305 -0.0226563 0.0384951 -0.0218374 0.000122124 0.214407
0.0189592 -0.0267379 0.0205122 -0.0283397 0.000288874 0.123713
0.0189592 -0.0267379 0.0216341 -0.0260669 0.000117544 0.115298
0.0167894 -0.0298705 0.0183164 -0.0268991 3.85516e-05 0.0108847
0.0183164 -0.0268991 0.0189592 -0.0267379 0.000114538 0.103007
0.0170303 -0.0247483 0.0185933 -0.0263604 0.000291386 0.12881
0.0150887 -0.0254391 0.0170303 -0.0247483 0.000335683 0.873448
0.00714719 -0.0263067 0.00438304 -0.0198564 0.000118249 0.0058933
0.00714719 -0.0263067 0.00866106 -0.0277261 0.000156723 0.0741352
0.0117229 -0.0285531 0.0136947 -0.0290658 5.46599e-05 0.0152308
0.0117229 -0.0285531 0.0141232 -0.0279509 0.000116611 0.102339
0.0100032 -0.0289844 0.012593 -0.0314127 0.000160374 0.0384087
0.0100032 -0.0289844 0.0117229 -0.0285531 0.000116994 0.101687
0.00863331 -0.0277497 0.0087066 -0.0277688 5.77341e-05 0.0165652
0.00863331 -0.0277497 0.00994201 -0.0289998 0.00011486 0.0181585
0.00994201 -0.0289998 0.0100032 -0.0289844 0.000116098 0.100747
0.00994201 -0.0289998 0.0124898 -0.0314334 0.000112741 0.0179804
0.0306862 -0.0120701 0.0298551 -0.00969057 0.000314601 0.348172
0.0409692 -0.0162308 0.0306862 -0.0120701 8.67202e-05 0.000305388
0.0399979 -0.0214604 0.0411596 -0.021169 0.000116449 0.215563
0.0365775 -0.0184109 0.0399979 -0.0214604 0.000177907 0.451355
0.0401368 -0.0258803 0.0438293 -0.0251386 0.000132921 0.333757
0.0383635 -0.0340489 0.0401368 -0.0258803 8.00853e-05 0.0556368
0.000762129 0.0447311 0.00135499 0.0455887 5.41243e-05 0.00205927
0.000762129 0.0447311 -0.00309095 0.0493605 2.63146e-05 6.14087e-05
0.000762129 0.0447311 0.00203864 0.0431975 2.74493e-05 0.000645653
0.00135499 0.0455887 0.00203864 0.0431975 2.15545e-05 0.000182516
0.000327051 0.0491842 0.00371968 0.0490092 3.09266e-05 0.000525299
0.0198986 0.0232893 0.0313775 0.0169369 0.000149975 0.0982777
0.0313775 0.0169369 0.0350957 0.0266099 9.2152e-05 0.0148122
0.0394669 0.014854 0.0397398 0.0147875 0.000132027 0.351775
0.0394669 0.014854 0.0398921 0.015084 0.000455251 0.0726339
0.00581157 -0.0250544 0.00716424 -0.0263465 0.000109814 0.036762
0.00581157 -0.0250544 0.00714719 -0.0263067 0.000157041 0.0768835
0.0254374 0.00148353 0.0260859 0.00110009 0.000569977 1.74557
0.025707 0.00218477 0.0254374 0.00148353 8.64519e-05 0.00803535
0.0256477 0.00235438 0.0257784 0.00237058 0.000113418 0.104062
0.0253302 0.00326358 0.0256477 0.00235438 0.000313505 0.436457
0.0131918 0.0485206 0.0145618 0.0497459 0.000161201 0.00108597
0.0117214 0.0485964 0.0131918 0.0485206 3.09266e-05 3.66382e-05
0.0121161 0.00794934 0.0138625 0.00184068 2.34638e-05 0.00329404
0.00837422 0.00673381 0.0138625 0.00184068 0.000168512 0.200333
0.0144448 0.00132159 0.0203295 0.00450413 0.000864509 1.3537
0.0138625 0.00184068 0.0144448 0.00132159 0.000168026 0.200852
0.0259314 -0.00468961 0.0284573 -0.00568901 0.000147679 0.0773473
0.0259314 -0.00468961 0.0283644 -0.00542305 0.000350506 0.505041
0.023443 -0.00370508 0.0259314 -0.00468961 0.000245032 0.238792
0.023443 -0.00370508 0.0254374 0.00148353 0.000121404 0.0165153
0.017402 -0.00131493 0.023443 -0.00370508 0.000252015 0.2386
0.0147961 0.00100841 0.017402 -0.00131493 0.000310723 0.311573
0.0245446 -0.01478 0.0267548 -0.0104793 3.50763e-05 0.0109042
0.0267548 -0.0104793 0.0284509 -0.0111656 9.56412e-05 0.0257386
0.0267548 -0.0104793 0.0270459 -0.00991294 3.99292e-05 0.0104732
0.0253428 -0.00839457 0.0270459 -0.00991294 0.000148847 0.0114425
0.0266737 -0.015857 0.0267349 -0.015888 3.87145e-05 0.00374122
0.026667 -0.0158706 0.0266737 -0.015857 8.68004e-05 0.0630311
0.0245446 -0.01478 0.0266737 -0.015857 3.44011e-05 0.00355524
0.0242964 -0.0152629 0.0245446 -0.01478 3.59816e-05 0.0115608
0.0169039 -0.0356497 0.0169698 -0.0355163 7.93047e-05 0.0488117
0.0169698 -0.0355163 0.0273164 -0.0452172 0.000144137 0.0402401
0.021715 -0.0295804 0.0227844 -0.0293656 0.000136968 0.182227
0.021715 -0.0295804 0.0233188 -0.0312346 0.000276282 0.100482
-0.00179886 0.0249024 0.00367248 0.0235701 0.000146537 0.105532
-0.00179886 0.0249024 -0.000396682 0.0265571 0.000280201 0.442735
-0.00592698 0.0200308 0.00904148 0.0111793 0.00028511 0.50189
-0.00592698 0.0200308 -0.00179886 0.0249024 0.000286249 0.430422
-0.0158391 0.0283212 -0.0126117 0.0254439 0.000196818 0.202197
-0.0126117 0.0254439 -0.0125074 0.0255371 0.000206005 0.269044
-0.00815148 0.0012256 -0.00570439 0.000522754 8.05155e-05 0.0646343
-0.00815148 0.0012256 -0.00550027 -0.00150901 0.000297679 0.26109
-0.0198142 0.00364269 -0.0198871 0.00459629 0.00011132 0.0219528
-0.0198142 0.00364269 -0.0191786 0.00439278 0.000333412 0.864577
-0.0228853 0.00545744 -0.0205196 0.00281026 0.000376515 0.573533
-0.0205196 0.00281026 -0.0198142 0.00364269 0.000335727 0.860263
0.0135888 0.000858667 0.014069 0.00111839 0.000912924 1.36327
0.0135888 0.000858667 0.0141243 0.000925088 0.000202369 0.106146
0.0123094 0.00069998 0.0135888 0.000858667 0.000101806 0.0528387
0.0123094 0.00069998 0.0128788 0.000474693 0.000192032 0.317501
0.00873655 0.00914773 0.00837422 0.00673381 9.65392e-05 0.0310327
0.0036393 0.0109552 0.00837422 0.00673381 0.0001691 0.193087
-0.0168351 0.00715826 -0.0120106 0.00520616 0.000125656 0.101685
-0.0168351 0.00715826 -0.0161305 0.00798981 0.000337944 0.906797
0.01489 -0.0335663 0.0163886 -0.0306503 3.93465e-05 0.0113723
0.0163886 -0.0306503 0.0183068 -0.030265 0.000132878 0.132852
0.01489 -0.0335663 0.0169698 -0.0355163 0.000157085 0.0407945
0.014835 -0.0336735 0.01489 -0.0335663 3.73688e-05 0.0112405
-0.0161305 0.00798981 -0.0141226 0.00738455 0.00031715 0.755037
-0.0161305 0.00798981 -0.0154677 0.00877195 0.000513035 2.1378
0.0218346 0.0194136 0.0243782 0.0185281 0.000527546 1.519
0.0181373 0.0238556 0.0218346 0.0194136 3.44672e-05 0.00329458
0.00367658 0.0374684 0.00498158 0.0329039 3.30648e-05 0.00419275
0.00664838 0.0348709 0.00498158 0.0329039 0.000411893 0.100958
0.00498158 0.0329039 0.00493436 0.0328482 0.000404923 0.102929
0.0282438 0.00878432 0.0299248 0.00969347 0.00091323 2.04651
0.0290139 0.0107879 0.0282438 0.00878432 0.000132995 0.0333317
0.025707 0.00218477 0.0260859 0.00110009 0.000342847 0.496812
0.0260859 0.00110009 0.0311627 -0.00190211 0.000474019 1.97695
0.0284573 -0.00568901 0.0283644 -0.00542305 0.000310855 0.278888
0.0284573 -0.00568901 0.0290883 -0.00593867 0.000141843 0.18497
0.0290883 -0.00593867 0.0292206 -0.00568115 4.09604e-05 0.0224611
0.0292206 -0.00568115 0.0313759 -0.00633085 0.000361526 1.36007
0.0270459 -0.00991294 0.0284509 -0.0111656 0.00015247 0.0119215
0.0284509 -0.0111656 0.0288998 -0.0113472 9.12437e-05 0.0262141
0.0288249 -0.011499 0.0288998 -0.0113472 8.32941e-05 0.0535725
0.0288998 -0.0113472 0.0306862 -0.0120701 9.63585e-05 0.0296885
0.0221123 0.0190799 0.0290139 0.0107879 5.62915e-05 0.0170589
0.0303184 0.0141817 0.0290139 0.0107879 0.000217778 0.0516221
0.00135499 0.0455887 0.00371968 0.0490092 5.15789e-05 0.00201915
0.00135499 0.0455887 0.000327051 0.0491842 2.13905e-05 0.000157872
-0.00309095 0.0493605 0.000327051 0.0491842 3.09266e-05 0.000416106
0.0257784 0.00237058 0.0260267 0.00301657 7.97222e-05 0.00684534
0.0257784 0.00237058 0.027312 0.0025608 0.000114052 0.107536
0.025707 0.00218477 0.0257784 0.00237058 8.75607e-05 0.0115109
0.0256477 0.00235438 0.025707 0.00218477 0.000342944 0.501637
0.0283644 -0.00542305 0.0292206 -0.00568115 0.000361577 1.36035
0.0260859 0.00110009 0.0283644 -0.00542305 0.000526344 0.433476
0.0290883 -0.00593867 0.0311641 -0.00675996 0.000141915 0.184197
0.0287646 -0.00656861 0.0290883 -0.00593867 3.96646e-05 0.0207638
