0.05 -0.010437 0.0443843 -0.00631477 4.92662e-05
0.05 -0.0303778 0.0440694 -0.0250904 0.000145407
0.0173006 -0.05 0.0138245 -0.0418884 0.000104583
-0.05 0.000316541 -0.04286 -0.00160796 2.22582e-05
0.0427948 -0.046735 0.0418017 -0.0438922 0.000258033
-0.05 -0.0312056 -0.04959 -0.0314953 0.000262524
0.0450052 -0.0147948 0.0423373 -0.015744 0.000270578
0.05 0.0066314 0.0474957 0.00801726 9.65644e-05
-0.0157133 -0.05 -0.0162276 -0.043272 7.25199e-05
0.05 -0.00302134 0.0458809 0.000579001 0.000161887
-0.05 0.0299759 -0.0423835 0.0272751 0.000124626
-0.05 -0.0125039 -0.0419318 -0.0146018 4.557e-05
0.05 -0.0416201 0.0450408 -0.0429945 9.37704e-05
0.05 0.0347524 0.0477065 0.0302897 3.30298e-05
-0.05 -0.043985 -0.0489825 -0.0437807 0.000109323
-0.05 0.0229315 -0.0399407 0.0178426 3.11145e-05
-0.05 0.0272741 -0.046455 0.0239504 0.000132115
-0.05 -0.00702845 -0.0488496 -0.00688577 9.25934e-05
0.05 -0.014426 0.0497351 -0.0141077 2.62861e-05
0.05 0.0313998 0.0490599 0.0294953 7.20998e-05
-0.05 0.025353 -0.046455 0.0239504 0.00011376
-0.05 0.0444191 -0.0461801 0.0430894 0.000192714
0.0286838 -0.05 0.0280288 -0.0477092 2.13905e-05
-0.05 0.0366396 -0.0228218 0.0300215 0.000113901
-0.05 0.0132453 -0.0320246 0.00808241 6.46759e-05
-0.05 0.00378124 -0.039767 0.00115824 2.26532e-05
0.05 0.0195529 0.0487448 0.0137711 7.19095e-05
-0.05 -0.0286948 -0.0496576 -0.0281995 4.88291e-05
-0.05 -0.0319792 -0.04959 -0.0314953 0.000219052
-0.05 0.0181997 -0.0357353 0.0138996 0.000232733
-0.05 -0.027879 -0.0496576 -0.0281995 0.00010043
0.00564785 -0.05 0.00744961 -0.0453126 6.4639e-05
-0.05 -0.00799343 -0.0488104 -0.00692954 0.000161201
0.020428 -0.0430085 0.0158179 -0.0378499 0.000247627
-0.0225843 0.0161124 -0.020612 0.0140781 0.00023729
0.0434879 -0.0201068 0.0434931 -0.0201836 0.000413059
-0.05 -0.00560268 -0.0488496 -0.00688577 4.70573e-05
0.05 0.0125904 0.0487448 0.0137711 7.21898e-05
-0.05 -0.0440359 -0.0489825 -0.0437807 9.49983e-05
-0.05 -0.0299924 -0.048906 -0.0306882 0.00010841
0.00600821 -0.00324104 0.00649095 -0.00297997 0.000414966
-0.05 0.0415005 -0.0461801 0.0430894 3.30736e-05
-0.05 0.04853 -0.0436423 0.05 3.6097e-05
0.05 -0.044689 0.0453562 -0.0476437 8.03507e-05
-0.05 -0.00877678 -0.0433793 -0.0129873 2.93384e-05
-0.000141506 -0.05 0.00116224 -0.0413141 8.30702e-05
-0.05 0.0282563 -0.0448113 0.0233 9.27601e-05
-0.05 0.0205776 -0.0374354 0.0154937 8.35395e-05
0.0233224 0.0142045 0.0205138 0.0170522 0.000480907
0.05 0.0289434 0.0490599 0.0294953 3.56763e-05
0.05 0.046622 0.0429283 0.0469867 3.09266e-05
-0.05 0.0460933 -0.0454404 0.043397 0.000237403
-0.0224412 0.042739 -0.0228246 0.0430204 4.92662e-05
-0.0224412 0.042739 -0.0228816 0.0437668 0.000104583
0.0232593 0.00919225 0.0101839 0.0187903 4.92662e-05
0.0232593 0.00919225 0.0205138 0.0170522 0.000258033
0.0369482 -0.000856241 0.0348415 0.000690202 4.92662e-05
0.0369482 -0.000856241 0.0394415 -0.00174035 0.000124626
0.0414656 -0.00417222 0.0369482 -0.000856241 4.92662e-05
0.0414656 -0.00417222 0.0394415 -0.00174035 2.62861e-05
0.0443843 -0.00631477 0.0414656 -0.00417222 4.92662e-05
0.0443843 -0.00631477 0.0441494 -0.00739678 7.19095e-05
-0.0165246 0.0289324 -0.0221296 0.0339296 0.000145407
-0.0165246 0.0289324 -0.0184557 0.0334386 0.000104583
0.0439864 -0.0250164 0.0438103 -0.0248594 0.000145407
0.0439864 -0.0250164 0.0441792 -0.0250683 2.22582e-05
0.0440694 -0.0250904 0.0439864 -0.0250164 0.000145407
0.0440694 -0.0250904 0.0441792 -0.0250683 0.000109323
0.0017112 -0.0136216 -0.000285636 -0.00896189 0.000104583
0.0017112 -0.0136216 0.0051786 -0.0145562 2.22582e-05
0.00787526 -0.0280057 0.00765677 -0.0274958 0.000104583
0.00787526 -0.0280057 0.00722648 -0.0282365 0.000270578
0.0123643 -0.038481 0.0111578 -0.0356656 0.000104583
0.0123643 -0.038481 0.00850765 -0.0459855 3.30298e-05
0.0138245 -0.0418884 0.0123643 -0.038481 0.000104583
0.0138245 -0.0418884 0.011015 -0.0475801 7.20998e-05
-0.0189195 -0.00806083 -0.00964767 -0.0105599 2.22582e-05
-0.0189195 -0.00806083 -0.0192217 -0.00410808 7.25199e-05
-0.0313376 -0.00471369 -0.0277213 -0.00568841 2.22582e-05
-0.0313376 -0.00471369 -0.0263736 -0.00409799 9.25934e-05
-0.0330937 -0.00424034 -0.0313376 -0.00471369 2.22582e-05
-0.0330937 -0.00424034 -0.0309279 -0.00110746 4.88291e-05
-0.04286 -0.00160796 -0.0330937 -0.00424034 2.22582e-05
-0.04286 -0.00160796 -0.039767 0.00115824 0.000161201
0.0331156 -0.0190251 0.0325395 -0.0173759 0.000258033
0.0331156 -0.0190251 0.0330102 -0.0190626 0.000270578
0.0389133 -0.0356231 0.0383635 -0.0340489 0.000258033
0.0389133 -0.0356231 0.0446417 -0.0371126 4.557e-05
0.0418017 -0.0438922 0.0389133 -0.0356231 0.000258033
0.0418017 -0.0438922 0.0369058 -0.045249 9.37704e-05
-0.0359186 -0.0411567 -0.0355098 -0.0414455 0.000262524
-0.0359186 -0.0411567 -0.035836 -0.0411401 0.000109323
-0.04959 -0.0314953 -0.0366005 -0.0406747 0.000262524
-0.04959 -0.0314953 -0.048906 -0.0306882 0.000219052
0.0355687 -0.0181523 0.0331156 -0.0190251 0.000270578
0.0355687 -0.0181523 0.0365775 -0.0184109 2.26532e-05
0.0409692 -0.0162308 0.0360825 -0.0179695 0.000270578
0.0409692 -0.0162308 0.0421297 -0.0167004 8.35395e-05
0.0423373 -0.015744 0.0409692 -0.0162308 0.000270578
0.0423373 -0.015744 0.0421297 -0.0167004 7.19095e-05
0.0198986 0.0232893 0.0179605 0.0243618 9.65644e-05
0.0198986 0.0232893 0.017648 0.0252564 0.000161887
0.0387482 0.0128581 0.0372793 0.0136709 9.65644e-05
0.0387482 0.0128581 0.0366047 0.00868707 3.30298e-05
0.0403972 0.0119455 0.0387482 0.0128581 9.65644e-05
0.0403972 0.0119455 0.0381305 0.00735337 7.20998e-05
0.0474957 0.00801726 0.0403972 0.0119455 9.65644e-05
0.0474957 0.00801726 0.0468369 0.00498253 7.19095e-05
-0.0179426 -0.0208395 -0.0189195 -0.00806083 7.25199e-05
-0.0179426 -0.0208395 0.00340241 -0.0263896 4.557e-05
-0.0162276 -0.043272 -0.0166847 -0.0372934 7.25199e-05
-0.0162276 -0.043272 -0.0101956 -0.05 4.70573e-05
0.0259861 0.0179684 0.0257193 0.0182016 0.000161887
0.0259861 0.0179684 0.031091 0.0161914 0.000192714
0.0303184 0.0141817 0.0259861 0.0179684 0.000161887
0.0303184 0.0141817 0.031091 0.0161914 6.4639e-05
0.0333401 0.0115405 0.0303184 0.0141817 0.000161887
0.0333401 0.0115405 0.0372793 0.0136709 0.000414966
0.0415878 0.00433147 0.0381305 0.00735337 0.000161887
0.0415878 0.00433147 0.0468369 0.00498253 9.25934e-05
0.0458809 0.000579001 0.0415878 0.00433147 0.000161887
0.0458809 0.000579001 0.0449531 -0.0036948 7.19095e-05
0.0121161 0.00794934 0.0180793 0.00583476 0.000124626
0.0121161 0.00794934 0.0116303 0.00964834 2.13905e-05
-0.0423835 0.0272751 -0.0210423 0.0197074 0.000124626
-0.0423835 0.0272751 -0.05 0.0357977 0.000247627
-0.0405122 -0.0149709 -0.0400859 -0.0150818 4.557e-05
-0.0405122 -0.0149709 -0.0404352 -0.0148596 4.88291e-05
-0.0419318 -0.0146018 -0.0405122 -0.0149709 4.557e-05
-0.0419318 -0.0146018 -0.0409862 -0.0156566 4.70573e-05
0.0450408 -0.0429945 0.0418017 -0.0438922 9.37704e-05
0.0450408 -0.0429945 0.0453562 -0.0476437 0.000413059
0.0397398 0.0147875 0.0390393 0.0134246 3.30298e-05
0.0397398 0.0147875 0.041579 0.0143397 0.000113901
0.0423221 0.0198124 0.0398921 0.015084 3.30298e-05
0.0423221 0.0198124 0.0350957 0.0266099 7.21898e-05
0.0477065 0.0302897 0.0423221 0.0198124 3.30298e-05
0.0477065 0.0302897 0.0385714 0.0356521 3.56763e-05
-0.0489825 -0.0437807 -0.0359186 -0.0411567 0.000109323
-0.0489825 -0.0437807 -0.0366005 -0.0406747 9.49983e-05
-0.0399407 0.0178426 -0.0381487 0.0169361 3.11145e-05
-0.0399407 0.0178426 -0.0374354 0.0154937 0.000132115
-0.046455 0.0239504 -0.0399407 0.0178426 0.000132115
-0.046455 0.0239504 -0.0448113 0.0233 0.00011376
-0.0487472 -0.00687306 -0.0336164 -0.00499634 9.25934e-05
-0.0487472 -0.00687306 -0.04286 -0.00160796 0.000161201
-0.0488496 -0.00688577 -0.0487472 -0.00687306 9.25934e-05
-0.0488496 -0.00688577 -0.0488104 -0.00692954 4.70573e-05
0.0472434 -0.0111141 0.0441494 -0.00739678 2.62861e-05
0.0472434 -0.0111141 0.05 -0.011945 0.000232733
0.0477308 -0.0116996 0.0472434 -0.0111141 2.62861e-05
0.0477308 -0.0116996 0.05 -0.0130415 0.000237403
0.0497351 -0.0141077 0.0477308 -0.0116996 2.62861e-05
0.0497351 -0.0141077 0.05 -0.0142125 0.00011376
0.0436595 0.0185545 0.0426945 0.0165995 7.20998e-05
0.0436595 0.0185545 0.0423221 0.0198124 7.21898e-05
0.0490599 0.0294953 0.0436595 0.0185545 7.20998e-05
0.0490599 0.0294953 0.0477065 0.0302897 3.56763e-05
0.0243782 0.0185281 0.0259861 0.0179684 0.000192714
0.0243782 0.0185281 0.0257193 0.0182016 0.000113901
-0.0461801 0.0430894 -0.0431173 0.0420233 0.000192714
-0.0461801 0.0430894 -0.0454404 0.043397 3.30736e-05
0.0160235 -0.00571791 0.0147674 -0.00132426 2.13905e-05
0.0160235 -0.00571791 0.0220085 -0.00743691 6.46759e-05
0.018314 -0.0137295 0.0176116 -0.0112726 2.13905e-05
0.018314 -0.0137295 0.0194753 -0.0140272 2.26532e-05
0.0188582 -0.0156327 0.018314 -0.0137295 2.13905e-05
0.0188582 -0.0156327 0.0194753 -0.0140272 6.4639e-05
0.0233188 -0.0312346 0.0227844 -0.0293656 2.13905e-05
0.0233188 -0.0312346 0.0237512 -0.0316807 0.00023729
0.0274652 -0.0457378 0.0273164 -0.0452172 2.13905e-05
0.0274652 -0.0457378 0.0291917 -0.0473869 9.27601e-05
0.0280288 -0.0477092 0.0274652 -0.0457378 2.13905e-05
0.0280288 -0.0477092 0.0197628 -0.05 9.37704e-05
0.0106464 0.0218719 0.0173765 0.0202331 0.000113901
0.0106464 0.0218719 0.0108513 0.0232368 8.30702e-05
-0.0228218 0.0300215 -0.021812 0.0297757 0.000113901
-0.0228218 0.0300215 -0.0217839 0.0294078 0.000237403
-0.0228853 0.00545744 -0.0198871 0.00459629 6.46759e-05
-0.0228853 0.00545744 -0.024861 0.00766809 0.000247627
-0.0275275 0.00679075 -0.0258088 0.00629711 6.46759e-05
-0.0275275 0.00679075 -0.0262868 0.00560566 9.27601e-05
-0.0320246 0.00808241 -0.0284296 0.00704984 6.46759e-05
-0.0320246 0.00808241 -0.0307483 0.00922386 0.000161201
-0.0128852 -0.00573227 -0.000285636 -0.00896189 2.26532e-05
-0.0128852 -0.00573227 -0.015546 -0.00275501 0.000247627
-0.0192217 -0.00410808 -0.0155158 -0.00505798 2.26532e-05
-0.0192217 -0.00410808 -0.0192896 -0.00321934 7.25199e-05
-0.0215804 -0.00350347 -0.0192217 -0.00410808 2.26532e-05
-0.0215804 -0.00350347 -0.0192896 -0.00321934 9.25934e-05
-0.0309279 -0.00110746 -0.0251044 -0.00260018 2.26532e-05
-0.0309279 -0.00110746 -0.0265237 0.00526295 4.88291e-05
-0.039767 0.00115824 -0.0309279 -0.00110746 2.26532e-05
-0.039767 0.00115824 -0.0320246 0.00808241 0.000161201
0.0487448 0.0137711 0.0485023 0.0126538 7.19095e-05
0.0487448 0.0137711 0.0446268 0.0176446 7.21898e-05
-0.0496576 -0.0281995 -0.0409862 -0.0156566 4.88291e-05
-0.0496576 -0.0281995 -0.0480626 -0.0296929 0.00010043
-0.0141226 0.00738455 -0.00627716 0.00501956 0.000232733
-0.0141226 0.00738455 -0.0120106 0.00520616 0.00023729
-0.0346169 0.0135625 -0.0284738 0.0117107 0.000232733
-0.0346169 0.0135625 -0.0304004 0.00953495 9.27601e-05
-0.0357353 0.0138996 -0.0346169 0.0135625 0.000232733
-0.0357353 0.0138996 -0.0307483 0.00922386 0.000132115
0.0119722 -0.0335468 0.0127054 -0.0316394 6.4639e-05
0.0119722 -0.0335468 0.0104497 -0.0318432 0.000247627
0.00744961 -0.0453126 0.0111578 -0.0356656 6.4639e-05
0.00744961 -0.0453126 0.00850765 -0.0459855 2.93384e-05
-0.0488104 -0.00692954 -0.0487472 -0.00687306 0.000161201
-0.0488104 -0.00692954 -0.0433793 -0.0129873 4.70573e-05
0.0138311 -0.0356268 0.0119722 -0.0335468 0.000247627
0.0138311 -0.0356268 0.0123643 -0.038481 3.30298e-05
0.0158179 -0.0378499 0.0138311 -0.0356268 0.000247627
0.0158179 -0.0378499 0.0138245 -0.0418884 7.20998e-05
-0.0154677 0.00877195 -0.0141226 0.00738455 0.00023729
-0.0154677 0.00877195 -0.0136158 0.0109574 0.000219052
-0.0200574 0.0135061 -0.0154677 0.00877195 0.00023729
-0.0200574 0.0135061 -0.0136158 0.0109574 0.00011376
-0.020612 0.0140781 -0.0205055 0.0139682 0.00023729
-0.020612 0.0140781 -0.0209133 0.0180196 7.25199e-05
0.0438103 -0.0248594 0.0438179 -0.0249709 0.000413059
0.0438103 -0.0248594 0.0429468 -0.0240894 0.000145407
0.0434931 -0.0201836 0.0435198 -0.020577 0.000413059
0.0434931 -0.0201836 0.044282 -0.0203858 2.26532e-05
-0.0312417 -0.0419235 -0.0185437 -0.05 0.00010841
-0.0312417 -0.0419235 -0.0336307 -0.0427735 0.000270578
-0.0332804 -0.0406268 -0.0312417 -0.0419235 0.00010841
-0.0332804 -0.0406268 -0.0208395 -0.0381279 0.000109323
-0.048906 -0.0306882 -0.0429602 -0.03447 0.00010841
-0.048906 -0.0306882 -0.0480626 -0.0296929 0.000219052
0.00695375 -0.00272968 0.00723125 -0.00257961 0.000414966
0.00695375 -0.00272968 0.00699088 -0.00248235 8.30702e-05
0.00649095 -0.00297997 0.00695375 -0.00272968 0.000414966
0.00649095 -0.00297997 0.00689861 -0.00309706 6.46759e-05
0.0453562 -0.0476437 0.0416528 -0.05 8.03507e-05
0.0453562 -0.0476437 0.0455161 -0.05 0.000413059
0.00116224 -0.0413141 0.00744961 -0.0453126 2.93384e-05
0.00116224 -0.0413141 0.00233931 -0.0334722 8.30702e-05
-0.00984838 -0.0343117 -0.00792624 -0.0355342 2.93384e-05
-0.00984838 -0.0343117 -0.0167256 -0.0367587 0.000270578
-0.0172736 -0.0295896 -0.0102404 -0.0340624 2.93384e-05
-0.0172736 -0.0295896 -0.0179426 -0.0208395 7.25199e-05
-0.0400859 -0.0150818 -0.0372237 -0.016902 2.93384e-05
-0.0400859 -0.0150818 -0.0364765 -0.0160203 4.557e-05
-0.0404352 -0.0148596 -0.0400859 -0.0150818 2.93384e-05
-0.0404352 -0.0148596 -0.0336164 -0.00499634 4.88291e-05
-0.0433793 -0.0129873 -0.0404352 -0.0148596 2.93384e-05
-0.0433793 -0.0129873 -0.0419318 -0.0146018 4.70573e-05
-0.0360532 0.0149344 -0.0346169 0.0135625 9.27601e-05
-0.0360532 0.0149344 -0.0286934 0.0119564 8.35395e-05
-0.0381487 0.0169361 -0.0360532 0.0149344 9.27601e-05
-0.0381487 0.0169361 -0.0290135 0.0123146 3.11145e-05
-0.0448113 0.0233 -0.0381487 0.0169361 9.27601e-05
-0.0448113 0.0233 -0.0355598 0.0196396 0.00011376
-0.0374354 0.0154937 -0.0360532 0.0149344 8.35395e-05
-0.0374354 0.0154937 -0.0357353 0.0138996 0.000132115
0.0205138 0.0170522 0.0173765 0.0202331 0.000480907
0.0205138 0.0170522 0.019591 0.0196938 0.000258033
-0.00309095 0.0493605 -0.0103577 0.0497353 3.09266e-05
-0.00309095 0.0493605 -0.00362326 0.05 2.62861e-05
0.0429283 0.0469867 0.0180047 0.0482723 3.09266e-05
0.0429283 0.0469867 0.0440865 0.05 6.4639e-05
-0.0431173 0.0420233 -0.0228218 0.0300215 0.000237403
-0.0431173 0.0420233 -0.0235794 0.0352221 0.000192714
-0.0454404 0.043397 -0.0431173 0.0420233 0.000237403
-0.0454404 0.043397 -0.0367862 0.0469967 3.30736e-05
-0.0228246 0.0430204 -0.0313319 0.0492653 4.92662e-05
-0.0228246 0.0430204 -0.0228816 0.0437668 7.25199e-05
-0.0246774 0.0479573 -0.0255528 0.05 0.000104583
-0.0246774 0.0479573 -0.0283687 0.05 9.65644e-05
-0.0228816 0.0437668 -0.0246774 0.0479573 0.000104583
-0.0228816 0.0437668 -0.0231368 0.0471047 7.25199e-05
0.00870661 0.0198747 0.00367248 0.0235701 4.92662e-05
0.00870661 0.0198747 0.00794775 0.022529 2.13905e-05
0.0101839 0.0187903 0.00870661 0.0198747 4.92662e-05
0.0101839 0.0187903 0.0106464 0.0218719 8.30702e-05
0.0331377 0.0019409 0.0315732 0.00308933 4.92662e-05
0.0331377 0.0019409 0.0325092 0.000717867 3.30298e-05
0.0348415 0.000690202 0.0331377 0.0019409 4.92662e-05
0.0348415 0.000690202 0.0345057 9.88431e-06 7.20998e-05
0.0394415 -0.00174035 0.0449531 -0.0036948 0.000124626
0.0394415 -0.00174035 0.0358009 0.00263369 2.62861e-05
0.0441494 -0.00739678 0.0437291 -0.00933319 7.19095e-05
0.0441494 -0.00739678 0.0414656 -0.00417222 2.62861e-05
-0.0221296 0.0339296 -0.0235794 0.0352221 0.000145407
-0.0221296 0.0339296 -0.0221915 0.034739 7.25199e-05
-0.0184557 0.0334386 -0.0224412 0.042739 0.000104583
-0.0184557 0.0334386 -0.00925826 0.030237 0.000192714
0.0441792 -0.0250683 0.0456829 -0.0254736 2.22582e-05
0.0441792 -0.0250683 0.0446821 -0.0249673 0.000109323
-0.0110535 0.0161654 -0.0140892 0.0232492 0.000104583
-0.0110535 0.0161654 -0.00963023 0.0156607 0.000124626
-0.00416004 7.91886e-05 -0.00517119 0.00243874 0.000104583
-0.00416004 7.91886e-05 -0.00070239 -0.000913913 6.46759e-05
-0.000285636 -0.00896189 -0.00187863 -0.00524458 0.000104583
-0.000285636 -0.00896189 0.00239031 -0.00964781 2.26532e-05
0.0282205 -0.0207668 0.034296 -0.0224044 2.22582e-05
0.0282205 -0.0207668 0.0234044 -0.0224804 0.000270578
0.0196669 -0.0184613 0.0222895 -0.0191682 2.22582e-05
0.0196669 -0.0184613 0.0188582 -0.0156327 2.13905e-05
0.00784604 -0.0152752 0.0179489 -0.0179983 2.22582e-05
0.00784604 -0.0152752 0.0158301 -0.0235104 0.00023729
0.0051786 -0.0145562 0.00784604 -0.0152752 2.22582e-05
0.0051786 -0.0145562 0.00544276 -0.0127963 8.30702e-05
0.00765677 -0.0274958 0.00716424 -0.0263465 0.000104583
0.00765677 -0.0274958 0.00861096 -0.0277439 4.557e-05
-0.00653594 -0.0331332 -0.00984838 -0.0343117 0.000270578
-0.00653594 -0.0331332 0.00273943 -0.0308065 9.49983e-05
0.00722648 -0.0282365 0.0028938 -0.0297781 0.000270578
0.00722648 -0.0282365 0.00623387 -0.0271258 0.000247627
0.00866303 -0.0298439 0.00846053 -0.0293714 0.000104583
0.00866303 -0.0298439 0.00828097 -0.0294164 0.000247627
0.0111578 -0.0356656 0.00959347 -0.0320152 0.000104583
0.0111578 -0.0356656 0.0119722 -0.0335468 6.4639e-05
0.00850765 -0.0459855 0.00644455 -0.05 3.30298e-05
0.00850765 -0.0459855 0.011015 -0.0475801 2.93384e-05
0.011015 -0.0475801 0.00982053 -0.05 7.20998e-05
0.011015 -0.0475801 0.0148201 -0.05 2.93384e-05
-0.0092509 -0.0106669 -0.00822913 -0.0109423 2.22582e-05
-0.0092509 -0.0106669 -0.00395127 -0.015729 9.27601e-05
-0.00964767 -0.0105599 -0.0092509 -0.0106669 2.22582e-05
-0.00964767 -0.0105599 -0.00300402 -0.016789 0.000132115
-0.0277213 -0.00568841 -0.0189195 -0.00806083 2.22582e-05
-0.0277213 -0.00568841 -0.0263736 -0.00409799 0.000219052
-0.0263736 -0.00409799 -0.0215804 -0.00350347 9.25934e-05
-0.0263736 -0.00409799 -0.0251044 -0.00260018 0.000219052
0.0253302 0.00326358 0.0241711 0.00658176 0.000258033
0.0253302 0.00326358 0.0260267 0.00301657 0.000124626
0.0298551 -0.00969057 0.0297981 -0.00952739 0.000258033
0.0298551 -0.00969057 0.0428417 -0.0134206 6.46759e-05
0.0325395 -0.0173759 0.0312384 -0.0136508 0.000258033
0.0325395 -0.0173759 0.0355687 -0.0181523 2.26532e-05
0.0330102 -0.0190626 0.0282205 -0.0207668 0.000270578
0.0330102 -0.0190626 0.0331542 -0.0191354 3.11145e-05
0.0383635 -0.0340489 0.0358135 -0.0267486 0.000258033
0.0383635 -0.0340489 0.0380694 -0.0354037 7.19095e-05
0.0446417 -0.0371126 0.05 -0.0385058 4.557e-05
0.0446417 -0.0371126 0.0450408 -0.0429945 0.000413059
0.0369058 -0.045249 0.0358697 -0.0455362 9.37704e-05
0.0369058 -0.045249 0.0415119 -0.05 0.00023729
-0.0355098 -0.0414455 -0.0336307 -0.0427735 0.000262524
-0.0355098 -0.0414455 -0.0339645 -0.0428923 0.00010043
-0.035836 -0.0411401 -0.0332804 -0.0406268 0.000109323
-0.035836 -0.0411401 -0.0355098 -0.0414455 0.00010043
-0.0366005 -0.0406747 -0.0359186 -0.0411567 0.000262524
-0.0366005 -0.0406747 -0.0363896 -0.0406218 9.49983e-05
0.0414853 -0.0196689 0.0434931 -0.0201836 2.26532e-05
0.0414853 -0.0196689 0.0411596 -0.021169 7.19095e-05
0.0365775 -0.0184109 0.0414853 -0.0196689 2.26532e-05
0.0365775 -0.0184109 0.0360825 -0.0179695 0.000145407
0.0360825 -0.0179695 0.0355687 -0.0181523 0.000270578
0.0360825 -0.0179695 0.0312384 -0.0136508 0.000145407
0.0421297 -0.0167004 0.0485758 -0.0193087 8.35395e-05
0.0421297 -0.0167004 0.0414853 -0.0196689 7.19095e-05
0.0115525 0.027908 0.00770911 0.0300349 9.65644e-05
0.0115525 0.027908 0.0119076 0.030274 8.30702e-05
0.0179605 0.0243618 0.0175072 0.0246126 9.65644e-05
0.0179605 0.0243618 0.017648 0.0252564 0.000258033
0.00223883 0.0387251 -0.00126987 0.0417919 0.000161887
0.00223883 0.0387251 0.00309769 0.0394932 0.000161201
0.00664838 0.0348709 0.00367658 0.0374684 0.000161887
0.00664838 0.0348709 0.00781914 0.0362525 0.000219052
0.015165 0.0274268 0.0119076 0.030274 0.000161887
0.015165 0.0274268 0.0120432 0.0311774 2.62861e-05
0.017648 0.0252564 0.015165 0.0274268 0.000161887
0.017648 0.0252564 0.0131062 0.0382591 0.000258033
0.0354949 0.0146584 0.0317427 0.0167348 9.65644e-05
0.0354949 0.0146584 0.0376915 0.0138938 0.000192714
0.0372793 0.0136709 0.0354949 0.0146584 9.65644e-05
0.0372793 0.0136709 0.0376915 0.0138938 0.000414966
0.0366047 0.00868707 0.0343745 0.00434743 3.30298e-05
0.0366047 0.00868707 0.0333401 0.0115405 0.000161887
0.0381305 0.00735337 0.0363161 0.00367761 7.20998e-05
0.0381305 0.00735337 0.0366047 0.00868707 0.000161887
0.0468369 0.00498253 0.0458809 0.000579001 7.19095e-05
0.0468369 0.00498253 0.05 0.00537486 9.25934e-05
0.00340241 -0.0263896 0.00623387 -0.0271258 4.557e-05
0.00340241 -0.0263896 0.00371497 -0.0243073 8.30702e-05
-0.0166847 -0.0372934 -0.0167256 -0.0367587 7.25199e-05
-0.0166847 -0.0372934 -0.00792624 -0.0355342 0.000109323
0.0257193 0.0182016 0.0198986 0.0232893 0.000161887
0.0257193 0.0182016 0.0313377 0.0168335 0.000113901
0.031091 0.0161914 0.0354949 0.0146584 0.000192714
0.031091 0.0161914 0.0313377 0.0168335 6.4639e-05
0.0449531 -0.0036948 0.0443843 -0.00631477 7.19095e-05
0.0449531 -0.0036948 0.05 -0.00548444 0.000124626
0.0180793 0.00583476 0.0209244 0.00482588 0.000124626
0.0180793 0.00583476 0.0203295 0.00450413 0.000237403
0.0116303 0.00964834 0.00978205 0.0161131 2.13905e-05
0.0116303 0.00964834 0.0180793 0.00583476 0.000237403
-0.0195985 0.0191954 -0.0174246 0.0184246 0.000124626
-0.0195985 0.0191954 -0.0143597 0.0238806 0.000161201
-0.0210423 0.0197074 -0.0195985 0.0191954 0.000124626
-0.0210423 0.0197074 -0.0217839 0.0294078 7.25199e-05
-0.0409862 -0.0156566 -0.0385093 -0.0184192 4.70573e-05
-0.0409862 -0.0156566 -0.0405122 -0.0149709 4.88291e-05
0.0390393 0.0134246 0.0387482 0.0128581 3.30298e-05
0.0390393 0.0134246 0.0408212 0.0128043 0.000192714
0.041579 0.0143397 0.0485023 0.0126538 0.000113901
0.041579 0.0143397 0.0408212 0.0128043 7.20998e-05
0.0398921 0.015084 0.0397398 0.0147875 3.30298e-05
0.0398921 0.015084 0.0426945 0.0165995 0.000414966
0.0117214 0.0485964 0.0102293 0.05 7.21898e-05
0.0117214 0.0485964 0.00945447 0.0487133 3.09266e-05
0.0142945 0.0461761 0.0124794 0.0478835 7.21898e-05
0.0142945 0.0461761 0.0146352 0.0484461 8.30702e-05
0.0153706 0.0451639 0.0142945 0.0461761 7.21898e-05
0.0153706 0.0451639 0.0176949 0.0479067 0.000219052
0.0350957 0.0266099 0.0153706 0.0451639 7.21898e-05
0.0350957 0.0266099 0.0385714 0.0356521 6.4639e-05
0.0169823 0.0483251 0.0148086 0.049601 3.56763e-05
0.0169823 0.0483251 0.0146352 0.0484461 3.09266e-05
0.0176949 0.0479067 0.0169823 0.0483251 3.56763e-05
0.0176949 0.0479067 0.0180047 0.0482723 0.000219052
0.0385714 0.0356521 0.0176949 0.0479067 3.56763e-05
0.0385714 0.0356521 0.0429283 0.0469867 6.4639e-05
-0.0336164 -0.00499634 -0.0313376 -0.00471369 9.25934e-05
-0.0336164 -0.00499634 -0.0330937 -0.00424034 4.88291e-05
0.0426945 0.0165995 0.041579 0.0143397 7.20998e-05
0.0426945 0.0165995 0.0446268 0.0176446 0.000414966
0.0141243 0.000925088 0.014069 0.00111839 2.13905e-05
0.0141243 0.000925088 0.0147961 0.00100841 9.25934e-05
0.0147674 -0.00132426 0.0144284 -0.000138394 2.13905e-05
0.0147674 -0.00132426 0.0187637 -0.00252893 0.000232733
0.0220085 -0.00743691 0.0253428 -0.00839457 6.46759e-05
0.0220085 -0.00743691 0.0225854 -0.0059362 6.4639e-05
0.0161591 -0.00619204 0.0160235 -0.00571791 2.13905e-05
0.0161591 -0.00619204 0.0216353 -0.00840786 8.35395e-05
0.0176116 -0.0112726 0.0161591 -0.00619204 2.13905e-05
0.0176116 -0.0112726 0.0200584 -0.0125104 3.11145e-05
0.0194753 -0.0140272 0.0242964 -0.0152629 2.26532e-05
0.0194753 -0.0140272 0.0200584 -0.0125104 6.4639e-05
0.0207342 -0.0221945 0.0196669 -0.0184613 2.13905e-05
0.0207342 -0.0221945 0.0199569 -0.023707 3.30298e-05
0.0217653 -0.025801 0.0210549 -0.0233163 2.13905e-05
0.0217653 -0.025801 0.0216341 -0.0260669 7.20998e-05
0.0218274 -0.0260184 0.0217653 -0.025801 2.13905e-05
0.0218274 -0.0260184 0.0344522 -0.0228515 9.49983e-05
0.0227844 -0.0293656 0.0218274 -0.0260184 2.13905e-05
0.0227844 -0.0293656 0.0358135 -0.0267486 0.000109323
0.0237512 -0.0316807 0.0361102 -0.0444284 0.00023729
0.0237512 -0.0316807 0.0380694 -0.0354037 4.557e-05
0.0234218 -0.031595 0.0233188 -0.0312346 2.13905e-05
0.0234218 -0.031595 0.0237512 -0.0316807 4.557e-05
0.0273164 -0.0452172 0.0234218 -0.031595 2.13905e-05
0.0273164 -0.0452172 0.0295304 -0.047293 0.000132115
0.0291917 -0.0473869 0.0319274 -0.05 9.27601e-05
0.0291917 -0.0473869 0.0280288 -0.0477092 9.37704e-05
0.0173765 0.0202331 0.019591 0.0196938 0.000113901
0.0173765 0.0202331 0.0162766 0.0213483 0.000480907
0.0108513 0.0232368 0.0113219 0.0263719 8.30702e-05
0.0108513 0.0232368 0.0162766 0.0213483 0.000192714
-0.0113401 0.0272257 -0.0107736 0.0270877 0.000113901
-0.0113401 0.0272257 -0.00925826 0.030237 4.88291e-05
-0.0163121 0.0284364 -0.0158391 0.0283212 0.000113901
-0.0163121 0.0284364 -0.0165246 0.0289324 0.000104583
-0.021812 0.0297757 -0.0163121 0.0284364 0.000113901
-0.021812 0.0297757 -0.0221296 0.0339296 7.25199e-05
-0.0132999 0.0243908 -0.00774825 0.0211078 0.000237403
-0.0132999 0.0243908 -0.0125871 0.0254219 4.88291e-05
-0.0150123 0.0254034 -0.0135945 0.024565 0.000237403
-0.0150123 0.0254034 -0.0163121 0.0284364 0.000104583
-0.0217839 0.0294078 -0.0150123 0.0254034 0.000237403
-0.0217839 0.0294078 -0.021812 0.0297757 7.25199e-05
-0.0198871 0.00459629 -0.0191786 0.00439278 6.46759e-05
-0.0198871 0.00459629 -0.0201337 0.00782243 7.25199e-05
-0.0282489 0.0114591 -0.0284738 0.0117107 0.000247627
-0.0282489 0.0114591 -0.0280952 0.0115966 0.000161201
-0.024861 0.00766809 -0.0282489 0.0114591 0.000247627
-0.024861 0.00766809 -0.023557 0.00955423 4.88291e-05
-0.0258088 0.00629711 -0.0228853 0.00545744 6.46759e-05
-0.0258088 0.00629711 -0.024861 0.00766809 4.88291e-05
-0.0149788 -0.00519563 -0.0092509 -0.0106669 9.27601e-05
-0.0149788 -0.00519563 -0.0128852 -0.00573227 2.26532e-05
-0.0194662 -0.000909324 -0.0173055 -0.00297324 9.27601e-05
-0.0194662 -0.000909324 -0.0196786 0.00186924 7.25199e-05
-0.0262868 0.00560566 -0.0217903 0.00131067 9.27601e-05
-0.0262868 0.00560566 -0.0258088 0.00629711 4.88291e-05
-0.0284296 0.00704984 -0.0275275 0.00679075 6.46759e-05
-0.0284296 0.00704984 -0.0265237 0.00526295 0.000132115
-0.0304004 0.00953495 -0.0282489 0.0114591 0.000161201
-0.0304004 0.00953495 -0.0275275 0.00679075 9.27601e-05
-0.0307483 0.00922386 -0.0304004 0.00953495 0.000161201
-0.0307483 0.00922386 -0.0284296 0.00704984 0.000132115
-0.015546 -0.00275501 -0.0196786 0.00186924 0.000247627
-0.015546 -0.00275501 -0.00550027 -0.00150901 9.25934e-05
-0.0155158 -0.00505798 -0.0149788 -0.00519563 2.26532e-05
-0.0155158 -0.00505798 -0.00964767 -0.0105599 0.000132115
-0.0192896 -0.00321934 -0.0194296 -0.00138849 7.25199e-05
-0.0192896 -0.00321934 -0.0176886 -0.00302077 9.25934e-05
-0.0251044 -0.00260018 -0.0215804 -0.00350347 2.26532e-05
-0.0251044 -0.00260018 -0.0220197 0.00104 0.000219052
-0.0265237 0.00526295 -0.0262868 0.00560566 4.88291e-05
-0.0265237 0.00526295 -0.0220197 0.00104 0.000132115
0.047993 0.0103078 0.0474957 0.00801726 7.19095e-05
0.047993 0.0103078 0.05 0.0096092 0.000192714
0.0485023 0.0126538 0.047993 0.0103078 7.19095e-05
0.0485023 0.0126538 0.05 0.0122891 0.000113901
0.0446268 0.0176446 0.0436595 0.0185545 7.21898e-05
0.0446268 0.0176446 0.045108 0.0179048 0.000414966
-0.0429602 -0.03447 -0.0363896 -0.0406218 0.00010043
-0.0429602 -0.03447 -0.0341654 -0.0400639 0.00010841
-0.0480626 -0.0296929 -0.0429602 -0.03447 0.00010043
-0.0480626 -0.0296929 -0.0385093 -0.0184192 0.000219052
0.0114189 -0.000314861 0.0147674 -0.00132426 0.000232733
0.0114189 -0.000314861 0.0128788 0.000474693 0.000414966
0.00749381 0.000868339 0.00929331 0.000325885 0.000232733
0.00749381 0.000868339 0.00773991 0.00250792 8.30702e-05
-0.00627716 0.00501956 0.00749381 0.000868339 0.000232733
-0.00627716 0.00501956 -0.00784293 0.00867334 0.000104583
-0.0120106 0.00520616 -0.00916965 0.0022758 0.00023729
-0.0120106 0.00520616 -0.00517119 0.00243874 8.35395e-05
-0.0269532 0.0112523 -0.0268552 0.0112228 0.000232733
-0.0269532 0.0112523 -0.0267553 0.0111722 8.35395e-05
-0.0284738 0.0117107 -0.0280952 0.0115966 0.000232733
-0.0284738 0.0117107 -0.0286934 0.0119564 0.000247627
0.0150887 -0.0254391 0.0158301 -0.0235104 6.4639e-05
0.0150887 -0.0254391 0.00866106 -0.0277261 0.000270578
0.0136947 -0.0290658 0.0141232 -0.0279509 6.4639e-05
0.0136947 -0.0290658 0.0167894 -0.0298705 4.557e-05
0.0127054 -0.0316394 0.0127397 -0.0315502 6.4639e-05
0.0127054 -0.0316394 0.014835 -0.0336735 9.27601e-05
0.0104497 -0.0318432 0.00866303 -0.0298439 0.000247627
0.0104497 -0.0318432 0.0124898 -0.0314334 0.000109323
-0.0136158 0.0109574 -0.0104318 0.0147147 0.000219052
-0.0136158 0.0109574 -0.00784293 0.00867334 0.00011376
-0.0205055 0.0139682 -0.0200574 0.0135061 0.00023729
-0.0205055 0.0139682 -0.0174246 0.0184246 4.88291e-05
-0.0209133 0.0180196 -0.0210423 0.0197074 7.25199e-05
-0.0209133 0.0180196 -0.0195985 0.0191954 0.000161201
0.0438179 -0.0249709 0.0438293 -0.0251386 0.000413059
0.0438179 -0.0249709 0.0439864 -0.0250164 2.22582e-05
0.0429468 -0.0240894 0.0409182 -0.0222809 0.000145407
0.0429468 -0.0240894 0.0437869 -0.0245145 3.11145e-05
0.0435198 -0.020577 0.0437869 -0.0245145 0.000413059
0.0435198 -0.020577 0.044282 -0.0203858 9.49983e-05
0.044282 -0.0203858 0.05 -0.0218515 2.26532e-05
0.044282 -0.0203858 0.0485758 -0.0193087 9.49983e-05
-0.0336307 -0.0427735 -0.0339645 -0.0428923 0.000270578
-0.0336307 -0.0427735 -0.0234047 -0.05 0.000262524
-0.0202296 -0.0380054 -0.0166847 -0.0372934 0.000109323
-0.0202296 -0.0380054 -0.0207753 -0.0381995 0.000270578
-0.0208395 -0.0381279 -0.0202296 -0.0380054 0.000109323
-0.0208395 -0.0381279 -0.0207753 -0.0381995 4.70573e-05
0.00723125 -0.00257961 0.0114189 -0.000314861 0.000414966
0.00723125 -0.00257961 0.0124523 -0.00469219 8.35395e-05
0.00737671 8.81628e-05 0.00749381 0.000868339 8.30702e-05
0.00737671 8.81628e-05 0.00929331 0.000325885 9.25934e-05
0.00699088 -0.00248235 0.00737671 8.81628e-05 8.30702e-05
0.00699088 -0.00248235 0.00723125 -0.00257961 8.35395e-05
0.00689861 -0.00309706 0.0124523 -0.00469219 6.46759e-05
0.00689861 -0.00309706 0.00695375 -0.00272968 8.30702e-05
0.00273943 -0.0308065 0.0028938 -0.0297781 8.30702e-05
0.00273943 -0.0308065 0.00828097 -0.0294164 9.49983e-05
0.00233931 -0.0334722 0.00273943 -0.0308065 8.30702e-05
0.00233931 -0.0334722 0.00959347 -0.0320152 0.000109323
-0.00792624 -0.0355342 0.00116224 -0.0413141 2.93384e-05
-0.00792624 -0.0355342 0.00233931 -0.0334722 0.000109323
-0.0167256 -0.0367587 -0.0202296 -0.0380054 0.000270578
-0.0167256 -0.0367587 -0.0168058 -0.0357093 7.25199e-05
-0.0102404 -0.0340624 -0.00984838 -0.0343117 2.93384e-05
-0.0102404 -0.0340624 -0.00653594 -0.0331332 9.49983e-05
-0.0372237 -0.016902 -0.0172736 -0.0295896 2.93384e-05
-0.0372237 -0.016902 -0.0364765 -0.0160203 0.000219052
-0.0364765 -0.0160203 -0.0179426 -0.0208395 4.557e-05
-0.0364765 -0.0160203 -0.0277213 -0.00568841 0.000219052
-0.0280045 0.0116777 -0.0269532 0.0112523 8.35395e-05
-0.0280045 0.0116777 -0.0279142 0.0117585 0.000161201
-0.0286934 0.0119564 -0.0280045 0.0116777 8.35395e-05
-0.0286934 0.0119564 -0.0290135 0.0123146 0.000247627
-0.00397527 -0.000351996 -0.00243879 -0.00112928 3.11145e-05
-0.00397527 -0.000351996 -0.00416004 7.91886e-05 0.000104583
-0.00570439 0.000522754 -0.00397527 -0.000351996 3.11145e-05
-0.00570439 0.000522754 -0.00416004 7.91886e-05 6.46759e-05
-0.0201337 0.00782243 -0.017431 0.00645512 3.11145e-05
-0.0201337 0.00782243 -0.0201866 0.00851437 7.25199e-05
-0.023557 0.00955423 -0.0201337 0.00782243 3.11145e-05
-0.023557 0.00955423 -0.023382 0.00980732 4.88291e-05
-0.0268552 0.0112228 -0.0267553 0.0111722 3.11145e-05
-0.0268552 0.0112228 -0.0231712 0.0101122 0.000232733
-0.0279142 0.0117585 -0.0268552 0.0112228 3.11145e-05
-0.0279142 0.0117585 -0.0241497 0.0151252 0.000161201
-0.0290135 0.0123146 -0.0279142 0.0117585 3.11145e-05
-0.0290135 0.0123146 -0.0355598 0.0196396 0.000247627
-0.0205842 0.0137145 -0.0200574 0.0135061 0.00011376
-0.0205842 0.0137145 -0.0205938 0.0138404 7.25199e-05
-0.0206601 0.0137445 -0.0205842 0.0137145 0.00011376
-0.0206601 0.0137445 -0.0205938 0.0138404 4.88291e-05
-0.0241497 0.0151252 -0.0206601 0.0137445 0.00011376
-0.0241497 0.0151252 -0.0209133 0.0180196 0.000161201
-0.0355598 0.0196396 -0.0241497 0.0151252 0.00011376
-0.0355598 0.0196396 -0.0423835 0.0272751 0.000247627
0.0181373 0.0238556 0.0179605 0.0243618 0.000258033
0.0181373 0.0238556 0.0175072 0.0246126 2.62861e-05
0.019591 0.0196938 0.0193919 0.0202638 0.000258033
0.019591 0.0196938 0.0221123 0.0190799 0.000113901
-0.0103577 0.0497353 -0.0154898 0.05 3.09266e-05
-0.0103577 0.0497353 -0.0106605 0.05 0.000161887
0.0180047 0.0482723 0.0169823 0.0483251 3.09266e-05
0.0180047 0.0482723 0.0194687 0.05 0.000219052
-0.0235794 0.0352221 -0.0221915 0.034739 0.000192714
-0.0235794 0.0352221 -0.0367862 0.0469967 0.000145407
-0.0313319 0.0492653 -0.0295656 0.05 3.30736e-05
-0.0313319 0.0492653 -0.0323328 0.05 4.92662e-05
-0.0367862 0.0469967 -0.0313319 0.0492653 3.30736e-05
-0.0367862 0.0469967 -0.0401548 0.05 0.000145407
-0.0231368 0.0471047 -0.0233582 0.05 7.25199e-05
-0.0231368 0.0471047 -0.0246774 0.0479573 9.65644e-05
-0.00193877 0.027689 -0.00642169 0.0309798 4.92662e-05
-0.00193877 0.027689 -7.21369e-06 0.0270167 0.000192714
0.00367248 0.0235701 -0.000396682 0.0265571 4.92662e-05
0.00367248 0.0235701 0.00794775 0.022529 0.000113901
0.00544336 0.0312887 0.00502328 0.032758 2.13905e-05
0.00544336 0.0312887 0.00419724 0.0319783 9.65644e-05
0.00740212 0.0244375 0.00544336 0.0312887 2.13905e-05
0.00740212 0.0244375 0.0108513 0.0232368 0.000192714
0.00794775 0.022529 0.00740212 0.0244375 2.13905e-05
0.00794775 0.022529 0.0106464 0.0218719 0.000113901
0.0315732 0.00308933 0.0272691 0.00624878 4.92662e-05
0.0315732 0.00308933 0.0338746 0.00337478 9.25934e-05
0.0222895 -0.0191682 0.0207342 -0.0221945 3.30298e-05
0.0222895 -0.0191682 0.0247164 -0.0198224 2.22582e-05
0.0325092 0.000717867 0.0311627 -0.00190211 3.30298e-05
0.0325092 0.000717867 0.0345057 9.88431e-06 0.000124626
0.0234044 -0.0224804 0.0217653 -0.025801 7.20998e-05
0.0234044 -0.0224804 0.0210549 -0.0233163 0.000270578
0.0297981 -0.00952739 0.0297346 -0.00965597 7.20998e-05
0.0297981 -0.00952739 0.0287646 -0.00656861 0.000258033
0.0330199 -0.00300032 0.0313759 -0.00633085 7.20998e-05
0.0330199 -0.00300032 0.0437291 -0.00933319 0.000237403
0.0345057 9.88431e-06 0.0330199 -0.00300032 7.20998e-05
0.0345057 9.88431e-06 0.0369482 -0.000856241 0.000124626
0.0343745 0.00434743 0.0299248 0.00969347 2.62861e-05
0.0343745 0.00434743 0.0338746 0.00337478 3.30298e-05
0.0358009 0.00263369 0.0350615 0.00352199 2.62861e-05
0.0358009 0.00263369 0.0348415 0.000690202 7.20998e-05
0.0428417 -0.0134206 0.0423373 -0.015744 7.19095e-05
0.0428417 -0.0134206 0.05 -0.0154766 6.46759e-05
0.0435821 -0.0100104 0.0432496 -0.0115417 7.19095e-05
0.0435821 -0.0100104 0.0462178 -0.0108049 0.000232733
0.0437291 -0.00933319 0.0435821 -0.0100104 7.19095e-05
0.0437291 -0.00933319 0.0462178 -0.0108049 0.000237403
-0.0221915 0.034739 -0.0228246 0.0430204 7.25199e-05
-0.0221915 0.034739 -0.0184557 0.0334386 0.000192714
-0.0078143 0.0297343 -0.00193877 0.027689 0.000192714
-0.0078143 0.0297343 -0.00642169 0.0309798 0.000161201
-0.00925826 0.030237 -0.0078143 0.0297343 0.000192714
-0.00925826 0.030237 -0.0079627 0.0321109 4.88291e-05
0.0456829 -0.0254736 0.05 -0.0266372 2.22582e-05
0.0456829 -0.0254736 0.05 -0.0276576 3.11145e-05
0.0446821 -0.0249673 0.05 -0.0238991 0.000109323
0.0446821 -0.0249673 0.0456829 -0.0254736 3.11145e-05
-0.0143597 0.0238806 -0.0150123 0.0254034 0.000104583
-0.0143597 0.0238806 -0.0135945 0.024565 0.000161201
-0.0140892 0.0232492 -0.0143597 0.0238806 0.000104583
-0.0140892 0.0232492 -0.0132999 0.0243908 4.88291e-05
0.0036393 0.0109552 0.00873655 0.00914773 0.000124626
0.0036393 0.0109552 -0.0061909 0.0197194 0.000145407
-0.00963023 0.0156607 0.0036393 0.0109552 0.000124626
-0.00963023 0.0156607 -0.0061909 0.0197194 0.000219052
-0.00517119 0.00243874 -0.00627716 0.00501956 0.000104583
-0.00517119 0.00243874 0.00221908 -0.000551554 8.35395e-05
-0.00070239 -0.000913913 0.00649095 -0.00297997 6.46759e-05
-0.00070239 -0.000913913 0.00221908 -0.000551554 9.25934e-05
-0.00358144 -0.00127101 -0.00397527 -0.000351996 0.000104583
-0.00358144 -0.00127101 -0.00243879 -0.00112928 9.25934e-05
-0.00187863 -0.00524458 -0.00358144 -0.00127101 0.000104583
-0.00187863 -0.00524458 0.00239031 -0.00964781 0.00023729
0.00578474 -0.0105179 0.018314 -0.0137295 2.26532e-05
0.00578474 -0.0105179 0.00651414 -0.00565849 8.30702e-05
0.00239031 -0.00964781 0.00578474 -0.0105179 2.26532e-05
0.00239031 -0.00964781 0.00544276 -0.0127963 0.00023729
0.034296 -0.0224044 0.0352305 -0.0226563 2.22582e-05
0.034296 -0.0224044 0.0331542 -0.0191354 0.000258033
0.0179489 -0.0179983 0.0196669 -0.0184613 2.22582e-05
0.0179489 -0.0179983 0.0188582 -0.0156327 6.4639e-05
0.0185933 -0.0263604 0.0189592 -0.0267379 0.00023729
0.0185933 -0.0263604 0.0183164 -0.0268991 3.30298e-05
0.0158301 -0.0235104 0.0170303 -0.0247483 0.00023729
0.0158301 -0.0235104 0.0179489 -0.0179983 6.4639e-05
0.00544276 -0.0127963 0.00578474 -0.0105179 8.30702e-05
0.00544276 -0.0127963 0.00784604 -0.0152752 0.00023729
0.00716424 -0.0263465 0.00714719 -0.0263067 0.000104583
0.00716424 -0.0263465 0.00862282 -0.0277397 9.27601e-05
0.0087066 -0.0277688 0.0117229 -0.0285531 4.557e-05
0.0087066 -0.0277688 0.0100032 -0.0289844 0.000132115
0.00861096 -0.0277439 0.00863331 -0.0277497 4.557e-05
0.00861096 -0.0277439 0.00787526 -0.0280057 0.000270578
0.0028938 -0.0297781 -0.00653594 -0.0331332 0.000270578
0.0028938 -0.0297781 0.00340241 -0.0263896 8.30702e-05
-0.00822913 -0.0109423 -0.0128852 -0.00573227 0.000247627
-0.00822913 -0.0109423 0.0017112 -0.0136216 2.22582e-05
-0.00395127 -0.015729 -0.00822913 -0.0109423 0.000247627
-0.00395127 -0.015729 0.00387979 -0.0232092 9.27601e-05
-0.00300402 -0.016789 -0.00395127 -0.015729 0.000247627
-0.00300402 -0.016789 0.00387531 -0.023239 0.000132115
0.00623387 -0.0271258 0.00371497 -0.0243073 0.000247627
0.00623387 -0.0271258 0.00765677 -0.0274958 4.557e-05
0.00846053 -0.0293714 0.00787526 -0.0280057 0.000104583
0.00846053 -0.0293714 0.00994201 -0.0289998 9.49983e-05
0.00828097 -0.0294164 0.00722648 -0.0282365 0.000247627
0.00828097 -0.0294164 0.00846053 -0.0293714 9.49983e-05
0.00959347 -0.0320152 0.00866303 -0.0298439 0.000104583
0.00959347 -0.0320152 0.0104497 -0.0318432 0.000109323
0.0241711 0.00658176 0.0232593 0.00919225 0.000258033
0.0241711 0.00658176 0.0256937 0.00740522 0.000414966
0.027312 0.0025608 0.0325092 0.000717867 0.000124626
0.027312 0.0025608 0.0315732 0.00308933 9.25934e-05
0.0260267 0.00301657 0.027312 0.0025608 0.000124626
0.0260267 0.00301657 0.0272691 0.00624878 6.4639e-05
0.0312384 -0.0136508 0.0306862 -0.0120701 0.000258033
0.0312384 -0.0136508 0.0288249 -0.011499 0.000145407
0.0407652 -0.0229858 0.0429468 -0.0240894 3.11145e-05
0.0407652 -0.0229858 0.0405268 -0.0240839 7.19095e-05
0.0384951 -0.0218374 0.0407652 -0.0229858 3.11145e-05
0.0384951 -0.0218374 0.0399979 -0.0214604 9.49983e-05
0.0331542 -0.0191354 0.0384951 -0.0218374 3.11145e-05
0.0331542 -0.0191354 0.0331156 -0.0190251 0.000258033
0.0344522 -0.0228515 0.034296 -0.0224044 0.000258033
0.0344522 -0.0228515 0.0352305 -0.0226563 9.49983e-05
0.0358135 -0.0267486 0.0344522 -0.0228515 0.000258033
0.0358135 -0.0267486 0.0401368 -0.0258803 0.000109323
0.0358697 -0.0455362 0.0349006 -0.05 7.19095e-05
0.0358697 -0.0455362 0.0295304 -0.047293 9.37704e-05
0.0361102 -0.0444284 0.0358697 -0.0455362 7.19095e-05
0.0361102 -0.0444284 0.0369058 -0.045249 0.00023729
0.0380694 -0.0354037 0.0361102 -0.0444284 7.19095e-05
0.0380694 -0.0354037 0.0389133 -0.0356231 4.557e-05
-0.0339645 -0.0428923 -0.0263729 -0.05 0.00010043
-0.0339645 -0.0428923 -0.05 -0.0485977 0.000270578
-0.0218692 -0.0369794 -0.0168058 -0.0357093 9.49983e-05
-0.0218692 -0.0369794 -0.0208395 -0.0381279 4.70573e-05
-0.0363896 -0.0406218 -0.0341654 -0.0400639 9.49983e-05
-0.0363896 -0.0406218 -0.035836 -0.0411401 0.00010043
0.0409182 -0.0222809 0.0407652 -0.0229858 7.19095e-05
0.0409182 -0.0222809 0.0399979 -0.0214604 0.000145407
0.0411596 -0.021169 0.0409182 -0.0222809 7.19095e-05
0.0411596 -0.021169 0.0435198 -0.020577 9.49983e-05
0.0485758 -0.0193087 0.05 -0.0198849 8.35395e-05
0.0485758 -0.0193087 0.05 -0.0189514 9.49983e-05
0.00770911 0.0300349 0.00544336 0.0312887 9.65644e-05
0.00770911 0.0300349 0.00502328 0.032758 0.000480907
0.0138782 0.0434027 0.0142945 0.0461761 8.30702e-05
0.0138782 0.0434027 0.0153706 0.0451639 0.000219052
0.0119076 0.030274 0.0120432 0.0311774 8.30702e-05
0.0119076 0.030274 0.00664838 0.0348709 0.000161887
0.0175072 0.0246126 0.0115525 0.027908 9.65644e-05
0.0175072 0.0246126 0.015165 0.0274268 2.62861e-05
-0.00126987 0.0417919 -0.0103577 0.0497353 0.000161887
-0.00126987 0.0417919 0.000762129 0.0447311 4.88291e-05
0.00425806 0.0405309 0.0103954 0.0460197 0.000161201
0.00425806 0.0405309 0.00203864 0.0431975 2.62861e-05
0.00309769 0.0394932 0.00425806 0.0405309 0.000161201
0.00309769 0.0394932 0.00203864 0.0431975 2.13905e-05
0.00367658 0.0374684 0.00223883 0.0387251 0.000161887
0.00367658 0.0374684 0.00309769 0.0394932 2.13905e-05
0.00781914 0.0362525 0.0120593 0.0412562 0.000219052
0.00781914 0.0362525 0.00425806 0.0405309 2.62861e-05
0.0120432 0.0311774 0.00781914 0.0362525 2.62861e-05
0.0120432 0.0311774 0.0131062 0.0382591 8.30702e-05
0.00945447 0.0487133 0.00900504 0.05 0.000258033
0.00945447 0.0487133 0.00371968 0.0490092 3.09266e-05
0.0103954 0.0460197 0.00945447 0.0487133 0.000258033
0.0103954 0.0460197 0.0124794 0.0478835 0.000161201
0.0120593 0.0412562 0.0103954 0.0460197 0.000258033
0.0120593 0.0412562 0.0138782 0.0434027 0.000219052
0.0131062 0.0382591 0.0120593 0.0412562 0.000258033
0.0131062 0.0382591 0.0138782 0.0434027 8.30702e-05
0.0317427 0.0167348 0.0313775 0.0169369 9.65644e-05
0.0317427 0.0167348 0.0394669 0.014854 0.000113901
0.0376915 0.0138938 0.0390393 0.0134246 0.000192714
0.0376915 0.0138938 0.0394669 0.014854 0.000414966
0.0363161 0.00367761 0.0358009 0.00263369 7.20998e-05
0.0363161 0.00367761 0.0415878 0.00433147 9.25934e-05
0.00438304 -0.0198564 0.0051786 -0.0145562 8.30702e-05
0.00438304 -0.0198564 0.0017112 -0.0136216 0.000104583
0.00387979 -0.0232092 0.00438304 -0.0198564 8.30702e-05
0.00387979 -0.0232092 0.00581157 -0.0250544 9.27601e-05
0.00387531 -0.023239 0.00387979 -0.0232092 8.30702e-05
0.00387531 -0.023239 0.00581157 -0.0250544 0.000132115
0.00371497 -0.0243073 0.00387531 -0.023239 8.30702e-05
0.00371497 -0.0243073 -0.00300402 -0.016789 0.000247627
0.0313377 0.0168335 0.0317427 0.0167348 0.000113901
0.0313377 0.0168335 0.0313775 0.0169369 6.4639e-05
0.0209244 0.00482588 0.0253302 0.00326358 0.000124626
0.0209244 0.00482588 0.0241711 0.00658176 0.000414966
0.0242566 0.00218183 0.0254374 0.00148353 0.000237403
0.0242566 0.00218183 0.0256477 0.00235438 9.25934e-05
0.0203295 0.00450413 0.0242566 0.00218183 0.000237403
0.0203295 0.00450413 0.0209244 0.00482588 0.000414966
0.00978205 0.0161131 0.00870661 0.0198747 2.13905e-05
0.00978205 0.0161131 0.0101839 0.0187903 8.30702e-05
-0.0174246 0.0184246 -0.0110535 0.0161654 0.000124626
-0.0174246 0.0184246 -0.0140892 0.0232492 4.88291e-05
-0.0385093 -0.0184192 -0.0218692 -0.0369794 4.70573e-05
-0.0385093 -0.0184192 -0.0372237 -0.016902 0.000219052
0.0408212 0.0128043 0.047993 0.0103078 0.000192714
0.0408212 0.0128043 0.0403972 0.0119455 7.20998e-05
0.0124794 0.0478835 0.0117214 0.0485964 7.21898e-05
0.0124794 0.0478835 0.0131918 0.0485206 0.000161201
0.0148086 0.049601 0.0148685 0.05 8.30702e-05
0.0148086 0.049601 0.0145618 0.0497459 3.56763e-05
0.0146352 0.0484461 0.0148086 0.049601 8.30702e-05
0.0146352 0.0484461 0.0131918 0.0485206 3.09266e-05
0.014069 0.00111839 0.0138625 0.00184068 2.13905e-05
0.014069 0.00111839 0.0144448 0.00132159 0.000414966
0.0147961 0.00100841 0.0242566 0.00218183 9.25934e-05
0.0147961 0.00100841 0.0144448 0.00132159 0.000145407
0.0144284 -0.000138394 0.0141243 0.000925088 2.13905e-05
0.0144284 -0.000138394 0.017402 -0.00131493 0.00011376
0.0233622 -0.00391516 0.0259314 -0.00468961 0.000232733
0.0233622 -0.00391516 0.023443 -0.00370508 6.4639e-05
0.0187637 -0.00252893 0.0233622 -0.00391516 0.000232733
0.0187637 -0.00252893 0.017402 -0.00131493 0.000145407
0.0275068 -0.0090161 0.0297346 -0.00965597 6.46759e-05
0.0275068 -0.0090161 0.0270459 -0.00991294 3.30298e-05
0.0253428 -0.00839457 0.0275068 -0.0090161 6.46759e-05
0.0253428 -0.00839457 0.0225854 -0.0059362 0.000145407
0.0225854 -0.0059362 0.0233622 -0.00391516 6.4639e-05
0.0225854 -0.0059362 0.0187637 -0.00252893 0.000145407
0.0216353 -0.00840786 0.0267548 -0.0104793 8.35395e-05
0.0216353 -0.00840786 0.0220085 -0.00743691 6.4639e-05
0.0267349 -0.015888 0.0330102 -0.0190626 3.11145e-05
0.0267349 -0.015888 0.0325395 -0.0173759 2.26532e-05
0.0200584 -0.0125104 0.0245446 -0.01478 3.11145e-05
0.0200584 -0.0125104 0.0216353 -0.00840786 6.4639e-05
0.026667 -0.0158706 0.0267349 -0.015888 2.26532e-05
0.026667 -0.0158706 0.0247164 -0.0198224 7.20998e-05
0.0242964 -0.0152629 0.026667 -0.0158706 2.26532e-05
0.0242964 -0.0152629 0.0222895 -0.0191682 3.30298e-05
0.0199569 -0.023707 0.0185933 -0.0263604 3.30298e-05
0.0199569 -0.023707 0.0170303 -0.0247483 0.000270578
0.0210549 -0.0233163 0.0207342 -0.0221945 2.13905e-05
0.0210549 -0.0233163 0.0199569 -0.023707 0.000270578
0.0194191 -0.0305542 0.0169698 -0.0355163 7.20998e-05
0.0194191 -0.0305542 0.0234218 -0.031595 4.557e-05
0.0197 -0.0299852 0.0194191 -0.0305542 7.20998e-05
0.0197 -0.0299852 0.021715 -0.0295804 0.000109323
0.0205122 -0.0283397 0.0197 -0.0299852 7.20998e-05
0.0205122 -0.0283397 0.021715 -0.0295804 0.00023729
0.0216341 -0.0260669 0.0205122 -0.0283397 7.20998e-05
0.0216341 -0.0260669 0.0218274 -0.0260184 9.49983e-05
0.0295304 -0.047293 0.0324176 -0.05 0.000132115
0.0295304 -0.047293 0.0291917 -0.0473869 9.37704e-05
0.0113219 0.0263719 0.00770911 0.0300349 0.000480907
0.0113219 0.0263719 0.0115525 0.027908 8.30702e-05
0.0162766 0.0213483 0.0113219 0.0263719 0.000480907
0.0162766 0.0213483 0.0193919 0.0202638 0.000192714
-0.0107736 0.0270877 -0.00179886 0.0249024 0.000113901
-0.0107736 0.0270877 -0.0078143 0.0297343 0.000161201
-0.0158391 0.0283212 -0.0113401 0.0272257 0.000113901
-0.0158391 0.0283212 -0.0165246 0.0289324 0.000145407
0.00904148 0.0111793 0.0116303 0.00964834 0.000237403
0.00904148 0.0111793 0.00978205 0.0161131 8.30702e-05
-0.00774825 0.0211078 -0.00592698 0.0200308 0.000237403
-0.00774825 0.0211078 -0.0125871 0.0254219 0.000145407
-0.0125074 0.0255371 -0.0113401 0.0272257 4.88291e-05
-0.0125074 0.0255371 -0.0107736 0.0270877 0.000161201
-0.0125871 0.0254219 -0.0125074 0.0255371 4.88291e-05
-0.0125871 0.0254219 -0.0126117 0.0254439 0.000145407
-0.0135945 0.024565 -0.0132999 0.0243908 0.000237403
-0.0135945 0.024565 -0.0126117 0.0254439 0.000161201
-0.0191786 0.00439278 -0.00815148 0.0012256 6.46759e-05
-0.0191786 0.00439278 -0.017431 0.00645512 0.000219052
-0.0280952 0.0115966 -0.0280045 0.0116777 0.000161201
-0.0280952 0.0115966 -0.0269532 0.0112523 0.000232733
-0.0173055 -0.00297324 -0.0149788 -0.00519563 9.27601e-05
-0.0173055 -0.00297324 -0.015546 -0.00275501 9.25934e-05
-0.0196786 0.00186924 -0.0198142 0.00364269 7.25199e-05
-0.0196786 0.00186924 -0.0205196 0.00281026 0.000247627
-0.0217903 0.00131067 -0.0194662 -0.000909324 9.27601e-05
-0.0217903 0.00131067 -0.0205196 0.00281026 0.000219052
-0.00550027 -0.00150901 -0.00358144 -0.00127101 9.25934e-05
-0.00550027 -0.00150901 -0.00187863 -0.00524458 0.00023729
-0.0194296 -0.00138849 -0.0194662 -0.000909324 7.25199e-05
-0.0194296 -0.00138849 -0.0176886 -0.00302077 0.000132115
-0.0176886 -0.00302077 -0.0173055 -0.00297324 9.25934e-05
-0.0176886 -0.00302077 -0.0155158 -0.00505798 0.000132115
-0.0220197 0.00104 -0.0217903 0.00131067 0.000219052
-0.0220197 0.00104 -0.0194296 -0.00138849 0.000132115
-0.0341654 -0.0400639 -0.0332804 -0.0406268 0.00010841
-0.0341654 -0.0400639 -0.0218692 -0.0369794 9.49983e-05
0.0128788 0.000474693 0.0135888 0.000858667 0.000414966
0.0128788 0.000474693 0.0144284 -0.000138394 0.00011376
0.00929331 0.000325885 0.0114189 -0.000314861 0.000232733
0.00929331 0.000325885 0.0123094 0.00069998 9.25934e-05
0.00773991 0.00250792 0.00837422 0.00673381 8.30702e-05
0.00773991 0.00250792 0.0123094 0.00069998 0.00011376
-0.0104318 0.0147147 -0.0110535 0.0161654 0.000104583
-0.0104318 0.0147147 -0.00963023 0.0156607 0.000219052
-0.00784293 0.00867334 -0.0104318 0.0147147 0.000104583
-0.00784293 0.00867334 0.00773991 0.00250792 0.00011376
-0.00916965 0.0022758 -0.00815148 0.0012256 0.00023729
-0.00916965 0.0022758 -0.00570439 0.000522754 3.11145e-05
-0.0201866 0.00851437 -0.0168351 0.00715826 8.35395e-05
-0.0201866 0.00851437 -0.0202413 0.009229 7.25199e-05
-0.023382 0.00980732 -0.0201866 0.00851437 8.35395e-05
-0.023382 0.00980732 -0.0231712 0.0101122 4.88291e-05
-0.0267553 0.0111722 -0.023382 0.00980732 8.35395e-05
-0.0267553 0.0111722 -0.023557 0.00955423 3.11145e-05
0.00862282 -0.0277397 0.00861096 -0.0277439 0.000270578
0.00862282 -0.0277397 0.00863331 -0.0277497 9.27601e-05
0.00866106 -0.0277261 0.00862282 -0.0277397 0.000270578
0.00866106 -0.0277261 0.0087066 -0.0277688 0.000132115
0.0141232 -0.0279509 0.0150887 -0.0254391 6.4639e-05
0.0141232 -0.0279509 0.0183164 -0.0268991 9.49983e-05
0.0183068 -0.030265 0.0194191 -0.0305542 4.557e-05
0.0183068 -0.030265 0.0197 -0.0299852 0.000109323
0.0167894 -0.0298705 0.0183068 -0.030265 4.557e-05
0.0167894 -0.0298705 0.0163886 -0.0306503 3.30298e-05
0.0128093 -0.0313692 0.0136947 -0.0290658 6.4639e-05
0.0128093 -0.0313692 0.0163886 -0.0306503 0.000109323
0.0127397 -0.0315502 0.0128093 -0.0313692 6.4639e-05
0.0127397 -0.0315502 0.01489 -0.0335663 0.000132115
0.0169039 -0.0356497 0.0274652 -0.0457378 9.27601e-05
0.0169039 -0.0356497 0.0158179 -0.0378499 7.20998e-05
0.014835 -0.0336735 0.0169039 -0.0356497 9.27601e-05
0.014835 -0.0336735 0.0138311 -0.0356268 3.30298e-05
0.012593 -0.0314127 0.0128093 -0.0313692 0.000109323
0.012593 -0.0314127 0.0127397 -0.0315502 0.000132115
0.0124898 -0.0314334 0.012593 -0.0314127 0.000109323
0.0124898 -0.0314334 0.0127054 -0.0316394 9.27601e-05
0.0438293 -0.0251386 0.0446417 -0.0371126 0.000413059
0.0438293 -0.0251386 0.0440694 -0.0250904 0.000109323
0.0437869 -0.0245145 0.0446821 -0.0249673 3.11145e-05
0.0437869 -0.0245145 0.0438103 -0.0248594 0.000413059
-0.0207753 -0.0381995 -0.0312417 -0.0419235 0.000270578
-0.0207753 -0.0381995 -0.0162276 -0.043272 4.70573e-05
0.0124523 -0.00469219 0.0161591 -0.00619204 8.35395e-05
0.0124523 -0.00469219 0.0160235 -0.00571791 6.46759e-05
-0.0168058 -0.0357093 -0.0172736 -0.0295896 7.25199e-05
-0.0168058 -0.0357093 -0.0102404 -0.0340624 9.49983e-05
-0.00243879 -0.00112928 0.00651414 -0.00565849 3.11145e-05
-0.00243879 -0.00112928 -0.00070239 -0.000913913 9.25934e-05
-0.017431 0.00645512 -0.00916965 0.0022758 3.11145e-05
-0.017431 0.00645512 -0.0168351 0.00715826 0.000219052
-0.0202413 0.009229 -0.0161305 0.00798981 0.000232733
-0.0202413 0.009229 -0.0205842 0.0137145 7.25199e-05
-0.0231712 0.0101122 -0.0202413 0.009229 0.000232733
-0.0231712 0.0101122 -0.0206601 0.0137445 4.88291e-05
-0.0205938 0.0138404 -0.020612 0.0140781 7.25199e-05
-0.0205938 0.0138404 -0.0205055 0.0139682 4.88291e-05
0.0193919 0.0202638 0.0181373 0.0238556 0.000258033
0.0193919 0.0202638 0.0218346 0.0194136 0.000192714
0.0221123 0.0190799 0.0243782 0.0185281 0.000113901
0.0221123 0.0190799 0.0218346 0.0194136 2.62861e-05
-0.00642169 0.0309798 -0.0079627 0.0321109 4.92662e-05
-0.00642169 0.0309798 -0.00167286 0.0352268 0.000161201
-7.21369e-06 0.0270167 0.00740212 0.0244375 0.000192714
-7.21369e-06 0.0270167 0.00419724 0.0319783 0.000219052
-0.000396682 0.0265571 -0.00193877 0.027689 4.92662e-05
-0.000396682 0.0265571 -7.21369e-06 0.0270167 0.000219052
0.00502328 0.032758 0.00498158 0.0329039 2.13905e-05
0.00502328 0.032758 0.00493436 0.0328482 0.000480907
-0.00466419 0.0368821 -0.0231368 0.0471047 9.65644e-05
-0.00466419 0.0368821 -0.00126987 0.0417919 4.88291e-05
-0.00167286 0.0352268 -0.00466419 0.0368821 9.65644e-05
-0.00167286 0.0352268 0.00223883 0.0387251 0.000161201
0.00419724 0.0319783 -0.00167286 0.0352268 9.65644e-05
0.00419724 0.0319783 0.00493436 0.0328482 0.000219052
0.0256937 0.00740522 0.0232593 0.00919225 4.92662e-05
0.0256937 0.00740522 0.0282438 0.00878432 0.000414966
0.0272691 0.00624878 0.0256937 0.00740522 4.92662e-05
0.0272691 0.00624878 0.0282438 0.00878432 6.4639e-05
0.0338746 0.00337478 0.0350615 0.00352199 9.25934e-05
0.0338746 0.00337478 0.0331377 0.0019409 3.30298e-05
0.0247164 -0.0198224 0.0282205 -0.0207668 2.22582e-05
0.0247164 -0.0198224 0.0234044 -0.0224804 7.20998e-05
0.0287646 -0.00656861 0.0275068 -0.0090161 3.30298e-05
0.0287646 -0.00656861 0.0284573 -0.00568901 0.000258033
0.0311627 -0.00190211 0.0292206 -0.00568115 3.30298e-05
0.0311627 -0.00190211 0.0330199 -0.00300032 0.000237403
0.0288249 -0.011499 0.0266737 -0.015857 7.20998e-05
0.0288249 -0.011499 0.0284509 -0.0111656 0.000145407
0.0297346 -0.00965597 0.0288998 -0.0113472 7.20998e-05
0.0297346 -0.00965597 0.0298551 -0.00969057 6.46759e-05
0.0311641 -0.00675996 0.0297981 -0.00952739 7.20998e-05
0.0311641 -0.00675996 0.0432496 -0.0115417 0.00011376
0.0313759 -0.00633085 0.0311641 -0.00675996 7.20998e-05
0.0313759 -0.00633085 0.0435821 -0.0100104 0.000232733
0.0299248 0.00969347 0.0290139 0.0107879 2.62861e-05
0.0299248 0.00969347 0.0333401 0.0115405 0.000414966
0.0350615 0.00352199 0.0343745 0.00434743 2.62861e-05
0.0350615 0.00352199 0.0363161 0.00367761 9.25934e-05
0.0432496 -0.0115417 0.0428417 -0.0134206 7.19095e-05
0.0432496 -0.0115417 0.0497351 -0.0141077 0.00011376
0.0462178 -0.0108049 0.0472434 -0.0111141 0.000232733
0.0462178 -0.0108049 0.0477308 -0.0116996 0.000237403
-0.0079627 0.0321109 -0.00466419 0.0368821 4.88291e-05
-0.0079627 0.0321109 -0.0224412 0.042739 4.92662e-05
0.00873655 0.00914773 0.0121161 0.00794934 0.000124626
0.00873655 0.00914773 0.00904148 0.0111793 8.30702e-05
-0.0061909 0.0197194 -0.00774825 0.0211078 0.000145407
-0.0061909 0.0197194 -0.00592698 0.0200308 0.000219052
0.00221908 -0.000551554 0.00699088 -0.00248235 8.35395e-05
0.00221908 -0.000551554 0.00737671 8.81628e-05 9.25934e-05
0.00651414 -0.00565849 0.00689861 -0.00309706 8.30702e-05
0.00651414 -0.00565849 0.0176116 -0.0112726 3.11145e-05
0.0405268 -0.0240839 0.0438179 -0.0249709 2.22582e-05
0.0405268 -0.0240839 0.0401368 -0.0258803 7.19095e-05
0.0352305 -0.0226563 0.0405268 -0.0240839 2.22582e-05
0.0352305 -0.0226563 0.0384951 -0.0218374 9.49983e-05
0.0189592 -0.0267379 0.0205122 -0.0283397 0.00023729
0.0189592 -0.0267379 0.0216341 -0.0260669 9.49983e-05
0.0183164 -0.0268991 0.0167894 -0.0298705 3.30298e-05
0.0183164 -0.0268991 0.0189592 -0.0267379 9.49983e-05
0.0170303 -0.0247483 0.0185933 -0.0263604 0.00023729
0.0170303 -0.0247483 0.0150887 -0.0254391 0.000270578
0.00714719 -0.0263067 0.00438304 -0.0198564 0.000104583
0.00714719 -0.0263067 0.00866106 -0.0277261 0.000132115
0.0117229 -0.0285531 0.0136947 -0.0290658 4.557e-05
0.0117229 -0.0285531 0.0141232 -0.0279509 9.49983e-05
0.0100032 -0.0289844 0.012593 -0.0314127 0.000132115
0.0100032 -0.0289844 0.0117229 -0.0285531 9.49983e-05
0.00863331 -0.0277497 0.0087066 -0.0277688 4.557e-05
0.00863331 -0.0277497 0.00994201 -0.0289998 9.27601e-05
0.00994201 -0.0289998 0.0100032 -0.0289844 9.49983e-05
0.00994201 -0.0289998 0.0124898 -0.0314334 9.27601e-05
0.0306862 -0.0120701 0.0298551 -0.00969057 0.000258033
0.0306862 -0.0120701 0.0409692 -0.0162308 8.35395e-05
0.0399979 -0.0214604 0.0411596 -0.021169 9.49983e-05
0.0399979 -0.0214604 0.0365775 -0.0184109 0.000145407
0.0401368 -0.0258803 0.0438293 -0.0251386 0.000109323
0.0401368 -0.0258803 0.0383635 -0.0340489 7.19095e-05
0.000762129 0.0447311 0.00135499 0.0455887 4.88291e-05
0.000762129 0.0447311 -0.00309095 0.0493605 2.62861e-05
0.00203864 0.0431975 0.000762129 0.0447311 2.62861e-05
0.00203864 0.0431975 0.00135499 0.0455887 2.13905e-05
0.00371968 0.0490092 0.000327051 0.0491842 3.09266e-05
0.00371968 0.0490092 0.00440469 0.05 4.88291e-05
0.0313775 0.0169369 0.0198986 0.0232893 9.65644e-05
0.0313775 0.0169369 0.0350957 0.0266099 6.4639e-05
0.0394669 0.014854 0.0397398 0.0147875 0.000113901
0.0394669 0.014854 0.0398921 0.015084 0.000414966
0.00581157 -0.0250544 0.00716424 -0.0263465 9.27601e-05
0.00581157 -0.0250544 0.00714719 -0.0263067 0.000132115
0.0254374 0.00148353 0.0260859 0.00110009 0.000237403
0.0254374 0.00148353 0.025707 0.00218477 6.4639e-05
0.0256477 0.00235438 0.0257784 0.00237058 9.25934e-05
0.0256477 0.00235438 0.0253302 0.00326358 0.000258033
0.0145618 0.0497459 0.014846 0.05 0.000161201
0.0145618 0.0497459 0.0141289 0.05 3.56763e-05
0.0131918 0.0485206 0.0145618 0.0497459 0.000161201
0.0131918 0.0485206 0.0117214 0.0485964 3.09266e-05
0.0138625 0.00184068 0.0121161 0.00794934 2.13905e-05
0.0138625 0.00184068 0.00837422 0.00673381 0.000145407
0.0144448 0.00132159 0.0203295 0.00450413 0.000414966
0.0144448 0.00132159 0.0138625 0.00184068 0.000145407
0.0259314 -0.00468961 0.0284573 -0.00568901 0.00011376
0.0259314 -0.00468961 0.0283644 -0.00542305 0.000232733
0.023443 -0.00370508 0.0259314 -0.00468961 0.00011376
0.023443 -0.00370508 0.0254374 0.00148353 6.4639e-05
0.017402 -0.00131493 0.023443 -0.00370508 0.00011376
0.017402 -0.00131493 0.0147961 0.00100841 0.000145407
0.0267548 -0.0104793 0.0245446 -0.01478 3.30298e-05
0.0267548 -0.0104793 0.0284509 -0.0111656 8.35395e-05
0.0270459 -0.00991294 0.0267548 -0.0104793 3.30298e-05
0.0270459 -0.00991294 0.0253428 -0.00839457 0.000145407
0.0266737 -0.015857 0.0267349 -0.015888 3.11145e-05
0.0266737 -0.015857 0.026667 -0.0158706 7.20998e-05
0.0245446 -0.01478 0.0266737 -0.015857 3.11145e-05
0.0245446 -0.01478 0.0242964 -0.0152629 3.30298e-05
0.0169698 -0.0355163 0.0169039 -0.0356497 7.20998e-05
0.0169698 -0.0355163 0.0273164 -0.0452172 0.000132115
0.021715 -0.0295804 0.0227844 -0.0293656 0.000109323
0.021715 -0.0295804 0.0233188 -0.0312346 0.00023729
-0.00179886 0.0249024 0.00367248 0.0235701 0.000113901
-0.00179886 0.0249024 -0.000396682 0.0265571 0.000219052
-0.00592698 0.0200308 0.00904148 0.0111793 0.000237403
-0.00592698 0.0200308 -0.00179886 0.0249024 0.000219052
-0.0126117 0.0254439 -0.0158391 0.0283212 0.000145407
-0.0126117 0.0254439 -0.0125074 0.0255371 0.000161201
-0.00815148 0.0012256 -0.00570439 0.000522754 6.46759e-05
-0.00815148 0.0012256 -0.00550027 -0.00150901 0.00023729
-0.0198142 0.00364269 -0.0198871 0.00459629 7.25199e-05
-0.0198142 0.00364269 -0.0191786 0.00439278 0.000219052
-0.0205196 0.00281026 -0.0228853 0.00545744 0.000247627
-0.0205196 0.00281026 -0.0198142 0.00364269 0.000219052
0.0135888 0.000858667 0.014069 0.00111839 0.000414966
0.0135888 0.000858667 0.0141243 0.000925088 9.25934e-05
0.0123094 0.00069998 0.0135888 0.000858667 9.25934e-05
0.0123094 0.00069998 0.0128788 0.000474693 0.00011376
0.00837422 0.00673381 0.00873655 0.00914773 8.30702e-05
0.00837422 0.00673381 0.0036393 0.0109552 0.000145407
-0.0168351 0.00715826 -0.0120106 0.00520616 8.35395e-05
-0.0168351 0.00715826 -0.0161305 0.00798981 0.000219052
0.0163886 -0.0306503 0.01489 -0.0335663 3.30298e-05
0.0163886 -0.0306503 0.0183068 -0.030265 0.000109323
0.01489 -0.0335663 0.0169698 -0.0355163 0.000132115
0.01489 -0.0335663 0.014835 -0.0336735 3.30298e-05
-0.0161305 0.00798981 -0.0141226 0.00738455 0.000232733
-0.0161305 0.00798981 -0.0154677 0.00877195 0.000219052
0.0218346 0.0194136 0.0243782 0.0185281 0.000192714
0.0218346 0.0194136 0.0181373 0.0238556 2.62861e-05
0.00498158 0.0329039 0.00367658 0.0374684 2.13905e-05
0.00498158 0.0329039 0.00664838 0.0348709 0.000219052
0.00493436 0.0328482 0.00245962 0.0353573 0.000480907
0.00493436 0.0328482 0.00498158 0.0329039 0.000219052
0.0282438 0.00878432 0.0299248 0.00969347 0.000414966
0.0282438 0.00878432 0.0290139 0.0107879 6.4639e-05
0.0260859 0.00110009 0.025707 0.00218477 0.000258033
0.0260859 0.00110009 0.0311627 -0.00190211 0.000237403
0.0284573 -0.00568901 0.0283644 -0.00542305 0.000258033
0.0284573 -0.00568901 0.0290883 -0.00593867 0.00011376
0.0292206 -0.00568115 0.0290883 -0.00593867 3.30298e-05
0.0292206 -0.00568115 0.0313759 -0.00633085 0.000232733
0.0284509 -0.0111656 0.0270459 -0.00991294 0.000145407
0.0284509 -0.0111656 0.0288998 -0.0113472 8.35395e-05
0.0288998 -0.0113472 0.0288249 -0.011499 7.20998e-05
0.0288998 -0.0113472 0.0306862 -0.0120701 8.35395e-05
0.0290139 0.0107879 0.0221123 0.0190799 2.62861e-05
0.0290139 0.0107879 0.0303184 0.0141817 6.4639e-05
0.00135499 0.0455887 0.00371968 0.0490092 4.88291e-05
0.00135499 0.0455887 0.000327051 0.0491842 2.13905e-05
0.000327051 0.0491842 -0.00309095 0.0493605 3.09266e-05
0.000327051 0.0491842 9.37994e-05 0.05 2.13905e-05
0.0257784 0.00237058 0.0260267 0.00301657 6.4639e-05
0.0257784 0.00237058 0.027312 0.0025608 9.25934e-05
0.025707 0.00218477 0.0257784 0.00237058 6.4639e-05
0.025707 0.00218477 0.0256477 0.00235438 0.000258033
0.0283644 -0.00542305 0.0292206 -0.00568115 0.000232733
0.0283644 -0.00542305 0.0260859 0.00110009 0.000258033
0.0290883 -0.00593867 0.0311641 -0.00675996 0.00011376
0.0290883 -0.00593867 0.0287646 -0.00656861 3.30298e-05
