# time=400000
x1 y1 x2 y2 aperture velocity
0.0443843 -0.00631477 0.05 -0.010437 5.58204e-05 0.0268526
0.0440694 -0.0250904 0.05 -0.0303778 0.000159853 0.378881
-0.05 0.000316541 -0.04286 -0.00160796 2.22582e-05 0.0036342
-0.05 -0.0312056 -0.04959 -0.0314953 0.000312035 0.349543
0.0474957 0.00801726 0.05 0.0066314 0.000117427 0.211801
0.0458809 0.000579001 0.05 -0.00302134 0.000199743 0.411994
-0.05 0.0299759 -0.0423835 0.0272751 0.00012861 0.121058
-0.05 -0.0125039 -0.0419318 -0.0146018 4.557e-05 0.0140978
0.0450408 -0.0429945 0.05 -0.0416201 9.84614e-05 0.231966
0.0477065 0.0302897 0.05 0.0347524 3.30427e-05 0.0122781
-0.05 -0.043985 -0.0489825 -0.0437807 0.000110905 0.042369
-0.05 0.0229315 -0.0399407 0.0178426 3.11145e-05 0.00664501
-0.05 0.0272741 -0.046455 0.0239504 0.000135921 0.103715
-0.05 -0.00702845 -0.0488496 -0.00688577 9.41572e-05 0.065906
0.0497351 -0.0141077 0.05 -0.014426 2.86931e-05 0.00720737
0.0490599 0.0294953 0.05 0.0313998 7.4595e-05 0.0781205
-0.05 0.025353 -0.046455 0.0239504 0.000116095 0.0964475
-0.05 0.0444191 -0.0461801 0.0430894 0.000222083 0.393104
-0.05 0.0366396 -0.0228218 0.0300215 0.000116492 0.108584
-0.05 0.0132453 -0.0320246 0.00808241 6.46759e-05 0.0306885
-0.05 0.00378124 -0.039767 0.00115824 2.26532e-05 0.00378385
0.0487448 0.0137711 0.05 0.0195529 7.47389e-05 0.0370116
-0.05 -0.0286948 -0.0496576 -0.0281995 4.88291e-05 0.00840775
-0.05 -0.0319792 -0.04959 -0.0314953 0.000235035 0.157001
-0.05 0.0181997 -0.0357353 0.0138996 0.000307604 0.696867
-0.05 -0.027879 -0.0496576 -0.0281995 0.000102073 0.0471625
-0.05 -0.00799343 -0.0488104 -0.00692954 0.000169792 0.160985
-0.05 -0.00560268 -0.0488496 -0.00688577 4.70573e-05 0.0110731
0.0487448 0.0137711 0.05 0.0125904 7.49614e-05 0.127888
-0.05 -0.0440359 -0.0489825 -0.0437807 9.49983e-05 0.0307551
-0.05 -0.0299924 -0.048906 -0.0306882 0.000110142 0.0579818
-0.05 0.0415005 -0.0461801 0.0430894 3.30736e-05 0.00852421
0.0453562 -0.0476437 0.05 -0.044689 8.42491e-05 0.157804
-0.05 -0.00877678 -0.0433793 -0.0129873 2.93384e-05 0.00508075
-0.05 0.0282563 -0.0448113 0.0233 9.3618e-05 0.0488793
-0.05 0.0205776 -0.0374354 0.0154937 8.4088e-05 0.0504309
0.0490599 0.0294953 0.05 0.0289434 3.70695e-05 0.0375884
0.0429283 0.0469867 0.05 0.046622 3.09266e-05 0.0247771
-0.05 0.0460933 -0.0454404 0.043397 0.000321695 0.751008
-0.0228246 0.0430204 -0.0224412 0.042739 6.90771e-05 0.0160312
-0.0224412 0.042739 -0.0228816 0.0437668 0.000136378 0.0266144
0.0101839 0.0187903 0.0232593 0.00919225 5.21518e-05 0.0132813
0.0205138 0.0170522 0.0232593 0.00919225 0.000319494 0.590354
0.0348415 0.000690202 0.0369482 -0.000856241 5.54383e-05 0.0290852
0.0369482 -0.000856241 0.0394415 -0.00174035 0.000143402 0.198243
0.0369482 -0.000856241 0.0414656 -0.00417222 5.62037e-05 0.0262828
0.0394415 -0.00174035 0.0414656 -0.00417222 2.91554e-05 0.00567491
0.0414656 -0.00417222 0.0443843 -0.00631477 5.59045e-05 0.0266103
0.0441494 -0.00739678 0.0443843 -0.00631477 8.37481e-05 0.0117118
-0.0221296 0.0339296 -0.0165246 0.0289324 0.000228281 0.239926
-0.0184557 0.0334386 -0.0165246 0.0289324 0.000139172 0.0197497
0.0438103 -0.0248594 0.0439864 -0.0250164 0.00016069 0.371039
0.0439864 -0.0250164 0.0441792 -0.0250683 2.4604e-05 0.011488
0.0439864 -0.0250164 0.0440694 -0.0250904 0.000160274 0.372064
0.0440694 -0.0250904 0.0441792 -0.0250683 0.000120266 0.28137
0.0017112 -0.0136216 -0.000285636 -0.00896189 0.000108427 0.00757577
0.0017112 -0.0136216 0.0051786 -0.0145562 2.29105e-05 0.00339862
0.00787526 -0.0280057 0.00765677 -0.0274958 0.000113224 0.00110387
0.00722648 -0.0282365 0.00787526 -0.0280057 0.00030006 0.66977
0.0111578 -0.0356656 0.0123643 -0.038481 0.00010459 0.00222808
0.00850765 -0.0459855 0.0123643 -0.038481 3.30298e-05 0.000331865
0.0123643 -0.038481 0.0138245 -0.0418884 0.000104586 0.00202437
0.011015 -0.0475801 0.0138245 -0.0418884 7.20998e-05 0.000335162
-0.0189195 -0.00806083 -0.00964767 -0.0105599 2.25593e-05 0.0026716
-0.0189195 -0.00806083 -0.0192217 -0.00410808 7.46862e-05 0.00940323
-0.0313376 -0.00471369 -0.0277213 -0.00568841 2.28289e-05 0.00361409
-0.0313376 -0.00471369 -0.0263736 -0.00409799 9.63151e-05 0.0668958
-0.0330937 -0.00424034 -0.0313376 -0.00471369 2.31448e-05 0.00365937
-0.0330937 -0.00424034 -0.0309279 -0.00110746 5.04366e-05 0.0113875
-0.04286 -0.00160796 -0.0330937 -0.00424034 2.26854e-05 0.00344502
-0.04286 -0.00160796 -0.039767 0.00115824 0.000167974 0.160797
0.0331156 -0.0190251 0.0325395 -0.0173759 0.000285022 0.260643
0.0330102 -0.0190626 0.0331156 -0.0190251 0.000298476 0.72582
0.0383635 -0.0340489 0.0389133 -0.0356231 0.000271937 0.0534275
0.0389133 -0.0356231 0.0446417 -0.0371126 4.81158e-05 0.0535199
0.0389133 -0.0356231 0.0418017 -0.0438922 0.000272241 0.0515236
0.0369058 -0.045249 0.0418017 -0.0438922 9.85601e-05 0.236453
-0.0359186 -0.0411567 -0.0355098 -0.0414455 0.000271807 0.195913
-0.0359186 -0.0411567 -0.035836 -0.0411401 0.000113885 0.0691545
-0.04959 -0.0314953 -0.0366005 -0.0406747 0.000273459 0.213639
-0.04959 -0.0314953 -0.048906 -0.0306882 0.000276243 0.316927
0.0331156 -0.0190251 0.0355687 -0.0181523 0.000298174 0.364271
0.0355687 -0.0181523 0.0365775 -0.0184109 2.50754e-05 0.00685328
0.0360825 -0.0179695 0.0409692 -0.0162308 0.000297765 0.163348
0.0409692 -0.0162308 0.0421297 -0.0167004 9.17612e-05 0.173197
0.0409692 -0.0162308 0.0423373 -0.015744 0.000297785 0.109652
0.0423373 -0.015744 0.0421297 -0.0167004 7.90088e-05 0.152789
0.0179605 0.0243618 0.0198986 0.0232893 0.000120587 0.0637209
0.017648 0.0252564 0.0198986 0.0232893 0.00020705 0.146941
0.0372793 0.0136709 0.0387482 0.0128581 0.000119028 0.226335
0.0387482 0.0128581 0.0366047 0.00868707 3.77938e-05 0.0037951
0.0387482 0.0128581 0.0403972 0.0119455 0.00011815 0.22805
0.0403972 0.0119455 0.0381305 0.00735337 8.62828e-05 0.00668279
0.0403972 0.0119455 0.0474957 0.00801726 0.000118388 0.222016
0.0468369 0.00498253 0.0474957 0.00801726 8.7332e-05 0.00361295
-0.0179426 -0.0208395 -0.0189195 -0.00806083 7.64107e-05 0.00908602
-0.0179426 -0.0208395 0.00340241 -0.0263896 4.69068e-05 0.0116966
-0.0162276 -0.043272 -0.0166847 -0.0372934 7.59118e-05 0.00518055
0.0257193 0.0182016 0.0259861 0.0179684 0.000198989 0.158278
0.0259861 0.0179684 0.031091 0.0161914 0.000231825 0.255736
0.0259861 0.0179684 0.0303184 0.0141817 0.000206606 0.213333
0.031091 0.0161914 0.0303184 0.0141817 7.63703e-05 0.00823574
0.0303184 0.0141817 0.0333401 0.0115405 0.000205069 0.215385
0.0333401 0.0115405 0.0372793 0.0136709 0.000501879 0.507664
0.0381305 0.00735337 0.0415878 0.00433147 0.000204484 0.471293
0.0415878 0.00433147 0.0468369 0.00498253 0.000119229 0.189974
0.0415878 0.00433147 0.0458809 0.000579001 0.00020034 0.419669
0.0458809 0.000579001 0.0449531 -0.0036948 8.22266e-05 0.00232833
0.0121161 0.00794934 0.0180793 0.00583476 0.000133652 0.109054
0.0116303 0.00964834 0.0121161 0.00794934 2.34849e-05 0.00228834
-0.0423835 0.0272751 -0.0210423 0.0197074 0.000154908 0.188854
-0.05 0.0357977 -0.0423835 0.0272751 0.00030735 0.488765
-0.0405122 -0.0149709 -0.0400859 -0.0150818 4.57273e-05 0.014324
-0.0405122 -0.0149709 -0.0404352 -0.0148596 4.96677e-05 0.0102037
-0.0419318 -0.0146018 -0.0405122 -0.0149709 4.63299e-05 0.0147493
-0.0419318 -0.0146018 -0.0409862 -0.0156566 4.70573e-05 0.0104011
0.0418017 -0.0438922 0.0450408 -0.0429945 9.86633e-05 0.378374
0.0450408 -0.0429945 0.0453562 -0.0476437 0.000433586 0.0306626
0.0397398 0.0147875 0.0390393 0.0134246 3.57089e-05 0.0148841
0.0397398 0.0147875 0.041579 0.0143397 0.000123378 0.293046
0.0398921 0.015084 0.0423221 0.0198124 3.34678e-05 0.00197369
0.0350957 0.0266099 0.0423221 0.0198124 7.66221e-05 0.0154877
0.0423221 0.0198124 0.0477065 0.0302897 3.55601e-05 0.0173873
0.0385714 0.0356521 0.0477065 0.0302897 3.569e-05 0.0183925
-0.0489825 -0.0437807 -0.0359186 -0.0411567 0.0001098 0.0416171
-0.0489825 -0.0437807 -0.0366005 -0.0406747 9.62582e-05 0.0316965
-0.0399407 0.0178426 -0.0381487 0.0169361 3.16068e-05 0.00689147
-0.0399407 0.0178426 -0.0374354 0.0154937 0.000134716 0.101957
-0.046455 0.0239504 -0.0399407 0.0178426 0.000134815 0.101964
-0.046455 0.0239504 -0.0448113 0.0233 0.000117027 0.0986765
-0.0487472 -0.00687306 -0.0336164 -0.00499634 9.7059e-05 0.0670487
-0.0487472 -0.00687306 -0.04286 -0.00160796 0.00016816 0.160602
-0.0488496 -0.00688577 -0.0487472 -0.00687306 9.39208e-05 0.0657689
-0.0488496 -0.00688577 -0.0488104 -0.00692954 4.78552e-05 0.0114831
0.0441494 -0.00739678 0.0472434 -0.0111141 3.03791e-05 0.00627333
0.0472434 -0.0111141 0.05 -0.011945 0.000281482 0.798185
0.0472434 -0.0111141 0.0477308 -0.0116996 3.23549e-05 0.00719746
0.0477308 -0.0116996 0.05 -0.0130415 0.000260936 0.613875
0.0477308 -0.0116996 0.0497351 -0.0141077 2.86771e-05 0.00528758
0.0497351 -0.0141077 0.05 -0.0142125 0.000124767 0.198065
0.0426945 0.0165995 0.0436595 0.0185545 7.51576e-05 0.0294935
0.0423221 0.0198124 0.0436595 0.0185545 7.24777e-05 0.00875393
0.0436595 0.0185545 0.0490599 0.0294953 7.47536e-05 0.0849692
0.0477065 0.0302897 0.0490599 0.0294953 3.71464e-05 0.0233944
0.0243782 0.0185281 0.0259861 0.0179684 0.000237571 0.302505
0.0243782 0.0185281 0.0257193 0.0182016 0.000135068 0.101891
-0.0461801 0.0430894 -0.0431173 0.0420233 0.000222042 0.39249
-0.0461801 0.0430894 -0.0454404 0.043397 3.82535e-05 0.0113405
0.0160235 -0.00571791 0.0147674 -0.00132426 2.13905e-05 0.000299703
0.0160235 -0.00571791 0.0220085 -0.00743691 6.73458e-05 0.0076226
0.018314 -0.0137295 0.0176116 -0.0112726 2.16819e-05 0.00308742
0.018314 -0.0137295 0.0194753 -0.0140272 2.30343e-05 0.00268695
0.0188582 -0.0156327 0.018314 -0.0137295 2.22077e-05 0.00228214
0.0188582 -0.0156327 0.0194753 -0.0140272 7.01307e-05 0.0435415
0.0233188 -0.0312346 0.0227844 -0.0293656 2.26039e-05 0.00196
0.0233188 -0.0312346 0.0237512 -0.0316807 0.000255368 0.0866986
0.0273164 -0.0452172 0.0274652 -0.0457378 2.19072e-05 0.000408968
0.0274652 -0.0457378 0.0291917 -0.0473869 9.42888e-05 0.018023
0.0274652 -0.0457378 0.0280288 -0.0477092 2.15118e-05 0.00108473
0.0106464 0.0218719 0.0173765 0.0202331 0.000128229 0.0669345
0.0106464 0.0218719 0.0108513 0.0232368 9.44261e-05 0.0186027
-0.0228218 0.0300215 -0.021812 0.0297757 0.000130304 0.148201
-0.0228218 0.0300215 -0.0217839 0.0294078 0.000267175 0.497319
-0.0228853 0.00545744 -0.0198871 0.00459629 7.79877e-05 0.0493021
-0.024861 0.00766809 -0.0228853 0.00545744 0.000299229 0.375377
-0.0275275 0.00679075 -0.0258088 0.00629711 7.66762e-05 0.0406144
-0.0275275 0.00679075 -0.0262868 0.00560566 0.000102085 0.0491488
-0.0320246 0.00808241 -0.0284296 0.00704984 6.72869e-05 0.0302362
-0.0320246 0.00808241 -0.0307483 0.00922386 0.000167328 0.161136
-0.0128852 -0.00573227 -0.000285636 -0.00896189 2.3833e-05 0.00395479
-0.015546 -0.00275501 -0.0128852 -0.00573227 0.000272205 0.180073
-0.0192217 -0.00410808 -0.0155158 -0.00505798 2.30654e-05 0.00277425
-0.0192217 -0.00410808 -0.0192896 -0.00321934 7.50937e-05 0.00967196
-0.0215804 -0.00350347 -0.0192217 -0.00410808 2.61675e-05 0.0033633
-0.0215804 -0.00350347 -0.0192896 -0.00321934 0.000109637 0.070242
-0.0309279 -0.00110746 -0.0251044 -0.00260018 2.31546e-05 0.00367671
-0.0309279 -0.00110746 -0.0265237 0.00526295 4.99244e-05 0.0114632
-0.039767 0.00115824 -0.0309279 -0.00110746 2.31493e-05 0.003589
-0.039767 0.00115824 -0.0320246 0.00808241 0.000167866 0.160916
0.0487448 0.0137711 0.0485023 0.0126538 7.48746e-05 0.0217939
0.0446268 0.0176446 0.0487448 0.0137711 7.50529e-05 0.186332
-0.0496576 -0.0281995 -0.0409862 -0.0156566 4.93729e-05 0.00977167
-0.0496576 -0.0281995 -0.0480626 -0.0296929 0.000101887 0.046543
-0.0141226 0.00738455 -0.00627716 0.00501956 0.000306365 0.813681
-0.0141226 0.00738455 -0.0120106 0.00520616 0.000271313 0.224861
-0.0346169 0.0135625 -0.0284738 0.0117107 0.000295869 0.657671
-0.0346169 0.0135625 -0.0304004 0.00953495 0.000118632 0.075954
-0.0357353 0.0138996 -0.0346169 0.0135625 0.000298343 0.666592
-0.0357353 0.0138996 -0.0307483 0.00922386 0.000174496 0.16621
0.0119722 -0.0335468 0.0127054 -0.0316394 6.88538e-05 0.0354289
0.0104497 -0.0318432 0.0119722 -0.0335468 0.000258343 0.0228386
0.00744961 -0.0453126 0.0111578 -0.0356656 6.49563e-05 0.00150516
0.00744961 -0.0453126 0.00850765 -0.0459855 2.93384e-05 0.00119729
-0.0488104 -0.00692954 -0.0487472 -0.00687306 0.000169631 0.16116
-0.0488104 -0.00692954 -0.0433793 -0.0129873 4.91538e-05 0.0111071
0.0119722 -0.0335468 0.0138311 -0.0356268 0.000255289 0.0151966
0.0123643 -0.038481 0.0138311 -0.0356268 3.30301e-05 0.000977146
0.0138311 -0.0356268 0.0158179 -0.0378499 0.00025448 0.0140355
0.0138245 -0.0418884 0.0158179 -0.0378499 7.21006e-05 0.00327162
-0.0154677 0.00877195 -0.0141226 0.00738455 0.000336411 0.440216
-0.0154677 0.00877195 -0.0136158 0.0109574 0.000237949 0.318191
-0.0200574 0.0135061 -0.0154677 0.00877195 0.000297777 0.140841
-0.0200574 0.0135061 -0.0136158 0.0109574 0.000129094 0.0639118
-0.020612 0.0140781 -0.0205055 0.0139682 0.000294419 0.0549947
-0.0209133 0.0180196 -0.020612 0.0140781 8.24275e-05 0.0507591
0.0438103 -0.0248594 0.0438179 -0.0249709 0.000453797 0.00402964
0.0429468 -0.0240894 0.0438103 -0.0248594 0.000160465 0.353229
0.0434931 -0.0201836 0.0435198 -0.020577 0.000453952 0.000644376
0.0434931 -0.0201836 0.044282 -0.0203858 2.26532e-05 0.00858153
-0.0336307 -0.0427735 -0.0312417 -0.0419235 0.000303415 0.537552
-0.0332804 -0.0406268 -0.0312417 -0.0419235 0.000112244 0.0383493
-0.0332804 -0.0406268 -0.0208395 -0.0381279 0.000118257 0.0817809
-0.048906 -0.0306882 -0.0429602 -0.03447 0.000136779 0.0557513
-0.048906 -0.0306882 -0.0480626 -0.0296929 0.000269973 0.319697
0.00695375 -0.00272968 0.00723125 -0.00257961 0.000486318 0.0715471
0.00699088 -0.00248235 0.00695375 -0.00272968 0.000101678 0.13863
0.00649095 -0.00297997 0.00695375 -0.00272968 0.00047659 0.0234422
0.00689861 -0.00309706 0.00649095 -0.00297997 7.32226e-05 0.0523278
0.00116224 -0.0413141 0.00744961 -0.0453126 3.00212e-05 0.00442675
0.00116224 -0.0413141 0.00233931 -0.0334722 8.33496e-05 0.000584992
-0.00984838 -0.0343117 -0.00792624 -0.0355342 3.20232e-05 0.00389065
-0.0167256 -0.0367587 -0.00984838 -0.0343117 0.00030153 0.55173
-0.0172736 -0.0295896 -0.0102404 -0.0340624 3.11952e-05 0.00400488
-0.0172736 -0.0295896 -0.0179426 -0.0208395 7.74947e-05 0.0077086
-0.0400859 -0.0150818 -0.0372237 -0.016902 2.94249e-05 0.00514007
-0.0400859 -0.0150818 -0.0364765 -0.0160203 4.58437e-05 0.0144211
-0.0404352 -0.0148596 -0.0400859 -0.0150818 2.98167e-05 0.0052776
-0.0404352 -0.0148596 -0.0336164 -0.00499634 4.95497e-05 0.0103755
-0.0433793 -0.0129873 -0.0404352 -0.0148596 3.01709e-05 0.00545797
-0.0433793 -0.0129873 -0.0419318 -0.0146018 4.81825e-05 0.011007
-0.0360532 0.0149344 -0.0346169 0.0135625 9.45503e-05 0.0499415
-0.0360532 0.0149344 -0.0286934 0.0119564 8.5559e-05 0.0531217
-0.0381487 0.0169361 -0.0360532 0.0149344 9.51643e-05 0.0505206
-0.0381487 0.0169361 -0.0290135 0.0123146 3.16241e-05 0.00696491
-0.0448113 0.0233 -0.0381487 0.0169361 9.52943e-05 0.0504773
-0.0448113 0.0233 -0.0355598 0.0196396 0.00011603 0.0975057
-0.0374354 0.0154937 -0.0360532 0.0149344 8.5266e-05 0.0522983
-0.0374354 0.0154937 -0.0357353 0.0138996 0.000134067 0.10082
0.0173765 0.0202331 0.0205138 0.0170522 0.000596465 0.362067
0.0205138 0.0170522 0.019591 0.0196938 0.000318569 0.0858391
-0.0103577 0.0497353 -0.00309095 0.0493605 3.09266e-05 0.000407756
0.0180047 0.0482723 0.0429283 0.0469867 3.09266e-05 0.00612318
-0.0431173 0.0420233 -0.0228218 0.0300215 0.000270752 0.515353
-0.0431173 0.0420233 -0.0235794 0.0352221 0.000278915 0.673606
-0.0454404 0.043397 -0.0431173 0.0420233 0.000320988 0.748511
-0.0454404 0.043397 -0.0367862 0.0469967 4.40861e-05 0.040071
-0.0313319 0.0492653 -0.0228246 0.0430204 4.92662e-05 0.00438303
-0.0228246 0.0430204 -0.0228816 0.0437668 9.36742e-05 0.0374699
-0.0228816 0.0437668 -0.0246774 0.0479573 0.000136182 0.0330697
-0.0228816 0.0437668 -0.0231368 0.0471047 8.9456e-05 0.0294674
0.00367248 0.0235701 0.00870661 0.0198747 5.57977e-05 0.0141156
0.00794775 0.022529 0.00870661 0.0198747 2.26392e-05 0.0012141
0.00870661 0.0198747 0.0101839 0.0187903 5.40966e-05 0.0144559
0.0106464 0.0218719 0.0101839 0.0187903 9.16663e-05 0.00457516
0.0315732 0.00308933 0.0331377 0.0019409 5.63502e-05 0.0282072
0.0325092 0.000717867 0.0331377 0.0019409 3.42317e-05 8.54519e-05
0.0331377 0.0019409 0.0348415 0.000690202 5.59809e-05 0.0283072
0.0345057 9.88431e-06 0.0348415 0.000690202 8.27107e-05 0.000769007
0.0394415 -0.00174035 0.0449531 -0.0036948 0.000142948 0.199136
0.0358009 0.00263369 0.0394415 -0.00174035 2.84783e-05 0.0071322
0.0437291 -0.00933319 0.0441494 -0.00739678 8.71304e-05 0.0116654
0.0414656 -0.00417222 0.0441494 -0.00739678 2.82061e-05 0.00549554
-0.0235794 0.0352221 -0.0221296 0.0339296 0.000235248 0.241408
-0.0221296 0.0339296 -0.0221915 0.034739 0.000116021 0.0321568
-0.0184557 0.0334386 -0.0224412 0.042739 0.000139011 0.0235023
-0.0184557 0.0334386 -0.00925826 0.030237 0.000265249 0.474846
0.0441792 -0.0250683 0.0456829 -0.0254736 2.45114e-05 0.0112288
0.0441792 -0.0250683 0.0446821 -0.0249673 0.000120286 0.281385
-0.0140892 0.0232492 -0.0110535 0.0161654 0.000121119 0.0434638
-0.0110535 0.0161654 -0.00963023 0.0156607 0.000138769 0.141712
-0.00416004 7.91886e-05 -0.00517119 0.00243874 0.000114892 0.0168053
-0.00416004 7.91886e-05 -0.00070239 -0.000913913 7.4463e-05 0.0667936
-0.000285636 -0.00896189 -0.00187863 -0.00524458 0.000107127 0.00777512
-0.000285636 -0.00896189 0.00239031 -0.00964781 2.32777e-05 0.00355471
0.0282205 -0.0207668 0.034296 -0.0224044 2.38807e-05 0.00431097
0.0234044 -0.0224804 0.0282205 -0.0207668 0.000298647 0.726031
0.0196669 -0.0184613 0.0222895 -0.0191682 2.27798e-05 0.00238808
0.0196669 -0.0184613 0.0188582 -0.0156327 2.29138e-05 0.00258608
0.00784604 -0.0152752 0.0179489 -0.0179983 2.32568e-05 0.00384225
0.00784604 -0.0152752 0.0158301 -0.0235104 0.000260583 0.143081
0.0051786 -0.0145562 0.00784604 -0.0152752 2.32213e-05 0.00320087
0.0051786 -0.0145562 0.00544276 -0.0127963 8.83038e-05 0.0402178
0.00765677 -0.0274958 0.00716424 -0.0263465 0.000112216 0.00128521
0.00765677 -0.0274958 0.00861096 -0.0277439 4.91543e-05 0.0142868
-0.00984838 -0.0343117 -0.00653594 -0.0331332 0.000301252 0.552434
-0.00653594 -0.0331332 0.00273943 -0.0308065 0.000105518 0.0673099
0.0028938 -0.0297781 0.00722648 -0.0282365 0.000301269 0.556114
0.00623387 -0.0271258 0.00722648 -0.0282365 0.000271252 0.180319
0.00866303 -0.0298439 0.00846053 -0.0293714 0.000114322 0.0238992
0.00828097 -0.0294164 0.00866303 -0.0298439 0.00026954 0.0509902
0.00959347 -0.0320152 0.0111578 -0.0356656 0.000112617 0.00491969
0.0111578 -0.0356656 0.0119722 -0.0335468 6.9376e-05 0.00603598
0.00850765 -0.0459855 0.011015 -0.0475801 2.93384e-05 0.000823667
-0.0092509 -0.0106669 -0.00822913 -0.0109423 2.59574e-05 0.00415626
-0.0092509 -0.0106669 -0.00395127 -0.015729 0.00010435 0.0331211
-0.00964767 -0.0105599 -0.0092509 -0.0106669 2.53254e-05 0.00308587
-0.00964767 -0.0105599 -0.00300402 -0.016789 0.000149331 0.0680434
-0.0277213 -0.00568841 -0.0189195 -0.00806083 2.4322e-05 0.00280967
-0.0277213 -0.00568841 -0.0263736 -0.00409799 0.000262189 0.332999
-0.0263736 -0.00409799 -0.0215804 -0.00350347 0.000109998 0.0699481
-0.0263736 -0.00409799 -0.0251044 -0.00260018 0.000258514 0.332892
0.0241711 0.00658176 0.0253302 0.00326358 0.000294914 0.391343
0.0253302 0.00326358 0.0260267 0.00301657 0.000144024 0.169117
0.0298551 -0.00969057 0.0297981 -0.00952739 0.000285747 0.281622
0.0298551 -0.00969057 0.0428417 -0.0134206 7.05965e-05 0.033304
0.0325395 -0.0173759 0.0312384 -0.0136508 0.000284534 0.261244
0.0325395 -0.0173759 0.0355687 -0.0181523 2.34029e-05 0.000886798
0.0282205 -0.0207668 0.0330102 -0.0190626 0.00029851 0.726258
0.0330102 -0.0190626 0.0331542 -0.0191354 3.42864e-05 0.0078429
0.0358135 -0.0267486 0.0383635 -0.0340489 0.000272194 0.0510718
0.0380694 -0.0354037 0.0383635 -0.0340489 7.62354e-05 0.0550959
0.0446417 -0.0371126 0.05 -0.0385058 4.69807e-05 0.0490528
0.0450408 -0.0429945 0.0446417 -0.0371126 0.000425971 0.00281024
0.0358697 -0.0455362 0.0369058 -0.045249 9.62125e-05 0.0525304
-0.0355098 -0.0414455 -0.0336307 -0.0427735 0.000271877 0.194719
-0.0355098 -0.0414455 -0.0339645 -0.0428923 0.000103884 0.024711
-0.035836 -0.0411401 -0.0332804 -0.0406268 0.000113664 0.0713348
-0.035836 -0.0411401 -0.0355098 -0.0414455 0.000104698 0.0215482
-0.0366005 -0.0406747 -0.0359186 -0.0411567 0.000272741 0.207364
-0.0366005 -0.0406747 -0.0363896 -0.0406218 9.89846e-05 0.0496623
0.0414853 -0.0196689 0.0434931 -0.0201836 2.44633e-05 0.0199039
0.0414853 -0.0196689 0.0411596 -0.021169 7.66078e-05 0.068223
0.0365775 -0.0184109 0.0414853 -0.0196689 2.48506e-05 0.00772432
0.0360825 -0.0179695 0.0365775 -0.0184109 0.000160142 0.352457
0.0355687 -0.0181523 0.0360825 -0.0179695 0.000297999 0.363977
0.0360825 -0.0179695 0.0312384 -0.0136508 0.000159252 0.0212383
0.0421297 -0.0167004 0.0485758 -0.0193087 9.26258e-05 0.242298
0.0421297 -0.0167004 0.0414853 -0.0196689 7.66943e-05 0.071992
0.00770911 0.0300349 0.0115525 0.027908 0.000122686 0.0178526
0.0115525 0.027908 0.0119076 0.030274 8.76727e-05 3.50116e-05
0.0175072 0.0246126 0.0179605 0.0243618 0.000115107 0.0240479
0.017648 0.0252564 0.0179605 0.0243618 0.000300849 0.0515014
-0.00126987 0.0417919 0.00223883 0.0387251 0.000183997 0.00785742
0.00223883 0.0387251 0.00309769 0.0394932 0.000161734 0.0653184
0.00367658 0.0374684 0.00664838 0.0348709 0.000233944 0.23067
0.00664838 0.0348709 0.00781914 0.0362525 0.000315094 0.0628337
0.0119076 0.030274 0.015165 0.0274268 0.00022539 0.0773461
0.0120432 0.0311774 0.015165 0.0274268 2.63709e-05 0.0009683
0.015165 0.0274268 0.017648 0.0252564 0.000221332 0.0787139
0.0131062 0.0382591 0.017648 0.0252564 0.000308489 0.0923741
0.0317427 0.0167348 0.0354949 0.0146584 0.000121891 0.0723646
0.0354949 0.0146584 0.0376915 0.0138938 0.000232217 0.258532
0.0354949 0.0146584 0.0372793 0.0136709 0.000115247 0.0668839
0.0372793 0.0136709 0.0376915 0.0138938 0.000500292 0.470833
0.0366047 0.00868707 0.0343745 0.00434743 3.7206e-05 0.00220192
0.0333401 0.0115405 0.0366047 0.00868707 0.00020554 0.470627
0.0381305 0.00735337 0.0363161 0.00367761 8.80134e-05 0.0113469
0.0366047 0.00868707 0.0381305 0.00735337 0.000204532 0.473246
0.0458809 0.000579001 0.0468369 0.00498253 8.65565e-05 0.0183941
0.0468369 0.00498253 0.05 0.00537486 0.000118844 0.201332
0.00340241 -0.0263896 0.00623387 -0.0271258 5.02419e-05 0.0131371
0.00340241 -0.0263896 0.00371497 -0.0243073 8.95379e-05 0.0226946
-0.0166847 -0.0372934 -0.0167256 -0.0367587 8.18185e-05 0.00812205
-0.0166847 -0.0372934 -0.00792624 -0.0355342 0.000121303 0.0882698
0.0198986 0.0232893 0.0257193 0.0182016 0.00020499 0.150287
0.0257193 0.0182016 0.0313377 0.0168335 0.000141372 0.0924799
0.031091 0.0161914 0.0354949 0.0146584 0.000230779 0.255323
0.0313377 0.0168335 0.031091 0.0161914 7.83784e-05 0.00339324
0.0443843 -0.00631477 0.0449531 -0.0036948 8.02076e-05 0.0120881
0.0449531 -0.0036948 0.05 -0.00548444 0.000142353 0.208125
0.0180793 0.00583476 0.0209244 0.00482588 0.000136321 0.108157
0.0180793 0.00583476 0.0203295 0.00450413 0.000259884 0.418648
0.00978205 0.0161131 0.0116303 0.00964834 2.17442e-05 0.00156669
0.0116303 0.00964834 0.0180793 0.00583476 0.000260928 0.417621
-0.0195985 0.0191954 -0.0174246 0.0184246 0.000137914 0.143935
-0.0195985 0.0191954 -0.0143597 0.0238806 0.000192591 0.221959
-0.0210423 0.0197074 -0.0195985 0.0191954 0.000152982 0.18702
-0.0217839 0.0294078 -0.0210423 0.0197074 7.56427e-05 0.00302402
-0.0409862 -0.0156566 -0.0385093 -0.0184192 4.73564e-05 0.0104197
-0.0409862 -0.0156566 -0.0405122 -0.0149709 4.88291e-05 0.00979871
0.0390393 0.0134246 0.0387482 0.0128581 4.08591e-05 0.00360924
0.0390393 0.0134246 0.0408212 0.0128043 0.000242159 1.0043
0.041579 0.0143397 0.0485023 0.0126538 0.000122709 0.319758
0.041579 0.0143397 0.0408212 0.0128043 7.74366e-05 0.048162
0.0398921 0.015084 0.0397398 0.0147875 3.44433e-05 0.0185739
0.0398921 0.015084 0.0426945 0.0165995 0.000432524 0.061299
0.00945447 0.0487133 0.0117214 0.0485964 3.09266e-05 0.000150348
0.0124794 0.0478835 0.0142945 0.0461761 7.21899e-05 0.00447195
0.0146352 0.0484461 0.0142945 0.0461761 8.30702e-05 0.00188292
0.0142945 0.0461761 0.0153706 0.0451639 7.21898e-05 0.00418688
0.0153706 0.0451639 0.0176949 0.0479067 0.000219052 0.00179335
0.0153706 0.0451639 0.0350957 0.0266099 7.22236e-05 0.0190274
0.0350957 0.0266099 0.0385714 0.0356521 6.46624e-05 0.0151908
0.0148086 0.049601 0.0169823 0.0483251 3.56763e-05 0.000846203
0.0146352 0.0484461 0.0169823 0.0483251 3.09266e-05 0.000562736
0.0169823 0.0483251 0.0176949 0.0479067 3.56763e-05 0.000870136
0.0176949 0.0479067 0.0180047 0.0482723 0.000219052 0.000788943
0.0176949 0.0479067 0.0385714 0.0356521 3.56763e-05 0.00703716
0.0385714 0.0356521 0.0429283 0.0469867 6.4639e-05 0.00892502
-0.0336164 -0.00499634 -0.0313376 -0.00471369 9.64718e-05 0.0667644
-0.0336164 -0.00499634 -0.0330937 -0.00424034 5.09003e-05 0.0114123
0.0426945 0.0165995 0.041579 0.0143397 7.50419e-05 0.0907655
0.0426945 0.0165995 0.0446268 0.0176446 0.000432113 0.0404649
0.014069 0.00111839 0.0141243 0.000925088 2.89005e-05 0.00208335
0.0141243 0.000925088 0.0147961 0.00100841 0.000120384 0.0376251
0.0144284 -0.000138394 0.0147674 -0.00132426 2.76986e-05 0.00189089
0.0147674 -0.00132426 0.0187637 -0.00252893 0.000239791 0.175574
0.0220085 -0.00743691 0.0253428 -0.00839457 6.63387e-05 0.0125966
0.0220085 -0.00743691 0.0225854 -0.0059362 6.61395e-05 0.0224885
0.0161591 -0.00619204 0.0160235 -0.00571791 2.29842e-05 0.00209782
0.0161591 -0.00619204 0.0216353 -0.00840786 8.72497e-05 0.00762743
0.0176116 -0.0112726 0.0161591 -0.00619204 2.14484e-05 0.003248
0.0176116 -0.0112726 0.0200584 -0.0125104 3.13278e-05 0.00138196
0.0194753 -0.0140272 0.0242964 -0.0152629 2.35766e-05 0.00228505
0.0194753 -0.0140272 0.0200584 -0.0125104 6.98961e-05 0.0438023
0.0207342 -0.0221945 0.0196669 -0.0184613 2.31012e-05 0.00214032
0.0199569 -0.023707 0.0207342 -0.0221945 3.61898e-05 0.0103731
0.0217653 -0.025801 0.0210549 -0.0233163 2.32114e-05 0.00113328
0.0216341 -0.0260669 0.0217653 -0.025801 7.94468e-05 0.0439804
0.0218274 -0.0260184 0.0217653 -0.025801 2.31407e-05 0.000735164
0.0218274 -0.0260184 0.0344522 -0.0228515 0.000104012 0.0963552
0.0227844 -0.0293656 0.0218274 -0.0260184 2.29779e-05 0.00125501
0.0227844 -0.0293656 0.0358135 -0.0267486 0.00012104 0.142507
0.0237512 -0.0316807 0.0361102 -0.0444284 0.000254154 0.0856636
0.0237512 -0.0316807 0.0380694 -0.0354037 4.84188e-05 0.0202978
0.0234218 -0.031595 0.0233188 -0.0312346 2.2695e-05 0.00145124
0.0234218 -0.031595 0.0237512 -0.0316807 4.80769e-05 0.0127814
0.0273164 -0.0452172 0.0234218 -0.031595 2.15953e-05 0.00115471
0.0273164 -0.0452172 0.0295304 -0.047293 0.000137131 0.0371978
0.0280288 -0.0477092 0.0291917 -0.0473869 9.38579e-05 0.000248615
0.0173765 0.0202331 0.019591 0.0196938 0.000140978 0.0602898
0.0162766 0.0213483 0.0173765 0.0202331 0.000600578 0.359448
0.0108513 0.0232368 0.0113219 0.0263719 9.18761e-05 0.0463993
0.0108513 0.0232368 0.0162766 0.0213483 0.000212039 0.185932
-0.0113401 0.0272257 -0.0107736 0.0270877 0.00018136 0.25113
-0.0113401 0.0272257 -0.00925826 0.030237 8.0119e-05 0.037894
-0.0163121 0.0284364 -0.0158391 0.0283212 0.000136272 0.146937
-0.0165246 0.0289324 -0.0163121 0.0284364 0.000163136 0.0264607
-0.021812 0.0297757 -0.0163121 0.0284364 0.000130111 0.143379
-0.021812 0.0297757 -0.0221296 0.0339296 8.22247e-05 0.0208049
-0.0132999 0.0243908 -0.00774825 0.0211078 0.000270139 0.480348
-0.0132999 0.0243908 -0.0125871 0.0254219 5.5367e-05 0.0173357
-0.0150123 0.0254034 -0.0135945 0.024565 0.000266688 0.4859
-0.0163121 0.0284364 -0.0150123 0.0254034 0.000118784 0.0248215
-0.0217839 0.0294078 -0.0150123 0.0254034 0.000266949 0.492932
-0.0217839 0.0294078 -0.021812 0.0297757 8.34159e-05 0.0126423
-0.0198871 0.00459629 -0.0191786 0.00439278 7.80904e-05 0.0500093
-0.0198871 0.00459629 -0.0201337 0.00782243 8.59787e-05 0.0143375
-0.0284738 0.0117107 -0.0282489 0.0114591 0.000315381 0.460847
-0.0282489 0.0114591 -0.0280952 0.0115966 0.000214813 0.369549
-0.0282489 0.0114591 -0.024861 0.00766809 0.000299476 0.376793
-0.024861 0.00766809 -0.023557 0.00955423 5.93496e-05 0.0257577
-0.0258088 0.00629711 -0.0228853 0.00545744 7.46913e-05 0.0388872
-0.0258088 0.00629711 -0.024861 0.00766809 5.77206e-05 0.0175318
-0.0149788 -0.00519563 -0.0092509 -0.0106669 0.000106312 0.0327894
-0.0149788 -0.00519563 -0.0128852 -0.00573227 2.50685e-05 0.00362327
-0.0194662 -0.000909324 -0.0173055 -0.00297324 0.000106072 0.0330486
-0.0194662 -0.000909324 -0.0196786 0.00186924 8.25565e-05 0.0117617
-0.0262868 0.00560566 -0.0217903 0.00131067 0.000100559 0.04782
-0.0262868 0.00560566 -0.0258088 0.00629711 5.40918e-05 0.0148327
-0.0284296 0.00704984 -0.0275275 0.00679075 6.65977e-05 0.0298635
-0.0284296 0.00704984 -0.0265237 0.00526295 0.000136098 0.0881481
-0.0304004 0.00953495 -0.0282489 0.0114591 0.0001948 0.240669
-0.0304004 0.00953495 -0.0275275 0.00679075 0.000109581 0.0560562
-0.0307483 0.00922386 -0.0304004 0.00953495 0.000192045 0.229187
-0.0307483 0.00922386 -0.0284296 0.00704984 0.000135922 0.0879265
-0.0196786 0.00186924 -0.015546 -0.00275501 0.000270504 0.184816
-0.015546 -0.00275501 -0.00550027 -0.00150901 0.000101 0.089755
-0.0155158 -0.00505798 -0.0149788 -0.00519563 2.75105e-05 0.00378478
-0.0155158 -0.00505798 -0.00964767 -0.0105599 0.000151012 0.0674046
-0.0192896 -0.00321934 -0.0194296 -0.00138849 8.47163e-05 0.0105481
-0.0192896 -0.00321934 -0.0176886 -0.00302077 0.000107518 0.07007
-0.0251044 -0.00260018 -0.0215804 -0.00350347 2.67014e-05 0.00355548
-0.0251044 -0.00260018 -0.0220197 0.00104 0.000258191 0.333271
-0.0265237 0.00526295 -0.0262868 0.00560566 5.00095e-05 0.011872
-0.0265237 0.00526295 -0.0220197 0.00104 0.00013589 0.0881252
0.0474957 0.00801726 0.047993 0.0103078 8.75737e-05 0.0197379
0.047993 0.0103078 0.05 0.0096092 0.000240345 1.03105
0.047993 0.0103078 0.0485023 0.0126538 8.92077e-05 0.0104791
0.0485023 0.0126538 0.05 0.0122891 0.000122831 0.340335
0.0446268 0.0176446 0.0436595 0.0185545 7.52576e-05 0.0465154
-0.0429602 -0.03447 -0.0363896 -0.0406218 0.000123912 0.0360759
-0.0429602 -0.03447 -0.0341654 -0.0400639 0.000130445 0.0551195
-0.0480626 -0.0296929 -0.0429602 -0.03447 0.000122669 0.0328914
-0.0480626 -0.0296929 -0.0385093 -0.0184192 0.000265686 0.327517
0.0114189 -0.000314861 0.0147674 -0.00132426 0.000239736 0.175369
0.0114189 -0.000314861 0.0128788 0.000474693 0.000553087 0.453328
0.00749381 0.000868339 0.00929331 0.000325885 0.000302301 0.827028
0.00773991 0.00250792 0.00749381 0.000868339 8.99362e-05 0.0246254
-0.00627716 0.00501956 0.00749381 0.000868339 0.000303868 0.838208
-0.00784293 0.00867334 -0.00627716 0.00501956 0.000113244 0.0430939
-0.0120106 0.00520616 -0.00916965 0.0022758 0.000272294 0.222272
-0.0120106 0.00520616 -0.00517119 0.00243874 9.56672e-05 0.0753387
-0.0269532 0.0112523 -0.0268552 0.0112228 0.000288373 0.680798
-0.0269532 0.0112523 -0.0267553 0.0111722 0.000103793 0.0799314
-0.0284738 0.0117107 -0.0280952 0.0115966 0.000277038 0.624107
-0.0286934 0.0119564 -0.0284738 0.0117107 0.00028871 0.428319
0.0150887 -0.0254391 0.0158301 -0.0235104 7.15677e-05 0.0308455
0.00866106 -0.0277261 0.0150887 -0.0254391 0.000299495 0.696269
0.0136947 -0.0290658 0.0141232 -0.0279509 7.06229e-05 0.0340184
0.0136947 -0.0290658 0.0167894 -0.0298705 4.93845e-05 0.0130154
0.0127054 -0.0316394 0.0127397 -0.0315502 6.99693e-05 0.035536
0.0127054 -0.0316394 0.014835 -0.0336735 9.81663e-05 0.0150632
0.00866303 -0.0298439 0.0104497 -0.0318432 0.000268446 0.0453438
0.0104497 -0.0318432 0.0124898 -0.0314334 0.000120815 0.109661
-0.0136158 0.0109574 -0.0104318 0.0147147 0.000238208 0.289022
-0.0136158 0.0109574 -0.00784293 0.00867334 0.000124094 0.121814
-0.0205055 0.0139682 -0.0200574 0.0135061 0.000298044 0.0746879
-0.0174246 0.0184246 -0.0205055 0.0139682 5.01712e-05 0.000956461
-0.0210423 0.0197074 -0.0209133 0.0180196 8.85738e-05 0.00985495
-0.0209133 0.0180196 -0.0195985 0.0191954 0.000180963 0.187815
0.0438179 -0.0249709 0.0438293 -0.0251386 0.000451817 0.00399197
0.0438179 -0.0249709 0.0439864 -0.0250164 2.46983e-05 0.011841
0.0409182 -0.0222809 0.0429468 -0.0240894 0.000160608 0.35324
0.0429468 -0.0240894 0.0437869 -0.0245145 3.4615e-05 0.0201752
0.0435198 -0.020577 0.0437869 -0.0245145 0.000454027 0.0104811
0.0435198 -0.020577 0.044282 -0.0203858 0.000103271 0.184806
0.044282 -0.0203858 0.05 -0.0218515 2.43713e-05 0.0110098
0.044282 -0.0203858 0.0485758 -0.0193087 0.000103161 0.184285
-0.0339645 -0.0428923 -0.0336307 -0.0427735 0.000317953 0.346471
-0.0202296 -0.0380054 -0.0166847 -0.0372934 0.000122179 0.0898578
-0.0207753 -0.0381995 -0.0202296 -0.0380054 0.000303066 0.552087
-0.0208395 -0.0381279 -0.0202296 -0.0380054 0.000117998 0.0830779
-0.0208395 -0.0381279 -0.0207753 -0.0381995 5.03963e-05 0.00607818
0.00723125 -0.00257961 0.0114189 -0.000314861 0.000475474 0.0920737
0.00723125 -0.00257961 0.0124523 -0.00469219 9.21989e-05 0.0062448
0.00749381 0.000868339 0.00737671 8.81628e-05 0.000109025 0.0633643
0.00737671 8.81628e-05 0.00929331 0.000325885 0.000109687 0.0797672
0.00737671 8.81628e-05 0.00699088 -0.00248235 9.20153e-05 0.0901957
0.00699088 -0.00248235 0.00723125 -0.00257961 8.95736e-05 0.106725
0.00689861 -0.00309706 0.0124523 -0.00469219 7.18003e-05 0.00751841
0.00689861 -0.00309706 0.00695375 -0.00272968 9.44991e-05 0.100813
0.00273943 -0.0308065 0.0028938 -0.0297781 9.21076e-05 0.0275317
0.00273943 -0.0308065 0.00828097 -0.0294164 0.000104635 0.0628301
0.00233931 -0.0334722 0.00273943 -0.0308065 9.26602e-05 0.0216682
0.00233931 -0.0334722 0.00959347 -0.0320152 0.00011909 0.0729811
-0.00792624 -0.0355342 0.00116224 -0.0413141 3.1415e-05 0.00578243
-0.00792624 -0.0355342 0.00233931 -0.0334722 0.000120475 0.0884029
-0.0202296 -0.0380054 -0.0167256 -0.0367587 0.000302087 0.549984
-0.0167256 -0.0367587 -0.0168058 -0.0357093 7.99355e-05 0.00555997
-0.0102404 -0.0340624 -0.00984838 -0.0343117 3.33083e-05 0.00551278
-0.0102404 -0.0340624 -0.00653594 -0.0331332 0.000108034 0.0724556
-0.0372237 -0.016902 -0.0172736 -0.0295896 3.08158e-05 0.00331792
-0.0372237 -0.016902 -0.0364765 -0.0160203 0.000264471 0.330014
-0.0364765 -0.0160203 -0.0179426 -0.0208395 5.19246e-05 0.0124362
-0.0364765 -0.0160203 -0.0277213 -0.00568841 0.000262892 0.332054
-0.0280045 0.0116777 -0.0269532 0.0112523 9.83891e-05 0.0747873
-0.0280045 0.0116777 -0.0279142 0.0117585 0.000190042 0.290224
-0.0286934 0.0119564 -0.0280045 0.0116777 9.81678e-05 0.0762919
-0.0290135 0.0123146 -0.0286934 0.0119564 0.000290461 0.435874
-0.00397527 -0.000351996 -0.00243879 -0.00112928 3.51431e-05 0.0117491
-0.00397527 -0.000351996 -0.00416004 7.91886e-05 0.0001189 0.0246542
-0.00570439 0.000522754 -0.00397527 -0.000351996 3.70764e-05 0.0106901
-0.00570439 0.000522754 -0.00416004 7.91886e-05 7.37921e-05 0.0538412
-0.0201337 0.00782243 -0.017431 0.00645512 3.5283e-05 0.00885627
-0.0201337 0.00782243 -0.0201866 0.00851437 8.39049e-05 0.0148384
-0.023557 0.00955423 -0.0201337 0.00782243 3.58276e-05 0.00906732
-0.023557 0.00955423 -0.023382 0.00980732 5.90736e-05 0.0269162
-0.0268552 0.0112228 -0.0267553 0.0111722 3.88346e-05 0.0100477
-0.0268552 0.0112228 -0.0231712 0.0101122 0.00028896 0.679238
-0.0279142 0.0117585 -0.0268552 0.0112228 3.5983e-05 0.00941082
-0.0279142 0.0117585 -0.0241497 0.0151252 0.000190163 0.290364
-0.0290135 0.0123146 -0.0279142 0.0117585 3.75204e-05 0.0106718
-0.0355598 0.0196396 -0.0290135 0.0123146 0.000291184 0.43541
-0.0205842 0.0137145 -0.0200574 0.0135061 0.000138567 0.201561
-0.0205842 0.0137145 -0.0205938 0.0138404 9.4926e-05 0.129956
-0.0206601 0.0137445 -0.0205842 0.0137145 0.000145341 0.246796
-0.0206601 0.0137445 -0.0205938 0.0138404 6.20707e-05 0.091705
-0.0241497 0.0151252 -0.0206601 0.0137445 0.000142715 0.273156
-0.0241497 0.0151252 -0.0209133 0.0180196 0.000181544 0.205451
-0.0355598 0.0196396 -0.0241497 0.0151252 0.000137081 0.153671
-0.0423835 0.0272751 -0.0355598 0.0196396 0.000297829 0.458438
0.0179605 0.0243618 0.0181373 0.0238556 0.00028759 0.0367823
0.0175072 0.0246126 0.0181373 0.0238556 3.0609e-05 0.00112242
0.019591 0.0196938 0.0193919 0.0202638 0.000289962 0.0516764
0.019591 0.0196938 0.0221123 0.0190799 0.000154965 0.134618
0.0169823 0.0483251 0.0180047 0.0482723 3.09266e-05 0.000535127
-0.0235794 0.0352221 -0.0221915 0.034739 0.00026551 0.499561
-0.0367862 0.0469967 -0.0235794 0.0352221 0.000170417 0.0090991
-0.0367862 0.0469967 -0.0313319 0.0492653 3.30736e-05 0.00652894
-0.0246774 0.0479573 -0.0231368 0.0471047 0.000123659 0.0364185
-0.00642169 0.0309798 -0.00193877 0.027689 6.87473e-05 0.0254462
-0.00193877 0.027689 -7.21369e-06 0.0270167 0.000261349 0.473085
-0.000396682 0.0265571 0.00367248 0.0235701 5.55374e-05 0.0093748
0.00367248 0.0235701 0.00794775 0.022529 0.000129674 0.0832083
0.00544336 0.0312887 0.00502328 0.032758 2.56175e-05 0.00219757
0.00419724 0.0319783 0.00544336 0.0312887 0.000122689 0.0463991
0.00740212 0.0244375 0.00544336 0.0312887 2.21244e-05 0.00142377
0.00740212 0.0244375 0.0108513 0.0232368 0.00021211 0.197687
0.00794775 0.022529 0.00740212 0.0244375 2.13905e-05 0.000167664
0.00794775 0.022529 0.0106464 0.0218719 0.000129079 0.0833516
0.0272691 0.00624878 0.0315732 0.00308933 5.90039e-05 0.0316351
0.0315732 0.00308933 0.0338746 0.00337478 0.000106629 0.0861684
0.0207342 -0.0221945 0.0222895 -0.0191682 3.54772e-05 0.0103841
0.0222895 -0.0191682 0.0247164 -0.0198224 2.33639e-05 0.00267073
0.0311627 -0.00190211 0.0325092 0.000717867 3.80577e-05 0.00396268
0.0325092 0.000717867 0.0345057 9.88431e-06 0.000143375 0.185408
0.0217653 -0.025801 0.0234044 -0.0224804 7.94158e-05 0.0438806
0.0210549 -0.0233163 0.0234044 -0.0224804 0.000298787 0.727722
0.0297346 -0.00965597 0.0297981 -0.00952739 7.55755e-05 0.0431478
0.0297981 -0.00952739 0.0287646 -0.00656861 0.000282505 0.273199
0.0313759 -0.00633085 0.0330199 -0.00300032 7.96784e-05 0.0450311
0.0330199 -0.00300032 0.0437291 -0.00933319 0.000288233 0.71063
0.0330199 -0.00300032 0.0345057 9.88431e-06 8.69534e-05 0.0204005
0.0345057 9.88431e-06 0.0369482 -0.000856241 0.000143493 0.197175
0.0299248 0.00969347 0.0343745 0.00434743 2.97108e-05 0.00828575
0.0343745 0.00434743 0.0338746 0.00337478 3.57181e-05 0.00243918
0.0350615 0.00352199 0.0358009 0.00263369 2.97936e-05 0.00745853
0.0348415 0.000690202 0.0358009 0.00263369 7.46519e-05 0.000479979
0.0423373 -0.015744 0.0428417 -0.0134206 7.90269e-05 0.260432
0.0428417 -0.0134206 0.05 -0.0154766 7.34759e-05 0.111598
0.0432496 -0.0115417 0.0435821 -0.0100104 7.69756e-05 0.0922597
0.0435821 -0.0100104 0.0462178 -0.0108049 0.000257356 0.693145
0.0435821 -0.0100104 0.0437291 -0.00933319 7.94134e-05 0.0330183
0.0437291 -0.00933319 0.0462178 -0.0108049 0.000287257 0.718636
-0.0221915 0.034739 -0.0228246 0.0430204 9.8424e-05 0.0447195
-0.0221915 0.034739 -0.0184557 0.0334386 0.000266296 0.495569
-0.0078143 0.0297343 -0.00193877 0.027689 0.000261579 0.472248
-0.0078143 0.0297343 -0.00642169 0.0309798 0.0002227 0.34516
-0.00925826 0.030237 -0.0078143 0.0297343 0.000265929 0.478035
-0.00925826 0.030237 -0.0079627 0.0321109 6.63424e-05 0.028109
0.0456829 -0.0254736 0.05 -0.0266372 2.46051e-05 0.0117166
0.0456829 -0.0254736 0.05 -0.0276576 3.42895e-05 0.021029
0.0446821 -0.0249673 0.05 -0.0238991 0.000120166 0.281276
0.0446821 -0.0249673 0.0456829 -0.0254736 3.50451e-05 0.0209481
-0.0150123 0.0254034 -0.0143597 0.0238806 0.000117759 0.0420583
-0.0143597 0.0238806 -0.0135945 0.024565 0.00019085 0.220947
-0.0143597 0.0238806 -0.0140892 0.0232492 0.000124546 0.0444203
-0.0140892 0.0232492 -0.0132999 0.0243908 5.89643e-05 0.0162996
0.0036393 0.0109552 0.00873655 0.00914773 0.000134194 0.115147
-0.0061909 0.0197194 0.0036393 0.0109552 0.000158478 0.1493
-0.00963023 0.0156607 0.0036393 0.0109552 0.000135273 0.13665
-0.00963023 0.0156607 -0.0061909 0.0197194 0.000239574 0.289625
-0.00517119 0.00243874 -0.00627716 0.00501956 0.000113373 0.00477921
-0.00517119 0.00243874 0.00221908 -0.000551554 9.41655e-05 0.0912904
-0.00070239 -0.000913913 0.00649095 -0.00297997 7.56826e-05 0.0969936
-0.00070239 -0.000913913 0.00221908 -0.000551554 0.0001058 0.159737
-0.00358144 -0.00127101 -0.00397527 -0.000351996 0.00011903 0.0247664
-0.00358144 -0.00127101 -0.00243879 -0.00112928 0.000107029 0.180344
-0.00187863 -0.00524458 -0.00358144 -0.00127101 0.000118808 0.0424622
-0.00187863 -0.00524458 0.00239031 -0.00964781 0.000266068 0.17755
0.00578474 -0.0105179 0.018314 -0.0137295 2.35661e-05 0.00331627
0.00578474 -0.0105179 0.00651414 -0.00565849 9.52403e-05 0.141711
0.00239031 -0.00964781 0.00578474 -0.0105179 2.49309e-05 0.00829511
0.00239031 -0.00964781 0.00544276 -0.0127963 0.000265491 0.177468
0.034296 -0.0224044 0.0352305 -0.0226563 2.4366e-05 0.00720235
0.0331542 -0.0191354 0.034296 -0.0224044 0.000284485 0.118079
0.0179489 -0.0179983 0.0196669 -0.0184613 2.45093e-05 0.00261995
0.0179489 -0.0179983 0.0188582 -0.0156327 7.02638e-05 0.0433371
0.0185933 -0.0263604 0.0189592 -0.0267379 0.000261229 0.105922
0.0183164 -0.0268991 0.0185933 -0.0263604 3.55381e-05 0.00903873
0.0158301 -0.0235104 0.0170303 -0.0247483 0.000260045 0.140253
0.0158301 -0.0235104 0.0179489 -0.0179983 7.08483e-05 0.0426249
0.00544276 -0.0127963 0.00578474 -0.0105179 9.51747e-05 0.140457
0.00544276 -0.0127963 0.00784604 -0.0152752 0.000261284 0.142755
0.00716424 -0.0263465 0.00714719 -0.0263067 0.000115702 0.00286078
0.00716424 -0.0263465 0.00862282 -0.0277397 9.98972e-05 0.0287087
0.0087066 -0.0277688 0.0117229 -0.0285531 4.97945e-05 0.0127858
0.0087066 -0.0277688 0.0100032 -0.0289844 0.000146343 0.0332657
0.00861096 -0.0277439 0.00863331 -0.0277497 5.09021e-05 0.0130358
0.00787526 -0.0280057 0.00861096 -0.0277439 0.00030001 0.678071
-0.00653594 -0.0331332 0.0028938 -0.0297781 0.000301256 0.554834
0.0028938 -0.0297781 0.00340241 -0.0263896 9.24257e-05 0.0231906
-0.0128852 -0.00573227 -0.00822913 -0.0109423 0.000271848 0.180297
-0.00822913 -0.0109423 0.0017112 -0.0136216 2.35589e-05 0.00378707
-0.00822913 -0.0109423 -0.00395127 -0.015729 0.000271293 0.180735
-0.00395127 -0.015729 0.00387979 -0.0232092 0.000100327 0.0309158
-0.00395127 -0.015729 -0.00300402 -0.016789 0.00027124 0.182077
-0.00300402 -0.016789 0.00387531 -0.023239 0.000144162 0.0652268
0.00371497 -0.0243073 0.00623387 -0.0271258 0.000271357 0.180475
0.00623387 -0.0271258 0.00765677 -0.0274958 4.93745e-05 0.014613
0.00846053 -0.0293714 0.00787526 -0.0280057 0.000114678 0.0225156
0.00846053 -0.0293714 0.00994201 -0.0289998 0.000104838 0.0807055
0.00722648 -0.0282365 0.00828097 -0.0294164 0.000270592 0.0572096
0.00828097 -0.0294164 0.00846053 -0.0293714 0.000104647 0.0794177
0.00959347 -0.0320152 0.00866303 -0.0298439 0.000112618 0.0103065
0.00959347 -0.0320152 0.0104497 -0.0318432 0.000119098 0.0585787
0.0232593 0.00919225 0.0241711 0.00658176 0.000318975 0.58878
0.0241711 0.00658176 0.0256937 0.00740522 0.00050658 0.607678
0.027312 0.0025608 0.0325092 0.000717867 0.000143762 0.18388
0.027312 0.0025608 0.0315732 0.00308933 0.000106231 0.0838827
0.0260267 0.00301657 0.027312 0.0025608 0.000144433 0.176675
0.0272691 0.00624878 0.0260267 0.00301657 7.22749e-05 0.00761139
0.0312384 -0.0136508 0.0306862 -0.0120701 0.000284302 0.2789
0.0288249 -0.011499 0.0312384 -0.0136508 0.000157511 0.0100123
0.0407652 -0.0229858 0.0429468 -0.0240894 3.40159e-05 0.018995
0.0405268 -0.0240839 0.0407652 -0.0229858 7.89143e-05 0.0261934
0.0384951 -0.0218374 0.0407652 -0.0229858 3.49933e-05 0.0168194
0.0384951 -0.0218374 0.0399979 -0.0214604 0.000106452 0.156178
0.0331542 -0.0191354 0.0384951 -0.0218374 3.38922e-05 0.0121732
0.0331156 -0.0190251 0.0331542 -0.0191354 0.000288215 0.117049
0.034296 -0.0224044 0.0344522 -0.0228515 0.000285023 0.117601
0.0344522 -0.0228515 0.0352305 -0.0226563 0.000106936 0.157537
0.0344522 -0.0228515 0.0358135 -0.0267486 0.000279375 0.0955516
0.0358135 -0.0267486 0.0401368 -0.0258803 0.000120884 0.248522
0.0295304 -0.047293 0.0358697 -0.0455362 9.66542e-05 0.0705989
0.0358697 -0.0455362 0.0361102 -0.0444284 7.47979e-05 0.0236584
0.0361102 -0.0444284 0.0369058 -0.045249 0.000251735 0.0725001
0.0361102 -0.0444284 0.0380694 -0.0354037 7.76034e-05 0.0681737
0.0380694 -0.0354037 0.0389133 -0.0356231 5.01337e-05 0.0413504
-0.05 -0.0485977 -0.0339645 -0.0428923 0.000320276 0.335944
-0.0218692 -0.0369794 -0.0168058 -0.0357093 0.000110528 0.0729411
-0.0218692 -0.0369794 -0.0208395 -0.0381279 5.47071e-05 0.00800887
-0.0363896 -0.0406218 -0.0341654 -0.0400639 0.00010782 0.0639713
-0.0363896 -0.0406218 -0.035836 -0.0411401 0.000104067 0.0239136
0.0407652 -0.0229858 0.0409182 -0.0222809 7.9209e-05 0.0253691
0.0399979 -0.0214604 0.0409182 -0.0222809 0.000160639 0.345417
0.0409182 -0.0222809 0.0411596 -0.021169 7.87617e-05 0.0096962
0.0411596 -0.021169 0.0435198 -0.020577 0.000103901 0.226669
0.0485758 -0.0193087 0.05 -0.0198849 8.87863e-05 0.168074
0.0485758 -0.0193087 0.05 -0.0189514 0.000105951 0.250413
0.00544336 0.0312887 0.00770911 0.0300349 0.000120824 0.0469099
0.00502328 0.032758 0.00770911 0.0300349 0.000629191 0.331537
0.0142945 0.0461761 0.0138782 0.0434027 8.30703e-05 0.00213065
0.0138782 0.0434027 0.0153706 0.0451639 0.000219205 0.00668237
0.0120432 0.0311774 0.0119076 0.030274 8.38681e-05 0.00159104
0.00664838 0.0348709 0.0119076 0.030274 0.000229545 0.0753516
0.0115525 0.027908 0.0175072 0.0246126 0.000117917 0.0234564
0.015165 0.0274268 0.0175072 0.0246126 3.01525e-05 0.00121618
-0.00126987 0.0417919 -0.0103577 0.0497353 0.000162383 7.76589e-05
-0.00126987 0.0417919 0.000762129 0.0447311 5.38165e-05 0.00221256
0.00425806 0.0405309 0.0103954 0.0460197 0.000161701 0.0649081
0.00203864 0.0431975 0.00425806 0.0405309 2.63188e-05 0.000712336
0.00309769 0.0394932 0.00425806 0.0405309 0.000161728 0.0651664
0.00309769 0.0394932 0.00203864 0.0431975 2.13905e-05 3.69017e-05
0.00223883 0.0387251 0.00367658 0.0374684 0.000235198 0.229657
0.00309769 0.0394932 0.00367658 0.0374684 2.16153e-05 0.0011209
0.00781914 0.0362525 0.0120593 0.0412562 0.000308867 0.0642015
0.00425806 0.0405309 0.00781914 0.0362525 2.63434e-05 0.00236364
0.00781914 0.0362525 0.0120432 0.0311774 2.87293e-05 0.00107973
0.0131062 0.0382591 0.0120432 0.0311774 8.95468e-05 0.00142889
0.00371968 0.0490092 0.00945447 0.0487133 3.11715e-05 0.00364833
0.00945447 0.0487133 0.0103954 0.0460197 0.000258373 0.000422158
0.0103954 0.0460197 0.0124794 0.0478835 0.000161201 0.00323936
0.0103954 0.0460197 0.0120593 0.0412562 0.000258811 0.0389573
0.0120593 0.0412562 0.0138782 0.0434027 0.000219276 0.00714698
0.0120593 0.0412562 0.0131062 0.0382591 0.000312567 0.0906848
0.0138782 0.0434027 0.0131062 0.0382591 8.31326e-05 0.00336024
0.0313775 0.0169369 0.0317427 0.0167348 0.000118345 0.058668
0.0317427 0.0167348 0.0394669 0.014854 0.000135768 0.0772876
0.0376915 0.0138938 0.0390393 0.0134246 0.000241645 1.00485
0.0376915 0.0138938 0.0394669 0.014854 0.000434774 0.121381
0.0358009 0.00263369 0.0363161 0.00367761 7.68246e-05 0.000715072
0.0363161 0.00367761 0.0415878 0.00433147 0.000106332 0.0973866
0.00438304 -0.0198564 0.0051786 -0.0145562 8.86545e-05 0.0400189
0.00438304 -0.0198564 0.0017112 -0.0136216 0.000110822 0.0073096
0.00387979 -0.0232092 0.00438304 -0.0198564 8.9556e-05 0.0406451
0.00387979 -0.0232092 0.00581157 -0.0250544 0.000100617 0.030057
0.00387531 -0.023239 0.00387979 -0.0232092 9.04977e-05 0.0393662
0.00387531 -0.023239 0.00581157 -0.0250544 0.000143781 0.0628983
0.00371497 -0.0243073 0.00387531 -0.023239 9.13165e-05 0.035075
-0.00300402 -0.016789 0.00371497 -0.0243073 0.000272257 0.18418
0.0313377 0.0168335 0.0317427 0.0167348 0.000140806 0.0878567
0.0313377 0.0168335 0.0313775 0.0169369 7.89839e-05 0.00553692
0.0209244 0.00482588 0.0253302 0.00326358 0.000147203 0.108191
0.0209244 0.00482588 0.0241711 0.00658176 0.00048701 0.483448
0.0242566 0.00218183 0.0254374 0.00148353 0.000300877 0.459063
0.0242566 0.00218183 0.0256477 0.00235438 0.000117433 0.0547671
0.0203295 0.00450413 0.0242566 0.00218183 0.00030119 0.460065
0.0203295 0.00450413 0.0209244 0.00482588 0.000489548 0.483357
0.00870661 0.0198747 0.00978205 0.0161131 2.27949e-05 0.00145152
0.0101839 0.0187903 0.00978205 0.0161131 9.02036e-05 0.00564014
-0.0174246 0.0184246 -0.0110535 0.0161654 0.000137764 0.138714
-0.0174246 0.0184246 -0.0140892 0.0232492 5.34813e-05 0.0129581
-0.0385093 -0.0184192 -0.0218692 -0.0369794 5.05688e-05 0.00554007
-0.0385093 -0.0184192 -0.0372237 -0.016902 0.000264829 0.329383
0.0408212 0.0128043 0.047993 0.0103078 0.000240769 1.02593
0.0403972 0.0119455 0.0408212 0.0128043 8.18432e-05 0.00101967
0.0117214 0.0485964 0.0124794 0.0478835 7.21898e-05 4.88151e-05
0.0124794 0.0478835 0.0131918 0.0485206 0.000161201 0.00125856
0.0145618 0.0497459 0.0148086 0.049601 3.56763e-05 0.00487748
0.0148086 0.049601 0.0146352 0.0484461 8.30702e-05 0.00173132
0.0131918 0.0485206 0.0146352 0.0484461 3.09266e-05 0.000969929
0.0138625 0.00184068 0.014069 0.00111839 2.26683e-05 0.00326289
0.014069 0.00111839 0.0144448 0.00132159 0.000542589 0.480177
0.0147961 0.00100841 0.0242566 0.00218183 0.000119339 0.0501605
0.0144448 0.00132159 0.0147961 0.00100841 0.000186824 0.115824
0.0141243 0.000925088 0.0144284 -0.000138394 2.83389e-05 0.00180712
0.0144284 -0.000138394 0.017402 -0.00131493 0.000148051 0.0699475
0.0233622 -0.00391516 0.0259314 -0.00468961 0.000251852 0.242213
0.0233622 -0.00391516 0.023443 -0.00370508 6.96628e-05 0.00439627
0.0187637 -0.00252893 0.0233622 -0.00391516 0.000252746 0.234888
0.017402 -0.00131493 0.0187637 -0.00252893 0.000184423 0.103918
0.0275068 -0.0090161 0.0297346 -0.00965597 6.55546e-05 0.0163476
0.0270459 -0.00991294 0.0275068 -0.0090161 3.34959e-05 0.00847655
0.0253428 -0.00839457 0.0275068 -0.0090161 6.5787e-05 0.016288
0.0225854 -0.0059362 0.0253428 -0.00839457 0.000147481 0.00979913
0.0225854 -0.0059362 0.0233622 -0.00391516 6.59238e-05 0.0294438
0.0187637 -0.00252893 0.0225854 -0.0059362 0.000148103 0.0128212
0.0216353 -0.00840786 0.0267548 -0.0104793 9.2376e-05 0.0203735
0.0216353 -0.00840786 0.0220085 -0.00743691 6.61453e-05 0.027359
0.0267349 -0.015888 0.0330102 -0.0190626 3.29377e-05 0.00345869
0.0267349 -0.015888 0.0325395 -0.0173759 2.3739e-05 0.00272135
0.0200584 -0.0125104 0.0245446 -0.01478 3.33593e-05 0.00235485
0.0200584 -0.0125104 0.0216353 -0.00840786 6.97035e-05 0.0434475
0.026667 -0.0158706 0.0267349 -0.015888 2.48152e-05 0.00278256
0.0247164 -0.0198224 0.026667 -0.0158706 7.91355e-05 0.0515906
0.0242964 -0.0152629 0.026667 -0.0158706 2.33666e-05 0.00243681
0.0222895 -0.0191682 0.0242964 -0.0152629 3.47591e-05 0.0103685
0.0185933 -0.0263604 0.0199569 -0.023707 3.62415e-05 0.00960791
0.0170303 -0.0247483 0.0199569 -0.023707 0.000298891 0.727613
0.0210549 -0.0233163 0.0207342 -0.0221945 2.31952e-05 0.00182983
0.0199569 -0.023707 0.0210549 -0.0233163 0.000298798 0.727747
0.0169698 -0.0355163 0.0194191 -0.0305542 7.75831e-05 0.043854
0.0194191 -0.0305542 0.0234218 -0.031595 4.85095e-05 0.0128324
0.0194191 -0.0305542 0.0197 -0.0299852 7.75367e-05 0.0446322
0.0197 -0.0299852 0.021715 -0.0295804 0.000118965 0.109055
0.0197 -0.0299852 0.0205122 -0.0283397 7.89578e-05 0.0450064
0.0205122 -0.0283397 0.021715 -0.0295804 0.000260179 0.101512
0.0205122 -0.0283397 0.0216341 -0.0260669 7.89681e-05 0.0482821
0.0216341 -0.0260669 0.0218274 -0.0260184 0.000104371 0.0959109
0.0291917 -0.0473869 0.0295304 -0.047293 9.52017e-05 0.0180952
0.00770911 0.0300349 0.0113219 0.0263719 0.000627087 0.338195
0.0113219 0.0263719 0.0115525 0.027908 0.000104486 0.00554148
0.0113219 0.0263719 0.0162766 0.0213483 0.000621889 0.346946
0.0162766 0.0213483 0.0193919 0.0202638 0.00024475 0.16061
-0.0107736 0.0270877 -0.00179886 0.0249024 0.000128715 0.122233
-0.0107736 0.0270877 -0.0078143 0.0297343 0.000219485 0.333846
-0.0158391 0.0283212 -0.0113401 0.0272257 0.000185178 0.256964
-0.0165246 0.0289324 -0.0158391 0.0283212 0.000223321 0.238232
0.00904148 0.0111793 0.0116303 0.00964834 0.000261046 0.417507
0.00978205 0.0161131 0.00904148 0.0111793 8.69632e-05 0.00583904
-0.00774825 0.0211078 -0.00592698 0.0200308 0.000269452 0.475918
-0.0125871 0.0254219 -0.00774825 0.0211078 0.000164157 0.147016
-0.0125074 0.0255371 -0.0113401 0.0272257 5.64148e-05 0.0176742
-0.0125074 0.0255371 -0.0107736 0.0270877 0.000185445 0.234368
-0.0125871 0.0254219 -0.0125074 0.0255371 5.57656e-05 0.0171774
-0.0126117 0.0254439 -0.0125871 0.0254219 0.000164397 0.14679
-0.0135945 0.024565 -0.0132999 0.0243908 0.00027042 0.479843
-0.0135945 0.024565 -0.0126117 0.0254439 0.000182189 0.230485
-0.0191786 0.00439278 -0.00815148 0.0012256 7.70905e-05 0.0415192
-0.0191786 0.00439278 -0.017431 0.00645512 0.000265239 0.566584
-0.0280952 0.0115966 -0.0280045 0.0116777 0.000190153 0.289365
-0.0280952 0.0115966 -0.0269532 0.0112523 0.000289134 0.682252
-0.0173055 -0.00297324 -0.0149788 -0.00519563 0.000107708 0.0322411
-0.0173055 -0.00297324 -0.015546 -0.00275501 0.000107026 0.0755756
-0.0196786 0.00186924 -0.0198142 0.00364269 7.98859e-05 0.0193314
-0.0205196 0.00281026 -0.0196786 0.00186924 0.000271172 0.186476
-0.0217903 0.00131067 -0.0194662 -0.000909324 0.000106395 0.0328318
-0.0217903 0.00131067 -0.0205196 0.00281026 0.000251489 0.351934
-0.00550027 -0.00150901 -0.00358144 -0.00127101 0.000107281 0.160374
-0.00550027 -0.00150901 -0.00187863 -0.00524458 0.000267794 0.192134
-0.0194296 -0.00138849 -0.0194662 -0.000909324 8.4884e-05 0.011586
-0.0194296 -0.00138849 -0.0176886 -0.00302077 0.000153554 0.0699487
-0.0176886 -0.00302077 -0.0173055 -0.00297324 0.000107963 0.074615
-0.0176886 -0.00302077 -0.0155158 -0.00505798 0.000152149 0.0671646
-0.0220197 0.00104 -0.0217903 0.00131067 0.00025255 0.345248
-0.0220197 0.00104 -0.0194296 -0.00138849 0.000154271 0.0702062
-0.0341654 -0.0400639 -0.0332804 -0.0406268 0.000121294 0.0483735
-0.0341654 -0.0400639 -0.0218692 -0.0369794 0.00011233 0.0731774
0.0128788 0.000474693 0.0135888 0.000858667 0.00054562 0.476749
0.0128788 0.000474693 0.0144284 -0.000138394 0.00014946 0.0692961
0.00929331 0.000325885 0.0114189 -0.000314861 0.000301003 0.827211
0.00929331 0.000325885 0.0123094 0.00069998 0.00011916 0.0819655
0.00837422 0.00673381 0.00773991 0.00250792 8.98731e-05 0.0170708
0.00773991 0.00250792 0.0123094 0.00069998 0.00012275 0.12143
-0.0110535 0.0161654 -0.0104318 0.0147147 0.000115269 0.0408508
-0.0104318 0.0147147 -0.00963023 0.0156607 0.000238166 0.286382
-0.0104318 0.0147147 -0.00784293 0.00867334 0.000113541 0.0471178
-0.00784293 0.00867334 0.00773991 0.00250792 0.000123431 0.126274
-0.00916965 0.0022758 -0.00815148 0.0012256 0.000271701 0.222424
-0.00916965 0.0022758 -0.00570439 0.000522754 3.51396e-05 0.00932991
-0.0201866 0.00851437 -0.0168351 0.00715826 0.000100433 0.0767745
-0.0201866 0.00851437 -0.0202413 0.009229 8.93157e-05 0.0186593
-0.023382 0.00980732 -0.0201866 0.00851437 0.000102137 0.0796206
-0.023382 0.00980732 -0.0231712 0.0101122 6.00613e-05 0.0292707
-0.0267553 0.0111722 -0.023382 0.00980732 0.000103112 0.080497
-0.0267553 0.0111722 -0.023557 0.00955423 3.80277e-05 0.0101582
0.00861096 -0.0277439 0.00862282 -0.0277397 0.000299939 0.67836
0.00862282 -0.0277397 0.00863331 -0.0277497 0.000102811 0.0155276
0.00862282 -0.0277397 0.00866106 -0.0277261 0.000299802 0.682912
0.00866106 -0.0277261 0.0087066 -0.0277688 0.000146222 0.0330677
0.0141232 -0.0279509 0.0150887 -0.0254391 7.08631e-05 0.0335841
0.0141232 -0.0279509 0.0183164 -0.0268991 0.000104271 0.0833768
0.0183068 -0.030265 0.0194191 -0.0305542 5.01503e-05 0.013575
0.0183068 -0.030265 0.0197 -0.0299852 0.00011938 0.109456
0.0167894 -0.0298705 0.0183068 -0.030265 4.89487e-05 0.0131657
0.0163886 -0.0306503 0.0167894 -0.0298705 3.57983e-05 0.00897709
0.0128093 -0.0313692 0.0136947 -0.0290658 7.05781e-05 0.0339044
0.0128093 -0.0313692 0.0163886 -0.0306503 0.000119873 0.109094
0.0127397 -0.0315502 0.0128093 -0.0313692 7.14291e-05 0.0355681
0.0127397 -0.0315502 0.01489 -0.0335663 0.00014417 0.0344845
0.0169039 -0.0356497 0.0274652 -0.0457378 9.47507e-05 0.0180869
0.0158179 -0.0378499 0.0169039 -0.0356497 7.38375e-05 0.051568
0.014835 -0.0336735 0.0169039 -0.0356497 9.67935e-05 0.0151637
0.0138311 -0.0356268 0.014835 -0.0336735 3.3867e-05 0.0100399
0.012593 -0.0314127 0.0128093 -0.0313692 0.000119716 0.108004
0.012593 -0.0314127 0.0127397 -0.0315502 0.000148159 0.0339217
0.0124898 -0.0314334 0.012593 -0.0314127 0.000120335 0.110282
0.0124898 -0.0314334 0.0127054 -0.0316394 0.000102767 0.0148463
0.0446417 -0.0371126 0.0438293 -0.0251386 0.000423193 0.00346815
0.0438293 -0.0251386 0.0440694 -0.0250904 0.000119468 0.29106
0.0437869 -0.0245145 0.0446821 -0.0249673 3.42412e-05 0.0200708
0.0437869 -0.0245145 0.0438103 -0.0248594 0.000450063 0.0105981
-0.0312417 -0.0419235 -0.0207753 -0.0381995 0.000302662 0.553111
-0.0207753 -0.0381995 -0.0162276 -0.043272 5.12894e-05 0.00766757
0.0124523 -0.00469219 0.0161591 -0.00619204 9.00966e-05 0.00714837
0.0124523 -0.00469219 0.0160235 -0.00571791 6.83806e-05 0.00689588
-0.0168058 -0.0357093 -0.0172736 -0.0295896 8.25244e-05 0.0075137
-0.0168058 -0.0357093 -0.0102404 -0.0340624 0.000109132 0.0722644
-0.00243879 -0.00112928 0.00651414 -0.00565849 3.46675e-05 0.0129108
-0.00243879 -0.00112928 -0.00070239 -0.000913913 0.000106675 0.180616
-0.017431 0.00645512 -0.00916965 0.0022758 3.44133e-05 0.00690387
-0.017431 0.00645512 -0.0168351 0.00715826 0.000265095 0.567172
-0.0202413 0.009229 -0.0161305 0.00798981 0.000287784 0.669676
-0.0202413 0.009229 -0.0205842 0.0137145 9.02139e-05 0.0487309
-0.0231712 0.0101122 -0.0202413 0.009229 0.000288248 0.67807
-0.0231712 0.0101122 -0.0206601 0.0137445 6.06798e-05 0.0424917
-0.0205938 0.0138404 -0.020612 0.0140781 9.36346e-05 0.128238
-0.0205938 0.0138404 -0.0205055 0.0139682 6.39046e-05 0.0942158
0.0181373 0.0238556 0.0193919 0.0202638 0.000286429 0.0368578
0.0193919 0.0202638 0.0218346 0.0194136 0.00023161 0.28
0.0221123 0.0190799 0.0243782 0.0185281 0.000152987 0.135756
0.0218346 0.0194136 0.0221123 0.0190799 3.10339e-05 0.00149286
-0.0079627 0.0321109 -0.00642169 0.0309798 7.09429e-05 0.0230251
-0.00642169 0.0309798 -0.00167286 0.0352268 0.00022265 0.344717
-7.21369e-06 0.0270167 0.00740212 0.0244375 0.000212634 0.197331
-7.21369e-06 0.0270167 0.00419724 0.0319783 0.000283478 0.624872
-0.00193877 0.027689 -0.000396682 0.0265571 6.67019e-05 0.0245738
-0.000396682 0.0265571 -7.21369e-06 0.0270167 0.00025179 0.379111
0.00498158 0.0329039 0.00502328 0.032758 2.79029e-05 0.000757018
0.00493436 0.0328482 0.00502328 0.032758 0.000629469 0.331268
-0.0231368 0.0471047 -0.00466419 0.0368821 0.000118006 0.0605003
-0.00466419 0.0368821 -0.00126987 0.0417919 5.80677e-05 0.0271653
-0.00466419 0.0368821 -0.00167286 0.0352268 0.000113188 0.0577626
-0.00167286 0.0352268 0.00223883 0.0387251 0.000214127 0.29484
-0.00167286 0.0352268 0.00419724 0.0319783 0.000138998 0.145008
0.00419724 0.0319783 0.00493436 0.0328482 0.000285375 0.671398
0.0232593 0.00919225 0.0256937 0.00740522 6.08663e-05 0.0246613
0.0256937 0.00740522 0.0282438 0.00878432 0.000506407 0.608079
0.0256937 0.00740522 0.0272691 0.00624878 5.99902e-05 0.0233803
0.0282438 0.00878432 0.0272691 0.00624878 7.79268e-05 0.0130137
0.0338746 0.00337478 0.0350615 0.00352199 0.000106354 0.0872832
0.0331377 0.0019409 0.0338746 0.00337478 3.3341e-05 0.000232422
0.0247164 -0.0198224 0.0282205 -0.0207668 2.44966e-05 0.00291097
0.0234044 -0.0224804 0.0247164 -0.0198224 7.96415e-05 0.0513747
0.0275068 -0.0090161 0.0287646 -0.00656861 3.35776e-05 0.00845229
0.0287646 -0.00656861 0.0284573 -0.00568901 0.000282341 0.272248
0.0292206 -0.00568115 0.0311627 -0.00190211 3.61231e-05 0.00939178
0.0311627 -0.00190211 0.0330199 -0.00300032 0.000289215 0.701945
0.0266737 -0.015857 0.0288249 -0.011499 7.85871e-05 0.0515372
0.0284509 -0.0111656 0.0288249 -0.011499 0.00015445 0.00708288
0.0288998 -0.0113472 0.0297346 -0.00965597 7.68683e-05 0.0448358
0.0297346 -0.00965597 0.0298551 -0.00969057 6.86502e-05 0.018313
0.0297981 -0.00952739 0.0311641 -0.00675996 8.01111e-05 0.0818017
0.0311641 -0.00675996 0.0432496 -0.0115417 0.000126005 0.136
0.0311641 -0.00675996 0.0313759 -0.00633085 7.98707e-05 0.0877336
0.0313759 -0.00633085 0.0435821 -0.0100104 0.00025796 0.674156
0.0290139 0.0107879 0.0299248 0.00969347 3.12275e-05 0.00508592
0.0299248 0.00969347 0.0333401 0.0115405 0.000505898 0.607533
0.0343745 0.00434743 0.0350615 0.00352199 2.83811e-05 0.0084908
0.0350615 0.00352199 0.0363161 0.00367761 0.000106081 0.0876846
0.0428417 -0.0134206 0.0432496 -0.0115417 7.74415e-05 0.19024
0.0432496 -0.0115417 0.0497351 -0.0141077 0.000124588 0.198792
0.0462178 -0.0108049 0.0472434 -0.0111141 0.000281989 0.796901
0.0462178 -0.0108049 0.0477308 -0.0116996 0.000260203 0.615292
-0.0079627 0.0321109 -0.00466419 0.0368821 5.31734e-05 0.0183574
-0.0224412 0.042739 -0.0079627 0.0321109 5.81574e-05 0.0128075
0.00873655 0.00914773 0.0121161 0.00794934 0.00013391 0.108933
0.00904148 0.0111793 0.00873655 0.00914773 9.13826e-05 0.0161656
-0.00774825 0.0211078 -0.0061909 0.0197194 0.000165403 0.155119
-0.0061909 0.0197194 -0.00592698 0.0200308 0.000242692 0.29413
0.00221908 -0.000551554 0.00699088 -0.00248235 9.9007e-05 0.155101
0.00221908 -0.000551554 0.00737671 8.81628e-05 9.93397e-05 0.102079
0.00651414 -0.00565849 0.00689861 -0.00309706 9.45347e-05 0.147016
0.00651414 -0.00565849 0.0176116 -0.0112726 3.21328e-05 0.00143209
0.0405268 -0.0240839 0.0438179 -0.0249709 2.46674e-05 0.0108423
0.0401368 -0.0258803 0.0405268 -0.0240839 7.90835e-05 0.0267322
0.0352305 -0.0226563 0.0405268 -0.0240839 2.50564e-05 0.0087965
0.0352305 -0.0226563 0.0384951 -0.0218374 0.000106637 0.157558
0.0189592 -0.0267379 0.0205122 -0.0283397 0.000260199 0.1025
0.0189592 -0.0267379 0.0216341 -0.0260669 0.000105127 0.0921896
0.0167894 -0.0298705 0.0183164 -0.0268991 3.53194e-05 0.00905113
0.0183164 -0.0268991 0.0189592 -0.0267379 0.000103743 0.0837862
0.0170303 -0.0247483 0.0185933 -0.0263604 0.00026149 0.105919
0.0150887 -0.0254391 0.0170303 -0.0247483 0.000299436 0.696982
0.00714719 -0.0263067 0.00438304 -0.0198564 0.000111373 0.0064459
0.00714719 -0.0263067 0.00866106 -0.0277261 0.000143159 0.0602558
0.0117229 -0.0285531 0.0136947 -0.0290658 5.00112e-05 0.0130436
0.0117229 -0.0285531 0.0141232 -0.0279509 0.00010457 0.0829225
0.0100032 -0.0289844 0.012593 -0.0314127 0.000144656 0.0323859
0.0100032 -0.0289844 0.0117229 -0.0285531 0.000104944 0.0827763
0.00863331 -0.0277497 0.0087066 -0.0277688 5.09354e-05 0.0131476
0.00863331 -0.0277497 0.00994201 -0.0289998 0.0001025 0.0155149
0.00994201 -0.0289998 0.0100032 -0.0289844 0.000104285 0.0815411
0.00994201 -0.0289998 0.0124898 -0.0314334 0.000101829 0.0151994
0.0306862 -0.0120701 0.0298551 -0.00969057 0.000283701 0.287509
0.0409692 -0.0162308 0.0306862 -0.0120701 8.56442e-05 0.00109497
0.0399979 -0.0214604 0.0411596 -0.021169 0.000104782 0.167597
0.0365775 -0.0184109 0.0399979 -0.0214604 0.000160165 0.352281
0.0401368 -0.0258803 0.0438293 -0.0251386 0.000120038 0.262425
0.0383635 -0.0340489 0.0401368 -0.0258803 7.54044e-05 0.0473815
0.000762129 0.0447311 0.00135499 0.0455887 5.15013e-05 0.00199833
0.000762129 0.0447311 -0.00309095 0.0493605 2.63146e-05 4.68891e-05
0.000762129 0.0447311 0.00203864 0.0431975 2.68412e-05 0.000555916
0.00135499 0.0455887 0.00203864 0.0431975 2.15545e-05 0.000140899
0.000327051 0.0491842 0.00371968 0.0490092 3.09266e-05 0.000551259
0.0198986 0.0232893 0.0313775 0.0169369 0.000120677 0.0604964
0.0313775 0.0169369 0.0350957 0.0266099 7.64339e-05 0.0103979
0.0394669 0.014854 0.0397398 0.0147875 0.000123464 0.291965
0.0394669 0.014854 0.0398921 0.015084 0.000432788 0.0628924
0.00581157 -0.0250544 0.00716424 -0.0263465 0.00010071 0.0303315
0.00581157 -0.0250544 0.00714719 -0.0263067 0.000143342 0.0628781
0.0254374 0.00148353 0.0260859 0.00110009 0.000300529 0.462507
0.025707 0.00218477 0.0254374 0.00148353 7.3578e-05 0.00485471
0.0256477 0.00235438 0.0257784 0.00237058 0.000106918 0.0912273
0.0253302 0.00326358 0.0256477 0.00235438 0.000295193 0.362414
0.0131918 0.0485206 0.0145618 0.0497459 0.000161201 0.00107947
0.0117214 0.0485964 0.0131918 0.0485206 3.09266e-05 3.64028e-05
0.0121161 0.00794934 0.0138625 0.00184068 2.23686e-05 0.00294222
0.00837422 0.00673381 0.0138625 0.00184068 0.000158036 0.174021
0.0144448 0.00132159 0.0203295 0.00450413 0.00052952 0.503085
0.0138625 0.00184068 0.0144448 0.00132159 0.000157714 0.174325
0.0259314 -0.00468961 0.0284573 -0.00568901 0.000122246 0.0496899
0.0259314 -0.00468961 0.0283644 -0.00542305 0.000257265 0.25689
0.023443 -0.00370508 0.0259314 -0.00468961 0.000143812 0.0776112
0.023443 -0.00370508 0.0254374 0.00148353 7.75918e-05 0.00667179
0.017402 -0.00131493 0.023443 -0.00370508 0.000146627 0.0775635
0.0147961 0.00100841 0.017402 -0.00131493 0.000186059 0.108471
0.0245446 -0.01478 0.0267548 -0.0104793 3.42015e-05 0.0101399
0.0267548 -0.0104793 0.0284509 -0.0111656 9.03837e-05 0.0213782
0.0267548 -0.0104793 0.0270459 -0.00991294 3.58417e-05 0.00827442
0.0253428 -0.00839457 0.0270459 -0.00991294 0.000147765 0.00818388
0.0266737 -0.015857 0.0267349 -0.015888 3.40119e-05 0.0032187
0.026667 -0.0158706 0.0266737 -0.015857 7.87819e-05 0.0516685
0.0245446 -0.01478 0.0266737 -0.015857 3.23199e-05 0.00275653
0.0242964 -0.0152629 0.0245446 -0.01478 3.4437e-05 0.0103765
0.0169039 -0.0356497 0.0169698 -0.0355163 7.67108e-05 0.0464295
0.0169698 -0.0355163 0.0273164 -0.0452172 0.00013787 0.0372443
0.021715 -0.0295804 0.0227844 -0.0293656 0.000121361 0.142003
0.021715 -0.0295804 0.0233188 -0.0312346 0.0002555 0.0866984
-0.00179886 0.0249024 0.00367248 0.0235701 0.000130177 0.084938
-0.00179886 0.0249024 -0.000396682 0.0265571 0.000251367 0.3753
-0.00592698 0.0200308 0.00904148 0.0111793 0.000261566 0.420387
-0.00592698 0.0200308 -0.00179886 0.0249024 0.000252562 0.355009
-0.0158391 0.0283212 -0.0126117 0.0254439 0.000170522 0.150371
-0.0126117 0.0254439 -0.0125074 0.0255371 0.000185537 0.234462
-0.00815148 0.0012256 -0.00570439 0.000522754 7.44503e-05 0.0542854
-0.00815148 0.0012256 -0.00550027 -0.00150901 0.000271746 0.219293
-0.0198142 0.00364269 -0.0198871 0.00459629 8.78323e-05 0.0147217
-0.0198142 0.00364269 -0.0191786 0.00439278 0.000265287 0.563825
-0.0228853 0.00545744 -0.0205196 0.00281026 0.00029842 0.373243
-0.0205196 0.00281026 -0.0198142 0.00364269 0.000266715 0.559864
0.0135888 0.000858667 0.014069 0.00111839 0.000543033 0.479759
0.0135888 0.000858667 0.0141243 0.000925088 0.000120623 0.0374759
0.0123094 0.00069998 0.0135888 0.000858667 9.92949e-05 0.0495661
0.0123094 0.00069998 0.0128788 0.000474693 0.000132593 0.148959
0.00873655 0.00914773 0.00837422 0.00673381 8.97465e-05 0.026095
0.0036393 0.0109552 0.00837422 0.00673381 0.000158547 0.168366
-0.0168351 0.00715826 -0.0120106 0.00520616 0.000100669 0.0667832
-0.0168351 0.00715826 -0.0161305 0.00798981 0.000264903 0.571313
0.01489 -0.0335663 0.0163886 -0.0306503 3.61022e-05 0.00961276
0.0163886 -0.0306503 0.0183068 -0.030265 0.000120215 0.108997
0.01489 -0.0335663 0.0169698 -0.0355163 0.000143263 0.0347304
0.014835 -0.0336735 0.01489 -0.0335663 3.50658e-05 0.0100089
-0.0161305 0.00798981 -0.0141226 0.00738455 0.000276158 0.587333
-0.0161305 0.00798981 -0.0154677 0.00877195 0.000278479 0.653076
0.0218346 0.0194136 0.0243782 0.0185281 0.000230862 0.280946
0.0181373 0.0238556 0.0218346 0.0194136 2.76059e-05 0.00200591
0.00367658 0.0374684 0.00498158 0.0329039 2.70211e-05 0.00277632
0.00664838 0.0348709 0.00498158 0.0329039 0.000313472 0.0538124
0.00498158 0.0329039 0.00493436 0.0328482 0.000309673 0.0546464
0.0282438 0.00878432 0.0299248 0.00969347 0.000505997 0.607587
0.0290139 0.0107879 0.0282438 0.00878432 7.2611e-05 0.0071
0.025707 0.00218477 0.0260859 0.00110009 0.000296317 0.346309
0.0260859 0.00110009 0.0311627 -0.00190211 0.000289474 0.700667
0.0284573 -0.00568901 0.0283644 -0.00542305 0.000280692 0.232669
0.0284573 -0.00568901 0.0290883 -0.00593867 0.000126346 0.139561
0.0290883 -0.00593867 0.0292206 -0.00568115 3.66801e-05 0.0174392
0.0292206 -0.00568115 0.0313759 -0.00633085 0.000258065 0.660633
0.0270459 -0.00991294 0.0284509 -0.0111656 0.000149583 0.00816891
0.0284509 -0.0111656 0.0288998 -0.0113472 8.85536e-05 0.0232652
0.0288249 -0.011499 0.0288998 -0.0113472 7.76865e-05 0.0459161
0.0288998 -0.0113472 0.0306862 -0.0120701 8.985e-05 0.0242718
0.0221123 0.0190799 0.0290139 0.0107879 2.99972e-05 0.00461504
0.0303184 0.0141817 0.0290139 0.0107879 7.92496e-05 0.00676244
0.00135499 0.0455887 0.00371968 0.0490092 5.01765e-05 0.00192671
0.00135499 0.0455887 0.000327051 0.0491842 2.13905e-05 0.000149796
-0.00309095 0.0493605 0.000327051 0.0491842 3.09266e-05 0.000447652
0.0257784 0.00237058 0.0260267 0.00301657 7.58203e-05 0.00805232
0.0257784 0.00237058 0.027312 0.0025608 0.000106654 0.0921528
0.025707 0.00218477 0.0257784 0.00237058 7.41021e-05 0.00924568
0.0256477 0.00235438 0.025707 0.00218477 0.00029635 0.349788
0.0283644 -0.00542305 0.0292206 -0.00568115 0.000258091 0.659402
0.0260859 0.00110009 0.0283644 -0.00542305 0.000300378 0.129134
0.0290883 -0.00593867 0.0311641 -0.00675996 0.000126274 0.139304
0.0287646 -0.00656861 0.0290883 -0.00593867 3.5933e-05 0.0166161
