# time=500000
x1 y1 x2 y2 aperture velocity
0.0443843 -0.00631477 0.05 -0.010437 5.80351e-05 0.0295274
0.0440694 -0.0250904 0.05 -0.0303778 0.000163439 0.400399
-0.05 0.000316541 -0.04286 -0.00160796 2.22582e-05 0.00358057
-0.05 -0.0312056 -0.04959 -0.0314953 0.000324648 0.372133
0.0474957 0.00801726 0.05 0.0066314 0.000125171 0.245127
0.0458809 0.000579001 0.05 -0.00302134 0.000213117 0.476738
-0.05 0.0299759 -0.0423835 0.0272751 0.000129222 0.120299
-0.05 -0.0125039 -0.0419318 -0.0146018 4.557e-05 0.0138609
0.0450408 -0.0429945 0.05 -0.0416201 9.96502e-05 0.240188
0.0477065 0.0302897 0.05 0.0347524 3.30427e-05 0.0125428
-0.05 -0.043985 -0.0489825 -0.0437807 0.000111127 0.0419478
-0.05 0.0229315 -0.0399407 0.0178426 3.11145e-05 0.00655416
-0.05 0.0272741 -0.046455 0.0239504 0.000136454 0.103049
-0.05 -0.00702845 -0.0488496 -0.00688577 9.45347e-05 0.0654124
0.0497351 -0.0141077 0.05 -0.014426 2.93076e-05 0.00763004
0.0490599 0.0294953 0.05 0.0313998 7.55672e-05 0.0815881
-0.05 0.025353 -0.046455 0.0239504 0.000116552 0.0958304
-0.05 0.0444191 -0.0461801 0.0430894 0.000229233 0.411974
-0.05 0.0366396 -0.0228218 0.0300215 0.000116926 0.107971
-0.05 0.0132453 -0.0320246 0.00808241 6.46759e-05 0.0302558
-0.05 0.00378124 -0.039767 0.00115824 2.26532e-05 0.00372866
0.0487448 0.0137711 0.05 0.0195529 7.57277e-05 0.0385863
-0.05 -0.0286948 -0.0496576 -0.0281995 4.88291e-05 0.00825902
-0.05 -0.0319792 -0.04959 -0.0314953 0.000237898 0.158198
-0.05 0.0181997 -0.0357353 0.0138996 0.000334245 0.811662
-0.05 -0.027879 -0.0496576 -0.0281995 0.000102413 0.0466381
-0.05 -0.00799343 -0.0488104 -0.00692954 0.00017145 0.161619
-0.05 -0.00560268 -0.0488496 -0.00688577 4.70573e-05 0.0109026
0.0487448 0.0137711 0.05 0.0125904 7.61487e-05 0.133959
-0.05 -0.0440359 -0.0489825 -0.0437807 9.49983e-05 0.0303276
-0.05 -0.0299924 -0.048906 -0.0306882 0.000110577 0.0574135
-0.05 0.0415005 -0.0461801 0.0430894 3.30736e-05 0.00838476
0.0453562 -0.0476437 0.05 -0.044689 8.515e-05 0.162971
-0.05 -0.00877678 -0.0433793 -0.0129873 2.93384e-05 0.00499322
-0.05 0.0282563 -0.0448113 0.0233 9.3618e-05 0.0481602
-0.05 0.0205776 -0.0374354 0.0154937 8.4088e-05 0.0497477
0.0490599 0.0294953 0.05 0.0289434 3.76446e-05 0.0394494
0.0429283 0.0469867 0.05 0.046622 3.09266e-05 0.0251936
-0.05 0.0460933 -0.0454404 0.043397 0.000353743 0.893322
-0.0228246 0.0430204 -0.0224412 0.042739 7.78226e-05 0.0202698
-0.0224412 0.042739 -0.0228816 0.0437668 0.000149555 0.0305299
0.0101839 0.0187903 0.0232593 0.00919225 5.26454e-05 0.013627
0.0205138 0.0170522 0.0232593 0.00919225 0.000344255 0.694224
0.0348415 0.000690202 0.0369482 -0.000856241 5.70486e-05 0.031248
0.0369482 -0.000856241 0.0394415 -0.00174035 0.000147749 0.213414
0.0369482 -0.000856241 0.0414656 -0.00417222 5.79679e-05 0.028278
0.0394415 -0.00174035 0.0414656 -0.00417222 2.94428e-05 0.00583421
0.0414656 -0.00417222 0.0443843 -0.00631477 5.74542e-05 0.0286487
0.0441494 -0.00739678 0.0443843 -0.00631477 8.79702e-05 0.0128743
-0.0221296 0.0339296 -0.0165246 0.0289324 0.000269822 0.333048
-0.0184557 0.0334386 -0.0165246 0.0289324 0.000151265 0.0236477
0.0438103 -0.0248594 0.0439864 -0.0250164 0.000164556 0.39364
0.0439864 -0.0250164 0.0441792 -0.0250683 2.50457e-05 0.0120498
0.0439864 -0.0250164 0.0440694 -0.0250904 0.000164135 0.394766
0.0440694 -0.0250904 0.0441792 -0.0250683 0.000123107 0.298554
0.0017112 -0.0136216 -0.000285636 -0.00896189 0.000109264 0.00758043
0.0017112 -0.0136216 0.0051786 -0.0145562 2.31485e-05 0.00346658
0.00787526 -0.0280057 0.00765677 -0.0274958 0.000115731 0.000744707
0.00722648 -0.0282365 0.00787526 -0.0280057 0.000307625 0.702152
0.0111578 -0.0356656 0.0123643 -0.038481 0.000104591 0.0022115
0.00850765 -0.0459855 0.0123643 -0.038481 3.30298e-05 0.000335795
0.0123643 -0.038481 0.0138245 -0.0418884 0.000104586 0.00201067
0.011015 -0.0475801 0.0138245 -0.0418884 7.20998e-05 0.000337815
-0.0189195 -0.00806083 -0.00964767 -0.0105599 2.26176e-05 0.00268091
-0.0189195 -0.00806083 -0.0192217 -0.00410808 7.51611e-05 0.00969594
-0.0313376 -0.00471369 -0.0277213 -0.00568841 2.30349e-05 0.00363324
-0.0313376 -0.00471369 -0.0263736 -0.00409799 9.7042e-05 0.0671169
-0.0330937 -0.00424034 -0.0313376 -0.00471369 2.32776e-05 0.00366013
-0.0330937 -0.00424034 -0.0309279 -0.00110746 5.08336e-05 0.0114043
-0.04286 -0.00160796 -0.0330937 -0.00424034 2.27155e-05 0.0034015
-0.04286 -0.00160796 -0.039767 0.00115824 0.000169325 0.161077
0.0331156 -0.0190251 0.0325395 -0.0173759 0.000291681 0.272028
0.0330102 -0.0190626 0.0331156 -0.0190251 0.00030554 0.762944
0.0383635 -0.0340489 0.0389133 -0.0356231 0.000275327 0.055415
0.0389133 -0.0356231 0.0446417 -0.0371126 4.87255e-05 0.055382
0.0389133 -0.0356231 0.0418017 -0.0438922 0.000275796 0.0536051
0.0369058 -0.045249 0.0418017 -0.0438922 9.97271e-05 0.243171
-0.0359186 -0.0411567 -0.0355098 -0.0414455 0.000272924 0.195404
-0.0359186 -0.0411567 -0.035836 -0.0411401 0.000114429 0.068532
-0.04959 -0.0314953 -0.0366005 -0.0406747 0.000274776 0.212791
-0.04959 -0.0314953 -0.048906 -0.0306882 0.000290497 0.34416
0.0331156 -0.0190251 0.0355687 -0.0181523 0.000305254 0.384156
0.0355687 -0.0181523 0.0365775 -0.0184109 2.55769e-05 0.00718951
0.0360825 -0.0179695 0.0409692 -0.0162308 0.000304921 0.172518
0.0409692 -0.0162308 0.0421297 -0.0167004 9.39656e-05 0.18331
0.0409692 -0.0162308 0.0423373 -0.015744 0.000304835 0.1158
0.0423373 -0.015744 0.0421297 -0.0167004 8.08352e-05 0.161459
0.0179605 0.0243618 0.0198986 0.0232893 0.000129662 0.0741108
0.017648 0.0252564 0.0198986 0.0232893 0.000223839 0.173122
0.0372793 0.0136709 0.0387482 0.0128581 0.000127167 0.261474
0.0387482 0.0128581 0.0366047 0.00868707 3.96146e-05 0.00416123
0.0387482 0.0128581 0.0403972 0.0119455 0.000126206 0.263607
0.0403972 0.0119455 0.0381305 0.00735337 9.01322e-05 0.0071356
0.0403972 0.0119455 0.0474957 0.00801726 0.000126486 0.256785
0.0468369 0.00498253 0.0474957 0.00801726 9.29221e-05 0.00454672
-0.0179426 -0.0208395 -0.0189195 -0.00806083 7.72349e-05 0.00931959
-0.0179426 -0.0208395 0.00340241 -0.0263896 4.71473e-05 0.0118303
-0.0162276 -0.043272 -0.0166847 -0.0372934 7.70713e-05 0.00541581
0.0257193 0.0182016 0.0259861 0.0179684 0.000213424 0.185588
0.0259861 0.0179684 0.031091 0.0161914 0.000245914 0.291701
0.0259861 0.0179684 0.0303184 0.0141817 0.000226997 0.261617
0.031091 0.0161914 0.0303184 0.0141817 8.03224e-05 0.00942051
0.0303184 0.0141817 0.0333401 0.0115405 0.00022494 0.264211
0.0333401 0.0115405 0.0372793 0.0136709 0.000534497 0.581439
0.0381305 0.00735337 0.0415878 0.00433147 0.000219942 0.553524
0.0415878 0.00433147 0.0468369 0.00498253 0.000129938 0.228352
0.0415878 0.00433147 0.0458809 0.000579001 0.000213793 0.485299
0.0458809 0.000579001 0.0449531 -0.0036948 8.54862e-05 0.00249862
0.0121161 0.00794934 0.0180793 0.00583476 0.000135424 0.112355
0.0116303 0.00964834 0.0121161 0.00794934 2.36646e-05 0.00232932
-0.0423835 0.0272751 -0.0210423 0.0197074 0.000164575 0.210482
-0.05 0.0357977 -0.0423835 0.0272751 0.000324793 0.537259
-0.0405122 -0.0149709 -0.0400859 -0.0150818 4.57708e-05 0.0141475
-0.0405122 -0.0149709 -0.0404352 -0.0148596 4.97762e-05 0.0100929
-0.0419318 -0.0146018 -0.0405122 -0.0149709 4.64514e-05 0.0146043
-0.0419318 -0.0146018 -0.0409862 -0.0156566 4.70573e-05 0.0102422
0.0418017 -0.0438922 0.0450408 -0.0429945 9.98489e-05 0.390939
0.0450408 -0.0429945 0.0453562 -0.0476437 0.000438547 0.0316431
0.0397398 0.0147875 0.0390393 0.0134246 3.69157e-05 0.0161327
0.0397398 0.0147875 0.041579 0.0143397 0.00012664 0.313024
0.0398921 0.015084 0.0423221 0.0198124 3.40972e-05 0.00199919
0.0350957 0.0266099 0.0423221 0.0198124 7.88578e-05 0.0168849
0.0423221 0.0198124 0.0477065 0.0302897 3.69517e-05 0.0190367
0.0385714 0.0356521 0.0477065 0.0302897 3.569e-05 0.0186757
-0.0489825 -0.0437807 -0.0359186 -0.0411567 0.00010987 0.041108
-0.0489825 -0.0437807 -0.0366005 -0.0406747 9.64339e-05 0.0313797
-0.0399407 0.0178426 -0.0381487 0.0169361 3.17218e-05 0.00684004
-0.0399407 0.0178426 -0.0374354 0.0154937 0.000135193 0.101342
-0.046455 0.0239504 -0.0399407 0.0178426 0.000135316 0.101347
-0.046455 0.0239504 -0.0448113 0.0233 0.000117547 0.0979761
-0.0487472 -0.00687306 -0.0336164 -0.00499634 9.79508e-05 0.0672658
-0.0487472 -0.00687306 -0.04286 -0.00160796 0.000169539 0.160859
-0.0488496 -0.00688577 -0.0487472 -0.00687306 9.42593e-05 0.0652377
-0.0488496 -0.00688577 -0.0488104 -0.00692954 4.8042e-05 0.0113968
0.0441494 -0.00739678 0.0472434 -0.0111141 3.16683e-05 0.00694163
0.0472434 -0.0111141 0.05 -0.011945 0.00030035 0.92223
0.0472434 -0.0111141 0.0477308 -0.0116996 3.48346e-05 0.00846383
0.0477308 -0.0116996 0.05 -0.0130415 0.000267644 0.655465
0.0477308 -0.0116996 0.0497351 -0.0141077 2.88698e-05 0.00543887
0.0497351 -0.0141077 0.05 -0.0142125 0.000127319 0.209295
0.0426945 0.0165995 0.0436595 0.0185545 7.60208e-05 0.0302877
0.0423221 0.0198124 0.0436595 0.0185545 7.26147e-05 0.00958807
0.0436595 0.0185545 0.0490599 0.0294953 7.57149e-05 0.0884226
0.0477065 0.0302897 0.0490599 0.0294953 3.8015e-05 0.0251356
0.0243782 0.0185281 0.0259861 0.0179684 0.000256411 0.356889
0.0243782 0.0185281 0.0257193 0.0182016 0.000143624 0.116536
-0.0461801 0.0430894 -0.0431173 0.0420233 0.000229129 0.411365
-0.0461801 0.0430894 -0.0454404 0.043397 3.92253e-05 0.0117179
0.0160235 -0.00571791 0.0147674 -0.00132426 2.13905e-05 0.000302965
0.0160235 -0.00571791 0.0220085 -0.00743691 6.79966e-05 0.00794118
0.018314 -0.0137295 0.0176116 -0.0112726 2.17605e-05 0.0031342
0.018314 -0.0137295 0.0194753 -0.0140272 2.30535e-05 0.00278919
0.0188582 -0.0156327 0.018314 -0.0137295 2.22949e-05 0.00224496
0.0188582 -0.0156327 0.0194753 -0.0140272 7.13911e-05 0.0451327
0.0233188 -0.0312346 0.0227844 -0.0293656 2.27148e-05 0.00198594
0.0233188 -0.0312346 0.0237512 -0.0316807 0.000259747 0.0895233
0.0273164 -0.0452172 0.0274652 -0.0457378 2.19072e-05 0.000408182
0.0274652 -0.0457378 0.0291917 -0.0473869 9.46831e-05 0.0181989
0.0274652 -0.0457378 0.0280288 -0.0477092 2.1705e-05 0.00110562
0.0106464 0.0218719 0.0173765 0.0202331 0.000130837 0.0696751
0.0106464 0.0218719 0.0108513 0.0232368 9.63254e-05 0.019212
-0.0228218 0.0300215 -0.021812 0.0297757 0.000131999 0.149757
-0.0228218 0.0300215 -0.0217839 0.0294078 0.000270231 0.503318
-0.0228853 0.00545744 -0.0198871 0.00459629 8.24663e-05 0.0546855
-0.024861 0.00766809 -0.0228853 0.00545744 0.000316 0.414674
-0.0275275 0.00679075 -0.0258088 0.00629711 8.26147e-05 0.0467652
-0.0275275 0.00679075 -0.0262868 0.00560566 0.000104912 0.0513844
-0.0320246 0.00808241 -0.0284296 0.00704984 6.7796e-05 0.0303256
-0.0320246 0.00808241 -0.0307483 0.00922386 0.00016851 0.161276
-0.0128852 -0.00573227 -0.000285636 -0.00896189 2.40983e-05 0.0040251
-0.015546 -0.00275501 -0.0128852 -0.00573227 0.000278223 0.1872
-0.0192217 -0.00410808 -0.0155158 -0.00505798 2.32374e-05 0.00280212
-0.0192217 -0.00410808 -0.0192896 -0.00321934 7.58016e-05 0.0100842
-0.0215804 -0.00350347 -0.0192217 -0.00410808 2.74868e-05 0.00366549
-0.0215804 -0.00350347 -0.0192896 -0.00321934 0.000114227 0.0756173
-0.0309279 -0.00110746 -0.0251044 -0.00260018 2.32154e-05 0.00365996
-0.0309279 -0.00110746 -0.0265237 0.00526295 5.02198e-05 0.0115025
-0.039767 0.00115824 -0.0309279 -0.00110746 2.32517e-05 0.00356526
-0.039767 0.00115824 -0.0320246 0.00808241 0.000169172 0.161231
0.0487448 0.0137711 0.0485023 0.0126538 7.6119e-05 0.0228348
0.0446268 0.0176446 0.0487448 0.0137711 7.62292e-05 0.194952
-0.0496576 -0.0281995 -0.0409862 -0.0156566 4.94991e-05 0.00965857
-0.0496576 -0.0281995 -0.0480626 -0.0296929 0.000102188 0.0460088
-0.0141226 0.00738455 -0.00627716 0.00501956 0.000333081 0.959131
-0.0141226 0.00738455 -0.0120106 0.00520616 0.000278317 0.235607
-0.0346169 0.0135625 -0.0284738 0.0117107 0.000319178 0.754292
-0.0346169 0.0135625 -0.0304004 0.00953495 0.000128289 0.0873429
-0.0357353 0.0138996 -0.0346169 0.0135625 0.000322057 0.767701
-0.0357353 0.0138996 -0.0307483 0.00922386 0.000191086 0.196198
0.0119722 -0.0335468 0.0127054 -0.0316394 6.97541e-05 0.0362016
0.0104497 -0.0318432 0.0119722 -0.0335468 0.000261035 0.0230977
0.00744961 -0.0453126 0.0111578 -0.0356656 6.5045e-05 0.00153015
0.00744961 -0.0453126 0.00850765 -0.0459855 2.93384e-05 0.00120823
-0.0488104 -0.00692954 -0.0487472 -0.00687306 0.00017127 0.161799
-0.0488104 -0.00692954 -0.0433793 -0.0129873 4.94459e-05 0.0110409
0.0119722 -0.0335468 0.0138311 -0.0356268 0.000257339 0.0153042
0.0123643 -0.038481 0.0138311 -0.0356268 3.30302e-05 0.000971974
0.0138311 -0.0356268 0.0158179 -0.0378499 0.000256226 0.0141335
0.0138245 -0.0418884 0.0158179 -0.0378499 7.21006e-05 0.00325441
-0.0154677 0.00877195 -0.0141226 0.00738455 0.00037333 0.541132
-0.0154677 0.00877195 -0.0136158 0.0109574 0.000241145 0.324182
-0.0200574 0.0135061 -0.0154677 0.00877195 0.000313703 0.155935
-0.0200574 0.0135061 -0.0136158 0.0109574 0.000132541 0.0669831
-0.020612 0.0140781 -0.0205055 0.0139682 0.000308765 0.0602454
-0.0209133 0.0180196 -0.020612 0.0140781 8.48675e-05 0.0537053
0.0438103 -0.0248594 0.0438179 -0.0249709 0.00046611 0.00429552
0.0429468 -0.0240894 0.0438103 -0.0248594 0.000164376 0.374424
0.0434931 -0.0201836 0.0435198 -0.020577 0.000467845 0.000709672
0.0434931 -0.0201836 0.044282 -0.0203858 2.26532e-05 0.00867066
-0.0336307 -0.0427735 -0.0312417 -0.0419235 0.000311777 0.561308
-0.0332804 -0.0406268 -0.0312417 -0.0419235 0.000112696 0.0386381
-0.0332804 -0.0406268 -0.0208395 -0.0381279 0.000120244 0.0837387
-0.048906 -0.0306882 -0.0429602 -0.03447 0.000143861 0.0603505
-0.048906 -0.0306882 -0.0480626 -0.0296929 0.000282938 0.345107
0.00695375 -0.00272968 0.00723125 -0.00257961 0.000503244 0.0767978
0.00699088 -0.00248235 0.00695375 -0.00272968 0.000105891 0.150558
0.00649095 -0.00297997 0.00695375 -0.00272968 0.000491859 0.0250275
0.00689861 -0.00309706 0.00649095 -0.00297997 7.50022e-05 0.054974
0.00116224 -0.0413141 0.00744961 -0.0453126 3.02053e-05 0.00446862
0.00116224 -0.0413141 0.00233931 -0.0334722 8.34066e-05 0.000639056
-0.00984838 -0.0343117 -0.00792624 -0.0355342 3.27809e-05 0.00391843
-0.0167256 -0.0367587 -0.00984838 -0.0343117 0.000309335 0.575852
-0.0172736 -0.0295896 -0.0102404 -0.0340624 3.16715e-05 0.00416834
-0.0172736 -0.0295896 -0.0179426 -0.0208395 7.86172e-05 0.00758344
-0.0400859 -0.0150818 -0.0372237 -0.016902 2.94553e-05 0.00507767
-0.0400859 -0.0150818 -0.0364765 -0.0160203 4.58795e-05 0.0142438
-0.0404352 -0.0148596 -0.0400859 -0.0150818 2.98397e-05 0.00521184
-0.0404352 -0.0148596 -0.0336164 -0.00499634 4.9651e-05 0.0102832
-0.0433793 -0.0129873 -0.0404352 -0.0148596 3.02631e-05 0.00540927
-0.0433793 -0.0129873 -0.0419318 -0.0146018 4.83748e-05 0.0109297
-0.0360532 0.0149344 -0.0346169 0.0135625 9.48722e-05 0.0497059
-0.0360532 0.0149344 -0.0286934 0.0119564 8.58458e-05 0.0527305
-0.0381487 0.0169361 -0.0360532 0.0149344 9.54961e-05 0.0502492
-0.0381487 0.0169361 -0.0290135 0.0123146 3.16787e-05 0.00689318
-0.0448113 0.0233 -0.0381487 0.0169361 9.56471e-05 0.0501844
-0.0448113 0.0233 -0.0355598 0.0196396 0.000116298 0.0965233
-0.0374354 0.0154937 -0.0360532 0.0149344 8.55668e-05 0.0519337
-0.0374354 0.0154937 -0.0357353 0.0138996 0.000134414 0.0999906
0.0173765 0.0202331 0.0205138 0.0170522 0.000642039 0.424873
0.0205138 0.0170522 0.019591 0.0196938 0.00034307 0.0985055
-0.0103577 0.0497353 -0.00309095 0.0493605 3.09266e-05 0.000387173
0.0180047 0.0482723 0.0429283 0.0469867 3.09266e-05 0.00618855
-0.0431173 0.0420233 -0.0228218 0.0300215 0.000274169 0.522143
-0.0431173 0.0420233 -0.0235794 0.0352221 0.00031443 0.843647
-0.0454404 0.043397 -0.0431173 0.0420233 0.000352871 0.890318
-0.0454404 0.043397 -0.0367862 0.0469967 4.84214e-05 0.0474623
-0.0313319 0.0492653 -0.0228246 0.0430204 4.92662e-05 0.00431645
-0.0228246 0.0430204 -0.0228816 0.0437668 0.000101571 0.0429739
-0.0228816 0.0437668 -0.0246774 0.0479573 0.000149077 0.0385901
-0.0228816 0.0437668 -0.0231368 0.0471047 9.59256e-05 0.0331288
0.00367248 0.0235701 0.00870661 0.0198747 5.66305e-05 0.0145344
0.00794775 0.022529 0.00870661 0.0198747 2.36048e-05 0.00133096
0.00870661 0.0198747 0.0101839 0.0187903 5.48248e-05 0.0149688
0.0106464 0.0218719 0.0101839 0.0187903 9.32024e-05 0.00509723
0.0315732 0.00308933 0.0331377 0.0019409 5.81758e-05 0.0305054
0.0331377 0.0019409 0.0325092 0.000717867 3.42317e-05 3.31515e-05
0.0331377 0.0019409 0.0348415 0.000690202 5.77327e-05 0.0306076
0.0345057 9.88431e-06 0.0348415 0.000690202 8.35648e-05 0.000428208
0.0394415 -0.00174035 0.0449531 -0.0036948 0.000147241 0.214464
0.0358009 0.00263369 0.0394415 -0.00174035 2.90024e-05 0.00751614
0.0437291 -0.00933319 0.0441494 -0.00739678 9.22703e-05 0.0128685
0.0414656 -0.00417222 0.0441494 -0.00739678 2.86031e-05 0.00576874
-0.0235794 0.0352221 -0.0221296 0.0339296 0.000279806 0.339633
-0.0221296 0.0339296 -0.0221915 0.034739 0.000144369 0.0476816
-0.0184557 0.0334386 -0.0224412 0.042739 0.00015117 0.0253337
-0.0184557 0.0334386 -0.00925826 0.030237 0.000291608 0.569493
0.0441792 -0.0250683 0.0456829 -0.0254736 2.51189e-05 0.0118853
0.0441792 -0.0250683 0.0446821 -0.0249673 0.000123121 0.298547
-0.0140892 0.0232492 -0.0110535 0.0161654 0.000126276 0.0471939
-0.0110535 0.0161654 -0.00963023 0.0156607 0.000142316 0.148612
-0.00416004 7.91886e-05 -0.00517119 0.00243874 0.000116872 0.0173978
-0.00416004 7.91886e-05 -0.00070239 -0.000913913 7.67263e-05 0.0707725
-0.000285636 -0.00896189 -0.00187863 -0.00524458 0.000107677 0.00781458
-0.000285636 -0.00896189 0.00239031 -0.00964781 2.33764e-05 0.00358547
0.0282205 -0.0207668 0.034296 -0.0224044 2.43103e-05 0.00448323
0.0234044 -0.0224804 0.0282205 -0.0207668 0.000305759 0.763047
0.0196669 -0.0184613 0.0222895 -0.0191682 2.28282e-05 0.0024164
0.0196669 -0.0184613 0.0188582 -0.0156327 2.33111e-05 0.00268317
0.00784604 -0.0152752 0.0179489 -0.0179983 2.37754e-05 0.00400714
0.00784604 -0.0152752 0.0158301 -0.0235104 0.00026579 0.150052
0.0051786 -0.0145562 0.00784604 -0.0152752 2.3308e-05 0.00323512
0.0051786 -0.0145562 0.00544276 -0.0127963 8.96856e-05 0.0415214
0.00765677 -0.0274958 0.00716424 -0.0263465 0.000114544 0.000971084
0.00765677 -0.0274958 0.00861096 -0.0277439 5.00845e-05 0.0148554
-0.00984838 -0.0343117 -0.00653594 -0.0331332 0.000308997 0.576737
-0.00653594 -0.0331332 0.00273943 -0.0308065 0.000108227 0.0702751
0.0028938 -0.0297781 0.00722648 -0.0282365 0.000309007 0.581715
0.00623387 -0.0271258 0.00722648 -0.0282365 0.000277279 0.18935
0.00866303 -0.0298439 0.00846053 -0.0293714 0.000116961 0.0251869
0.00828097 -0.0294164 0.00866303 -0.0298439 0.000274965 0.0524423
0.00959347 -0.0320152 0.0111578 -0.0356656 0.000114243 0.00495456
0.0111578 -0.0356656 0.0119722 -0.0335468 7.03301e-05 0.00617446
0.00850765 -0.0459855 0.011015 -0.0475801 2.93384e-05 0.000830186
-0.0092509 -0.0106669 -0.00822913 -0.0109423 2.70795e-05 0.00464469
-0.0092509 -0.0106669 -0.00395127 -0.015729 0.000107928 0.0356522
-0.00964767 -0.0105599 -0.0092509 -0.0106669 2.59867e-05 0.00310552
-0.00964767 -0.0105599 -0.00300402 -0.016789 0.000154107 0.0725908
-0.0277213 -0.00568841 -0.0189195 -0.00806083 2.46063e-05 0.00282838
-0.0277213 -0.00568841 -0.0263736 -0.00409799 0.000273362 0.358632
-0.0263736 -0.00409799 -0.0215804 -0.00350347 0.000114776 0.0751945
-0.0263736 -0.00409799 -0.0251044 -0.00260018 0.000268798 0.356844
0.0241711 0.00658176 0.0253302 0.00326358 0.0003032 0.419493
0.0253302 0.00326358 0.0260267 0.00301657 0.000149709 0.180067
0.0298551 -0.00969057 0.0297981 -0.00952739 0.00029217 0.29411
0.0298551 -0.00969057 0.0428417 -0.0134206 7.19821e-05 0.035063
0.0325395 -0.0173759 0.0312384 -0.0136508 0.000291562 0.272301
0.0325395 -0.0173759 0.0355687 -0.0181523 2.3585e-05 0.000915917
0.0282205 -0.0207668 0.0330102 -0.0190626 0.000305594 0.763356
0.0330102 -0.0190626 0.0331542 -0.0191354 3.51863e-05 0.00829171
0.0358135 -0.0267486 0.0383635 -0.0340489 0.00027567 0.0529113
0.0380694 -0.0354037 0.0383635 -0.0340489 7.73506e-05 0.0569769
0.0446417 -0.0371126 0.05 -0.0385058 4.72808e-05 0.0502258
0.0450408 -0.0429945 0.0446417 -0.0371126 0.000429006 0.00285095
0.0358697 -0.0455362 0.0369058 -0.045249 9.68304e-05 0.0533792
-0.0355098 -0.0414455 -0.0336307 -0.0427735 0.000272983 0.194239
-0.0355098 -0.0414455 -0.0339645 -0.0428923 0.000104303 0.0246544
-0.035836 -0.0411401 -0.0332804 -0.0406268 0.000114186 0.0708408
-0.035836 -0.0411401 -0.0355098 -0.0414455 0.000105077 0.0215559
-0.0366005 -0.0406747 -0.0359186 -0.0411567 0.000273968 0.206798
-0.0366005 -0.0406747 -0.0363896 -0.0406218 9.95202e-05 0.0486329
0.0414853 -0.0196689 0.0434931 -0.0201836 2.50571e-05 0.0210892
0.0414853 -0.0196689 0.0411596 -0.021169 7.77958e-05 0.0710387
0.0365775 -0.0184109 0.0414853 -0.0196689 2.50529e-05 0.00792068
0.0360825 -0.0179695 0.0365775 -0.0184109 0.000163872 0.372316
0.0355687 -0.0181523 0.0360825 -0.0179695 0.00030507 0.383856
0.0360825 -0.0179695 0.0312384 -0.0136508 0.000162825 0.0214123
0.0421297 -0.0167004 0.0485758 -0.0193087 9.49464e-05 0.257197
0.0421297 -0.0167004 0.0414853 -0.0196689 7.79798e-05 0.0751029
0.00770911 0.0300349 0.0115525 0.027908 0.000133474 0.0209282
0.0119076 0.030274 0.0115525 0.027908 9.02866e-05 0.000140431
0.0175072 0.0246126 0.0179605 0.0243618 0.000122888 0.0280868
0.017648 0.0252564 0.0179605 0.0243618 0.000316285 0.0591146
-0.00126987 0.0417919 0.00223883 0.0387251 0.00019474 0.00950904
0.00223883 0.0387251 0.00309769 0.0394932 0.000161944 0.0654788
0.00367658 0.0374684 0.00664838 0.0348709 0.000257684 0.280563
0.00664838 0.0348709 0.00781914 0.0362525 0.000345836 0.074461
0.0119076 0.030274 0.015165 0.0274268 0.000246958 0.0931473
0.0120432 0.0311774 0.015165 0.0274268 2.64198e-05 0.000977971
0.015165 0.0274268 0.017648 0.0252564 0.000241465 0.095183
0.0131062 0.0382591 0.017648 0.0252564 0.000327536 0.105226
0.0317427 0.0167348 0.0354949 0.0146584 0.000131886 0.0864858
0.0354949 0.0146584 0.0376915 0.0138938 0.000246773 0.297854
0.0354949 0.0146584 0.0372793 0.0136709 0.000121768 0.0762436
0.0372793 0.0136709 0.0376915 0.0138938 0.000532492 0.53862
0.0366047 0.00868707 0.0343745 0.00434743 3.90498e-05 0.00237519
0.0333401 0.0115405 0.0366047 0.00868707 0.00022165 0.551711
0.0381305 0.00735337 0.0363161 0.00367761 9.50398e-05 0.013241
0.0366047 0.00868707 0.0381305 0.00735337 0.000220098 0.555929
0.0458809 0.000579001 0.0468369 0.00498253 9.25834e-05 0.0209389
0.0468369 0.00498253 0.05 0.00537486 0.000128902 0.241949
0.00340241 -0.0263896 0.00623387 -0.0271258 5.14829e-05 0.0137812
0.00340241 -0.0263896 0.00371497 -0.0243073 9.11675e-05 0.0233159
-0.0166847 -0.0372934 -0.0167256 -0.0367587 8.37365e-05 0.00884959
-0.0166847 -0.0372934 -0.00792624 -0.0355342 0.000124564 0.0919058
0.0198986 0.0232893 0.0257193 0.0182016 0.00022107 0.176863
0.0257193 0.0182016 0.0313377 0.0168335 0.000151388 0.10719
0.031091 0.0161914 0.0354949 0.0146584 0.000244652 0.291762
0.0313377 0.0168335 0.031091 0.0161914 8.38548e-05 0.00481351
0.0443843 -0.00631477 0.0449531 -0.0036948 8.22264e-05 0.012951
0.0449531 -0.0036948 0.05 -0.00548444 0.000146521 0.224244
0.0180793 0.00583476 0.0209244 0.00482588 0.000138431 0.111913
0.0180793 0.00583476 0.0203295 0.00450413 0.000264142 0.434124
0.00978205 0.0161131 0.0116303 0.00964834 2.17908e-05 0.00160661
0.0116303 0.00964834 0.0180793 0.00583476 0.000265319 0.433239
-0.0195985 0.0191954 -0.0174246 0.0184246 0.000140797 0.14872
-0.0195985 0.0191954 -0.0143597 0.0238806 0.000202486 0.243383
-0.0210423 0.0197074 -0.0195985 0.0191954 0.000162148 0.208413
-0.0217839 0.0294078 -0.0210423 0.0197074 7.59463e-05 0.00295298
-0.0409862 -0.0156566 -0.0385093 -0.0184192 4.74239e-05 0.0103012
-0.0409862 -0.0156566 -0.0405122 -0.0149709 4.88291e-05 0.00965695
0.0390393 0.0134246 0.0387482 0.0128581 4.40943e-05 0.00414561
0.0390393 0.0134246 0.0408212 0.0128043 0.000259972 1.17333
0.041579 0.0143397 0.0485023 0.0126538 0.000126008 0.340666
0.041579 0.0143397 0.0408212 0.0128043 7.92341e-05 0.0511527
0.0398921 0.015084 0.0397398 0.0147875 3.49218e-05 0.0193593
0.0398921 0.015084 0.0426945 0.0165995 0.000439621 0.0639551
0.00945447 0.0487133 0.0117214 0.0485964 3.09266e-05 0.000150785
0.0124794 0.0478835 0.0142945 0.0461761 7.219e-05 0.00447997
0.0146352 0.0484461 0.0142945 0.0461761 8.30702e-05 0.001886
0.0142945 0.0461761 0.0153706 0.0451639 7.21899e-05 0.00419711
0.0153706 0.0451639 0.0176949 0.0479067 0.000219052 0.00181242
0.0153706 0.0451639 0.0350957 0.0266099 7.22236e-05 0.0191332
0.0350957 0.0266099 0.0385714 0.0356521 6.46624e-05 0.0154797
0.0148086 0.049601 0.0169823 0.0483251 3.56763e-05 0.000848411
0.0146352 0.0484461 0.0169823 0.0483251 3.09266e-05 0.000564309
0.0169823 0.0483251 0.0176949 0.0479067 3.56763e-05 0.000872429
0.0176949 0.0479067 0.0180047 0.0482723 0.000219052 0.000797964
0.0176949 0.0479067 0.0385714 0.0356521 3.56763e-05 0.00710117
0.0385714 0.0356521 0.0429283 0.0469867 6.4639e-05 0.00909303
-0.0336164 -0.00499634 -0.0313376 -0.00471369 9.72302e-05 0.0669715
-0.0336164 -0.00499634 -0.0330937 -0.00424034 5.13818e-05 0.011437
0.0426945 0.0165995 0.041579 0.0143397 7.629e-05 0.0951145
0.0426945 0.0165995 0.0446268 0.0176446 0.000439147 0.0422575
0.014069 0.00111839 0.0141243 0.000925088 3.09843e-05 0.00239846
0.0141243 0.000925088 0.0147961 0.00100841 0.000129763 0.0438844
0.0144284 -0.000138394 0.0147674 -0.00132426 2.87822e-05 0.00206706
0.0147674 -0.00132426 0.0187637 -0.00252893 0.000240875 0.178922
0.0220085 -0.00743691 0.0253428 -0.00839457 6.64917e-05 0.0128919
0.0220085 -0.00743691 0.0225854 -0.0059362 6.64103e-05 0.0228805
0.0161591 -0.00619204 0.0160235 -0.00571791 2.33643e-05 0.00216532
0.0161591 -0.00619204 0.0216353 -0.00840786 8.8068e-05 0.0080034
0.0176116 -0.0112726 0.0161591 -0.00619204 2.14531e-05 0.00325115
0.0176116 -0.0112726 0.0200584 -0.0125104 3.14099e-05 0.00143251
0.0194753 -0.0140272 0.0242964 -0.0152629 2.38352e-05 0.00234213
0.0194753 -0.0140272 0.0200584 -0.0125104 7.11032e-05 0.0454347
0.0207342 -0.0221945 0.0196669 -0.0184613 2.33304e-05 0.0021451
0.0199569 -0.023707 0.0207342 -0.0221945 3.68783e-05 0.0106256
0.0217653 -0.025801 0.0210549 -0.0233163 2.34734e-05 0.00116304
0.0216341 -0.0260669 0.0217653 -0.025801 8.14973e-05 0.0463086
0.0218274 -0.0260184 0.0217653 -0.025801 2.39487e-05 0.000784184
0.0218274 -0.0260184 0.0344522 -0.0228515 0.000106244 0.100849
0.0227844 -0.0293656 0.0218274 -0.0260184 2.32061e-05 0.00128148
0.0227844 -0.0293656 0.0358135 -0.0267486 0.000123978 0.149979
0.0237512 -0.0316807 0.0361102 -0.0444284 0.000258248 0.088537
0.0237512 -0.0316807 0.0380694 -0.0354037 4.91081e-05 0.0209487
0.0234218 -0.031595 0.0233188 -0.0312346 2.28948e-05 0.00149461
0.0234218 -0.031595 0.0237512 -0.0316807 4.86348e-05 0.013157
0.0273164 -0.0452172 0.0234218 -0.031595 2.16642e-05 0.00116556
0.0273164 -0.0452172 0.0295304 -0.047293 0.000138338 0.0379006
0.0280288 -0.0477092 0.0291917 -0.0473869 9.40325e-05 0.000255204
0.0173765 0.0202331 0.019591 0.0196938 0.000151448 0.0699181
0.0162766 0.0213483 0.0173765 0.0202331 0.000647868 0.423323
0.0108513 0.0232368 0.0113219 0.0263719 9.30385e-05 0.0473905
0.0108513 0.0232368 0.0162766 0.0213483 0.00021429 0.189892
-0.0113401 0.0272257 -0.0107736 0.0270877 0.000216986 0.359041
-0.0113401 0.0272257 -0.00925826 0.030237 9.62084e-05 0.0541056
-0.0163121 0.0284364 -0.0158391 0.0283212 0.000143895 0.162414
-0.0165246 0.0289324 -0.0163121 0.0284364 0.000193847 0.0386061
-0.021812 0.0297757 -0.0163121 0.0284364 0.000131731 0.144706
-0.021812 0.0297757 -0.0221296 0.0339296 8.34843e-05 0.0205537
-0.0132999 0.0243908 -0.00774825 0.0211078 0.000276464 0.500798
-0.0132999 0.0243908 -0.0125871 0.0254219 5.62791e-05 0.0174996
-0.0150123 0.0254034 -0.0135945 0.024565 0.000269695 0.492663
-0.0163121 0.0284364 -0.0150123 0.0254034 0.00012009 0.0264414
-0.0217839 0.0294078 -0.0150123 0.0254034 0.000269991 0.499193
-0.0217839 0.0294078 -0.021812 0.0297757 8.43329e-05 0.0119808
-0.0198871 0.00459629 -0.0191786 0.00439278 8.23868e-05 0.0556696
-0.0198871 0.00459629 -0.0201337 0.00782243 9.00061e-05 0.0155366
-0.0284738 0.0117107 -0.0282489 0.0114591 0.000344099 0.543463
-0.0282489 0.0114591 -0.0280952 0.0115966 0.000241684 0.463806
-0.0282489 0.0114591 -0.024861 0.00766809 0.000316235 0.416005
-0.024861 0.00766809 -0.023557 0.00955423 6.25155e-05 0.0283331
-0.0258088 0.00629711 -0.0228853 0.00545744 7.95118e-05 0.0436384
-0.0258088 0.00629711 -0.024861 0.00766809 6.21659e-05 0.0201586
-0.0149788 -0.00519563 -0.0092509 -0.0106669 0.0001105 0.0352303
-0.0149788 -0.00519563 -0.0128852 -0.00573227 2.59085e-05 0.00390698
-0.0194662 -0.000909324 -0.0173055 -0.00297324 0.000109559 0.034925
-0.0194662 -0.000909324 -0.0196786 0.00186924 8.54122e-05 0.0127591
-0.0262868 0.00560566 -0.0217903 0.00131067 0.000102987 0.0497028
-0.0262868 0.00560566 -0.0258088 0.00629711 5.54816e-05 0.0154895
-0.0284296 0.00704984 -0.0275275 0.00679075 6.68488e-05 0.0296341
-0.0284296 0.00704984 -0.0265237 0.00526295 0.00013671 0.0879926
-0.0304004 0.00953495 -0.0282489 0.0114591 0.00020825 0.272003
-0.0304004 0.00953495 -0.0275275 0.00679075 0.000116433 0.0624681
-0.0307483 0.00922386 -0.0304004 0.00953495 0.000204785 0.257406
-0.0307483 0.00922386 -0.0284296 0.00704984 0.00013646 0.0876042
-0.0196786 0.00186924 -0.015546 -0.00275501 0.000275819 0.190704
-0.015546 -0.00275501 -0.00550027 -0.00150901 0.000102801 0.0924879
-0.0155158 -0.00505798 -0.0149788 -0.00519563 2.83951e-05 0.00393145
-0.0155158 -0.00505798 -0.00964767 -0.0105599 0.00015617 0.0717605
-0.0192896 -0.00321934 -0.0194296 -0.00138849 8.80257e-05 0.0114919
-0.0192896 -0.00321934 -0.0176886 -0.00302077 0.000111648 0.0751495
-0.0251044 -0.00260018 -0.0215804 -0.00350347 2.79896e-05 0.00384878
-0.0251044 -0.00260018 -0.0220197 0.00104 0.000268408 0.357278
-0.0265237 0.00526295 -0.0262868 0.00560566 5.01776e-05 0.0117047
-0.0265237 0.00526295 -0.0220197 0.00104 0.000136518 0.0880456
0.0474957 0.00801726 0.047993 0.0103078 9.39709e-05 0.0236179
0.047993 0.0103078 0.05 0.0096092 0.000257738 1.20389
0.047993 0.0103078 0.0485023 0.0126538 9.53947e-05 0.0121901
0.0485023 0.0126538 0.05 0.0122891 0.000125937 0.363235
0.0446268 0.0176446 0.0436595 0.0185545 7.65464e-05 0.0482868
-0.0429602 -0.03447 -0.0363896 -0.0406218 0.000129907 0.0394295
-0.0429602 -0.03447 -0.0341654 -0.0400639 0.000136179 0.0594556
-0.0480626 -0.0296929 -0.0429602 -0.03447 0.000128564 0.0352882
-0.0480626 -0.0296929 -0.0385093 -0.0184192 0.000277724 0.35218
0.0114189 -0.000314861 0.0147674 -0.00132426 0.000241151 0.178443
0.0114189 -0.000314861 0.0128788 0.000474693 0.000600845 0.535407
0.00749381 0.000868339 0.00929331 0.000325885 0.000327694 0.972832
0.00773991 0.00250792 0.00749381 0.000868339 9.12038e-05 0.0256888
-0.00627716 0.00501956 0.00749381 0.000868339 0.000329793 0.986021
-0.00784293 0.00867334 -0.00627716 0.00501956 0.00011467 0.0445536
-0.0120106 0.00520616 -0.00916965 0.0022758 0.00028013 0.234441
-0.0120106 0.00520616 -0.00517119 0.00243874 9.8099e-05 0.0789629
-0.0269532 0.0112523 -0.0268552 0.0112228 0.000310107 0.781205
-0.0269532 0.0112523 -0.0267553 0.0111722 0.000111247 0.0907183
-0.0284738 0.0117107 -0.0280952 0.0115966 0.000287769 0.667435
-0.0286934 0.0119564 -0.0284738 0.0117107 0.0003009 0.459682
0.0150887 -0.0254391 0.0158301 -0.0235104 7.31233e-05 0.0320741
0.00866106 -0.0277261 0.0150887 -0.0254391 0.000306941 0.730582
0.0136947 -0.0290658 0.0141232 -0.0279509 7.18775e-05 0.0353302
0.0136947 -0.0290658 0.0167894 -0.0298705 5.04281e-05 0.0135433
0.0127054 -0.0316394 0.0127397 -0.0315502 7.12617e-05 0.0368529
0.0127054 -0.0316394 0.014835 -0.0336735 9.95391e-05 0.0153322
0.00866303 -0.0298439 0.0104497 -0.0318432 0.000273532 0.0464169
0.0104497 -0.0318432 0.0124898 -0.0314334 0.000123574 0.114188
-0.0136158 0.0109574 -0.0104318 0.0147147 0.000241819 0.294952
-0.0136158 0.0109574 -0.00784293 0.00867334 0.000125908 0.124914
-0.0205055 0.0139682 -0.0200574 0.0135061 0.000314147 0.0826655
-0.0174246 0.0184246 -0.0205055 0.0139682 5.0754e-05 0.00107636
-0.0210423 0.0197074 -0.0209133 0.0180196 9.47251e-05 0.0113007
-0.0209133 0.0180196 -0.0195985 0.0191954 0.000185829 0.196025
0.0438179 -0.0249709 0.0438293 -0.0251386 0.000463933 0.00426083
0.0438179 -0.0249709 0.0439864 -0.0250164 2.53789e-05 0.0126479
0.0409182 -0.0222809 0.0429468 -0.0240894 0.000164544 0.374467
0.0429468 -0.0240894 0.0437869 -0.0245145 3.54791e-05 0.0214094
0.0435198 -0.020577 0.0437869 -0.0245145 0.000465605 0.0112419
0.0435198 -0.020577 0.044282 -0.0203858 0.000105407 0.194517
0.044282 -0.0203858 0.05 -0.0218515 2.47526e-05 0.011482
0.044282 -0.0203858 0.0485758 -0.0193087 0.000105262 0.19395
-0.0339645 -0.0428923 -0.0336307 -0.0427735 0.000330217 0.36939
-0.0202296 -0.0380054 -0.0166847 -0.0372934 0.000125499 0.0938
-0.0207753 -0.0381995 -0.0202296 -0.0380054 0.00031113 0.576225
-0.0208395 -0.0381279 -0.0202296 -0.0380054 0.000119992 0.0854277
-0.0208395 -0.0381279 -0.0207753 -0.0381995 5.13056e-05 0.00665183
0.00723125 -0.00257961 0.0114189 -0.000314861 0.000489172 0.0978171
0.00723125 -0.00257961 0.0124523 -0.00469219 9.40343e-05 0.00645721
0.00749381 0.000868339 0.00737671 8.81628e-05 0.000117899 0.0740863
0.00737671 8.81628e-05 0.00929331 0.000325885 0.000116885 0.0907161
0.00737671 8.81628e-05 0.00699088 -0.00248235 9.32872e-05 0.092796
0.00699088 -0.00248235 0.00723125 -0.00257961 9.02997e-05 0.108622
0.00689861 -0.00309706 0.0124523 -0.00469219 7.33543e-05 0.00782981
0.00689861 -0.00309706 0.00695375 -0.00272968 9.72479e-05 0.106896
0.00273943 -0.0308065 0.0028938 -0.0297781 9.4573e-05 0.029348
0.00273943 -0.0308065 0.00828097 -0.0294164 0.000107192 0.065673
0.00233931 -0.0334722 0.00273943 -0.0308065 9.54624e-05 0.0231451
0.00233931 -0.0334722 0.00959347 -0.0320152 0.000121594 0.075926
-0.00792624 -0.0355342 0.00116224 -0.0413141 3.18554e-05 0.00591038
-0.00792624 -0.0355342 0.00233931 -0.0334722 0.000123398 0.0922896
-0.0202296 -0.0380054 -0.0167256 -0.0367587 0.000309921 0.573565
-0.0167256 -0.0367587 -0.0168058 -0.0357093 8.13985e-05 0.00454202
-0.0102404 -0.0340624 -0.00984838 -0.0343117 3.45129e-05 0.00601159
-0.0102404 -0.0340624 -0.00653594 -0.0331332 0.000111904 0.0773132
-0.0372237 -0.016902 -0.0172736 -0.0295896 3.11283e-05 0.00333815
-0.0372237 -0.016902 -0.0364765 -0.0160203 0.000276093 0.355135
-0.0364765 -0.0160203 -0.0179426 -0.0208395 5.31651e-05 0.0128162
-0.0364765 -0.0160203 -0.0277213 -0.00568841 0.000274378 0.357253
-0.0280045 0.0116777 -0.0269532 0.0112523 0.000101604 0.079133
-0.0280045 0.0116777 -0.0279142 0.0117585 0.000196428 0.306622
-0.0286934 0.0119564 -0.0280045 0.0116777 0.000102416 0.0821845
-0.0290135 0.0123146 -0.0286934 0.0119564 0.000303031 0.469288
-0.00397527 -0.000351996 -0.00243879 -0.00112928 3.59774e-05 0.0122879
-0.00397527 -0.000351996 -0.00416004 7.91886e-05 0.000122362 0.0259513
-0.00570439 0.000522754 -0.00397527 -0.000351996 3.80057e-05 0.011227
-0.00570439 0.000522754 -0.00416004 7.91886e-05 7.5712e-05 0.0566354
-0.0201337 0.00782243 -0.017431 0.00645512 3.64049e-05 0.00938274
-0.0201337 0.00782243 -0.0201866 0.00851437 8.74374e-05 0.0161665
-0.023557 0.00955423 -0.0201337 0.00782243 3.70183e-05 0.00963703
-0.023557 0.00955423 -0.023382 0.00980732 6.22697e-05 0.0299202
-0.0268552 0.0112228 -0.0267553 0.0111722 4.18152e-05 0.011452
-0.0268552 0.0112228 -0.0231712 0.0101122 0.000310695 0.779357
-0.0279142 0.0117585 -0.0268552 0.0112228 3.69453e-05 0.00984742
-0.0279142 0.0117585 -0.0241497 0.0151252 0.000196548 0.306844
-0.0290135 0.0123146 -0.0279142 0.0117585 3.89806e-05 0.0113987
-0.0355598 0.0196396 -0.0290135 0.0123146 0.000303901 0.468687
-0.0205842 0.0137145 -0.0200574 0.0135061 0.000144992 0.219502
-0.0205842 0.0137145 -0.0205938 0.0138404 0.000101004 0.146306
-0.0206601 0.0137445 -0.0205842 0.0137145 0.000152515 0.269784
-0.0206601 0.0137445 -0.0205938 0.0138404 6.52735e-05 0.100795
-0.0241497 0.0151252 -0.0206601 0.0137445 0.000149638 0.297975
-0.0241497 0.0151252 -0.0209133 0.0180196 0.000186574 0.213935
-0.0355598 0.0196396 -0.0241497 0.0151252 0.000144102 0.167893
-0.0423835 0.0272751 -0.0355598 0.0196396 0.000312374 0.497489
0.0179605 0.0243618 0.0181373 0.0238556 0.000298273 0.0420395
0.0175072 0.0246126 0.0181373 0.0238556 3.29617e-05 0.00134232
0.019591 0.0196938 0.0193919 0.0202638 0.000297712 0.0529971
0.019591 0.0196938 0.0221123 0.0190799 0.000172231 0.166087
0.0169823 0.0483251 0.0180047 0.0482723 3.09266e-05 0.000536602
-0.0235794 0.0352221 -0.0221915 0.034739 0.00029092 0.592332
-0.0367862 0.0469967 -0.0235794 0.0352221 0.000181809 0.0114711
-0.0367862 0.0469967 -0.0313319 0.0492653 3.30736e-05 0.00642975
-0.0246774 0.0479573 -0.0231368 0.0471047 0.000134791 0.0426802
-0.00642169 0.0309798 -0.00193877 0.027689 7.67694e-05 0.0316425
-0.00193877 0.027689 -7.21369e-06 0.0270167 0.000292526 0.594395
-0.000396682 0.0265571 0.00367248 0.0235701 5.64519e-05 0.00969054
0.00367248 0.0235701 0.00794775 0.022529 0.000132503 0.0866145
0.00544336 0.0312887 0.00502328 0.032758 2.66253e-05 0.00237783
0.00419724 0.0319783 0.00544336 0.0312887 0.000132051 0.0537396
0.00740212 0.0244375 0.00544336 0.0312887 2.22563e-05 0.00143089
0.00740212 0.0244375 0.0108513 0.0232368 0.000214355 0.201771
0.00794775 0.022529 0.00740212 0.0244375 2.13905e-05 0.000164191
0.00794775 0.022529 0.0106464 0.0218719 0.000131763 0.0868358
0.0272691 0.00624878 0.0315732 0.00308933 6.28857e-05 0.0362324
0.0315732 0.00308933 0.0338746 0.00337478 0.000110105 0.0929217
0.0207342 -0.0221945 0.0222895 -0.0191682 3.60575e-05 0.0106595
0.0222895 -0.0191682 0.0247164 -0.0198224 2.36454e-05 0.00280654
0.0311627 -0.00190211 0.0325092 0.000717867 4.00979e-05 0.00435033
0.0325092 0.000717867 0.0345057 9.88431e-06 0.000147663 0.198884
0.0217653 -0.025801 0.0234044 -0.0224804 8.14255e-05 0.0462448
0.0210549 -0.0233163 0.0234044 -0.0224804 0.000305928 0.764639
0.0297346 -0.00965597 0.0297981 -0.00952739 7.63106e-05 0.044254
0.0297981 -0.00952739 0.0287646 -0.00656861 0.000288653 0.284859
0.0313759 -0.00633085 0.0330199 -0.00300032 8.26039e-05 0.0486969
0.0330199 -0.00300032 0.0437291 -0.00933319 0.000307004 0.81682
0.0330199 -0.00300032 0.0345057 9.88431e-06 9.16923e-05 0.0224266
0.0345057 9.88431e-06 0.0369482 -0.000856241 0.000147913 0.212208
0.0299248 0.00969347 0.0343745 0.00434743 3.1359e-05 0.00927347
0.0343745 0.00434743 0.0338746 0.00337478 3.80138e-05 0.0030663
0.0350615 0.00352199 0.0358009 0.00263369 3.07848e-05 0.00809861
0.0348415 0.000690202 0.0358009 0.00263369 7.51088e-05 0.00026878
0.0423373 -0.015744 0.0428417 -0.0134206 8.08762e-05 0.275091
0.0428417 -0.0134206 0.05 -0.0154766 7.5866e-05 0.120306
0.0432496 -0.0115417 0.0435821 -0.0100104 7.82705e-05 0.0962824
0.0435821 -0.0100104 0.0462178 -0.0108049 0.000266136 0.750868
0.0435821 -0.0100104 0.0437291 -0.00933319 8.27094e-05 0.035641
0.0437291 -0.00933319 0.0462178 -0.0108049 0.000305639 0.826226
-0.0221915 0.034739 -0.0228246 0.0430204 0.000108689 0.0527167
-0.0221915 0.034739 -0.0184557 0.0334386 0.000292455 0.59317
-0.0078143 0.0297343 -0.00193877 0.027689 0.000293406 0.592001
-0.0078143 0.0297343 -0.00642169 0.0309798 0.00024525 0.415421
-0.00925826 0.030237 -0.0078143 0.0297343 0.000292414 0.577624
-0.00925826 0.030237 -0.0079627 0.0321109 7.22823e-05 0.0327636
0.0456829 -0.0254736 0.05 -0.0266372 2.52056e-05 0.0124412
0.0456829 -0.0254736 0.05 -0.0276576 3.49636e-05 0.0221231
0.0446821 -0.0249673 0.05 -0.0238991 0.000123107 0.298365
0.0446821 -0.0249673 0.0456829 -0.0254736 3.58263e-05 0.0220102
-0.0150123 0.0254034 -0.0143597 0.0238806 0.000119199 0.0426505
-0.0143597 0.0238806 -0.0135945 0.024565 0.000199704 0.240216
-0.0143597 0.0238806 -0.0140892 0.0232492 0.000130949 0.0488248
-0.0140892 0.0232492 -0.0132999 0.0243908 6.26659e-05 0.0182858
0.0036393 0.0109552 0.00873655 0.00914773 0.000136092 0.118567
-0.0061909 0.0197194 0.0036393 0.0109552 0.000161081 0.154351
-0.00963023 0.0156607 0.0036393 0.0109552 0.00013723 0.140414
-0.00963023 0.0156607 -0.0061909 0.0197194 0.000243843 0.297648
-0.00517119 0.00243874 -0.00627716 0.00501956 0.000116187 0.00521666
-0.00517119 0.00243874 0.00221908 -0.000551554 9.62803e-05 0.095278
-0.00070239 -0.000913913 0.00649095 -0.00297997 7.84945e-05 0.104299
-0.00070239 -0.000913913 0.00221908 -0.000551554 0.000108983 0.169261
-0.00358144 -0.00127101 -0.00397527 -0.000351996 0.000122558 0.0260356
-0.00358144 -0.00127101 -0.00243879 -0.00112928 0.000110607 0.192067
-0.00187863 -0.00524458 -0.00358144 -0.00127101 0.000121977 0.0443861
-0.00187863 -0.00524458 0.00239031 -0.00964781 0.000272545 0.186515
0.00578474 -0.0105179 0.018314 -0.0137295 2.40177e-05 0.00343295
0.00578474 -0.0105179 0.00651414 -0.00565849 9.79612e-05 0.149618
0.00239031 -0.00964781 0.00578474 -0.0105179 2.53137e-05 0.00853611
0.00239031 -0.00964781 0.00544276 -0.0127963 0.00027179 0.186547
0.034296 -0.0224044 0.0352305 -0.0226563 2.49344e-05 0.00760202
0.0331542 -0.0191354 0.034296 -0.0224044 0.000291194 0.124785
0.0179489 -0.0179983 0.0196669 -0.0184613 2.50326e-05 0.00270303
0.0179489 -0.0179983 0.0188582 -0.0156327 7.1555e-05 0.0448547
0.0185933 -0.0263604 0.0189592 -0.0267379 0.000267287 0.110411
0.0183164 -0.0268991 0.0185933 -0.0263604 3.62966e-05 0.00946986
0.0158301 -0.0235104 0.0170303 -0.0247483 0.000265119 0.147277
0.0158301 -0.0235104 0.0179489 -0.0179983 7.22555e-05 0.0440378
0.00544276 -0.0127963 0.00578474 -0.0105179 9.7951e-05 0.14827
0.00544276 -0.0127963 0.00784604 -0.0152752 0.00026667 0.149632
0.00716424 -0.0263465 0.00714719 -0.0263067 0.000118073 0.00265933
0.00716424 -0.0263465 0.00862282 -0.0277397 0.00010206 0.030163
0.0087066 -0.0277688 0.0117229 -0.0285531 5.07297e-05 0.0132154
0.0087066 -0.0277688 0.0100032 -0.0289844 0.00014985 0.0342136
0.00861096 -0.0277439 0.00863331 -0.0277497 5.23205e-05 0.0136901
0.00787526 -0.0280057 0.00861096 -0.0277439 0.000307559 0.710988
-0.00653594 -0.0331332 0.0028938 -0.0297781 0.000309046 0.580031
0.0028938 -0.0297781 0.00340241 -0.0263896 9.4874e-05 0.0240043
-0.0128852 -0.00573227 -0.00822913 -0.0109423 0.000277795 0.187504
-0.00822913 -0.0109423 0.0017112 -0.0136216 2.39639e-05 0.00390216
-0.00822913 -0.0109423 -0.00395127 -0.015729 0.000277088 0.188098
-0.00395127 -0.015729 0.00387979 -0.0232092 0.00010229 0.0321202
-0.00395127 -0.015729 -0.00300402 -0.016789 0.000277206 0.190047
-0.00300402 -0.016789 0.00387531 -0.023239 0.000147272 0.0680402
0.00371497 -0.0243073 0.00623387 -0.0271258 0.000277434 0.18946
0.00623387 -0.0271258 0.00765677 -0.0274958 5.04434e-05 0.0152462
0.00846053 -0.0293714 0.00787526 -0.0280057 0.000117273 0.0235135
0.00846053 -0.0293714 0.00994201 -0.0289998 0.000107515 0.0843188
0.00722648 -0.0282365 0.00828097 -0.0294164 0.000275903 0.0589239
0.00828097 -0.0294164 0.00846053 -0.0293714 0.000106924 0.0830228
0.00959347 -0.0320152 0.00866303 -0.0298439 0.000114917 0.0106394
0.00959347 -0.0320152 0.0104497 -0.0318432 0.000122152 0.0609362
0.0232593 0.00919225 0.0241711 0.00658176 0.000342932 0.69347
0.0241711 0.00658176 0.0256937 0.00740522 0.000539382 0.693451
0.027312 0.0025608 0.0325092 0.000717867 0.000148044 0.197186
0.027312 0.0025608 0.0315732 0.00308933 0.000109191 0.0890851
0.0260267 0.00301657 0.027312 0.0025608 0.000148582 0.18937
0.0272691 0.00624878 0.0260267 0.00301657 7.45542e-05 0.00824549
0.0312384 -0.0136508 0.0306862 -0.0120701 0.000290805 0.29127
0.0288249 -0.011499 0.0312384 -0.0136508 0.000160873 0.0113368
0.0407652 -0.0229858 0.0429468 -0.0240894 3.4647e-05 0.0199057
0.0405268 -0.0240839 0.0407652 -0.0229858 8.0719e-05 0.027635
0.0384951 -0.0218374 0.0407652 -0.0229858 3.58949e-05 0.0178538
0.0384951 -0.0218374 0.0399979 -0.0214604 0.000109603 0.167112
0.0331542 -0.0191354 0.0384951 -0.0218374 3.49115e-05 0.0130239
0.0331156 -0.0190251 0.0331542 -0.0191354 0.000295096 0.123688
0.034296 -0.0224044 0.0344522 -0.0228515 0.000291679 0.124302
0.0344522 -0.0228515 0.0352305 -0.0226563 0.000110154 0.168486
0.0344522 -0.0228515 0.0358135 -0.0267486 0.000284309 0.0999321
0.0358135 -0.0267486 0.0401368 -0.0258803 0.000123634 0.262223
0.0295304 -0.047293 0.0358697 -0.0455362 9.73554e-05 0.0718012
0.0358697 -0.0455362 0.0361102 -0.0444284 7.54497e-05 0.024142
0.0361102 -0.0444284 0.0369058 -0.045249 0.000255122 0.0747959
0.0361102 -0.0444284 0.0380694 -0.0354037 7.90126e-05 0.0709233
0.0380694 -0.0354037 0.0389133 -0.0356231 5.12401e-05 0.04343
-0.05 -0.0485977 -0.0339645 -0.0428923 0.000333062 0.358514
-0.0218692 -0.0369794 -0.0168058 -0.0357093 0.000114797 0.0782406
-0.0218692 -0.0369794 -0.0208395 -0.0381279 5.69111e-05 0.00918673
-0.0363896 -0.0406218 -0.0341654 -0.0400639 0.000111291 0.0669428
-0.0363896 -0.0406218 -0.035836 -0.0411401 0.000104411 0.0240585
0.0407652 -0.0229858 0.0409182 -0.0222809 8.09883e-05 0.0269403
0.0399979 -0.0214604 0.0409182 -0.0222809 0.000164599 0.366113
0.0409182 -0.0222809 0.0411596 -0.021169 8.06591e-05 0.0102583
0.0411596 -0.021169 0.0435198 -0.020577 0.000106208 0.239206
0.0485758 -0.0193087 0.05 -0.0198849 9.00496e-05 0.174805
0.0485758 -0.0193087 0.05 -0.0189514 0.00010885 0.267289
0.00544336 0.0312887 0.00770911 0.0300349 0.000129886 0.0543931
0.00502328 0.032758 0.00770911 0.0300349 0.000690162 0.401336
0.0142945 0.0461761 0.0138782 0.0434027 8.30703e-05 0.00213181
0.0138782 0.0434027 0.0153706 0.0451639 0.000219205 0.00673292
0.0120432 0.0311774 0.0119076 0.030274 8.42729e-05 0.00177464
0.00664838 0.0348709 0.0119076 0.030274 0.000252099 0.0907048
0.0115525 0.027908 0.0175072 0.0246126 0.000126682 0.0272329
0.015165 0.0274268 0.0175072 0.0246126 3.23046e-05 0.00141982
-0.00126987 0.0417919 -0.0103577 0.0497353 0.000162681 7.36037e-05
-0.00126987 0.0417919 0.000762129 0.0447311 5.62773e-05 0.00221451
0.00425806 0.0405309 0.0103954 0.0460197 0.000161902 0.0650841
0.00203864 0.0431975 0.00425806 0.0405309 2.63781e-05 0.000765603
0.00309769 0.0394932 0.00425806 0.0405309 0.000161936 0.065331
0.00309769 0.0394932 0.00203864 0.0431975 2.13905e-05 7.24077e-06
0.00223883 0.0387251 0.00367658 0.0374684 0.000259051 0.27939
0.00309769 0.0394932 0.00367658 0.0374684 2.16153e-05 0.00112591
0.00781914 0.0362525 0.0120593 0.0412562 0.000338065 0.0762509
0.00425806 0.0405309 0.00781914 0.0362525 2.63434e-05 0.00236925
0.00781914 0.0362525 0.0120432 0.0311774 3.01856e-05 0.00118886
0.0131062 0.0382591 0.0120432 0.0311774 9.18703e-05 0.0015185
0.00371968 0.0490092 0.00945447 0.0487133 3.12684e-05 0.00372772
0.00945447 0.0487133 0.0103954 0.0460197 0.000258518 0.000432839
0.0103954 0.0460197 0.0124794 0.0478835 0.000161201 0.00324524
0.0103954 0.0460197 0.0120593 0.0412562 0.000259124 0.0390778
0.0120593 0.0412562 0.0138782 0.0434027 0.000219276 0.00719739
0.0120593 0.0412562 0.0131062 0.0382591 0.000333021 0.103073
0.0138782 0.0434027 0.0131062 0.0382591 8.31326e-05 0.00336107
0.0313775 0.0169369 0.0317427 0.0167348 0.000126677 0.0689949
0.0317427 0.0167348 0.0394669 0.014854 0.000143829 0.0884975
0.0376915 0.0138938 0.0390393 0.0134246 0.000259437 1.17416
0.0376915 0.0138938 0.0394669 0.014854 0.000441511 0.126141
0.0358009 0.00263369 0.0363161 0.00367761 7.95093e-05 0.00064792
0.0363161 0.00367761 0.0415878 0.00433147 0.000110063 0.106137
0.00438304 -0.0198564 0.0051786 -0.0145562 9.02156e-05 0.0412238
0.00438304 -0.0198564 0.0017112 -0.0136216 0.000112194 0.00726421
0.00387979 -0.0232092 0.00438304 -0.0198564 9.12087e-05 0.0418803
0.00387979 -0.0232092 0.00581157 -0.0250544 0.000102693 0.0314183
0.00387531 -0.023239 0.00387979 -0.0232092 9.24798e-05 0.0406654
0.00387531 -0.023239 0.00581157 -0.0250544 0.000146876 0.0658459
0.00371497 -0.0243073 0.00387531 -0.023239 9.36634e-05 0.0364236
-0.00300402 -0.016789 0.00371497 -0.0243073 0.000278631 0.193261
0.0313377 0.0168335 0.0317427 0.0167348 0.000150632 0.102201
0.0313377 0.0168335 0.0313775 0.0169369 8.30357e-05 0.00516561
0.0209244 0.00482588 0.0253302 0.00326358 0.000152817 0.117665
0.0209244 0.00482588 0.0241711 0.00658176 0.000505768 0.520817
0.0242566 0.00218183 0.0254374 0.00148353 0.000327428 0.550686
0.0242566 0.00218183 0.0256477 0.00235438 0.000127457 0.0651925
0.0203295 0.00450413 0.0242566 0.00218183 0.000328278 0.551485
0.0203295 0.00450413 0.0209244 0.00482588 0.000509138 0.522259
0.00870661 0.0198747 0.00978205 0.0161131 2.27949e-05 0.00148462
0.0101839 0.0187903 0.00978205 0.0161131 9.13792e-05 0.00632901
-0.0174246 0.0184246 -0.0110535 0.0161654 0.000140478 0.143602
-0.0174246 0.0184246 -0.0140892 0.0232492 5.40945e-05 0.0131588
-0.0385093 -0.0184192 -0.0218692 -0.0369794 5.14802e-05 0.00568062
-0.0385093 -0.0184192 -0.0372237 -0.016902 0.000276632 0.354278
0.0408212 0.0128043 0.047993 0.0103078 0.000258284 1.19725
0.0403972 0.0119455 0.0408212 0.0128043 8.82908e-05 0.00165039
0.0117214 0.0485964 0.0124794 0.0478835 7.21898e-05 4.89695e-05
0.0124794 0.0478835 0.0131918 0.0485206 0.000161201 0.00126093
0.0145618 0.0497459 0.0148086 0.049601 3.56763e-05 0.00488667
0.0148086 0.049601 0.0146352 0.0484461 8.30702e-05 0.00173432
0.0131918 0.0485206 0.0146352 0.0484461 3.09266e-05 0.000971726
0.0138625 0.00184068 0.014069 0.00111839 2.28741e-05 0.00333564
0.014069 0.00111839 0.0144448 0.00132159 0.000587201 0.563454
0.0147961 0.00100841 0.0242566 0.00218183 0.000128798 0.0588423
0.0144448 0.00132159 0.0147961 0.00100841 0.000201883 0.135838
0.0141243 0.000925088 0.0144284 -0.000138394 3.17911e-05 0.00228926
0.0144284 -0.000138394 0.017402 -0.00131493 0.000159922 0.0823221
0.0233622 -0.00391516 0.0259314 -0.00468961 0.000258749 0.258991
0.0233622 -0.00391516 0.023443 -0.00370508 7.21274e-05 0.00400675
0.0187637 -0.00252893 0.0233622 -0.00391516 0.000259931 0.251331
0.017402 -0.00131493 0.0187637 -0.00252893 0.000198501 0.122116
0.0275068 -0.0090161 0.0297346 -0.00965597 6.5729e-05 0.0167015
0.0270459 -0.00991294 0.0275068 -0.0090161 3.3859e-05 0.00867543
0.0253428 -0.00839457 0.0275068 -0.0090161 6.5991e-05 0.0165547
0.0225854 -0.0059362 0.0253428 -0.00839457 0.000147915 0.0105109
0.0225854 -0.0059362 0.0233622 -0.00391516 6.62053e-05 0.0298172
0.0187637 -0.00252893 0.0225854 -0.0059362 0.000148547 0.0135261
0.0216353 -0.00840786 0.0267548 -0.0104793 9.46327e-05 0.0217958
0.0216353 -0.00840786 0.0220085 -0.00743691 6.63021e-05 0.0277025
0.0267349 -0.015888 0.0330102 -0.0190626 3.37571e-05 0.00369834
0.0267349 -0.015888 0.0325395 -0.0173759 2.41362e-05 0.00285084
0.0200584 -0.0125104 0.0245446 -0.01478 3.36586e-05 0.00240825
0.0200584 -0.0125104 0.0216353 -0.00840786 7.08716e-05 0.0450743
0.026667 -0.0158706 0.0267349 -0.015888 2.57418e-05 0.00294634
0.0247164 -0.0198224 0.026667 -0.0158706 8.09984e-05 0.0539536
0.0242964 -0.0152629 0.026667 -0.0158706 2.35134e-05 0.00252516
0.0222895 -0.0191682 0.0242964 -0.0152629 3.51641e-05 0.0106118
0.0185933 -0.0263604 0.0199569 -0.023707 3.70003e-05 0.0100152
0.0170303 -0.0247483 0.0199569 -0.023707 0.000306323 0.763773
0.0210549 -0.0233163 0.0207342 -0.0221945 2.36247e-05 0.00180102
0.0199569 -0.023707 0.0210549 -0.0233163 0.000305945 0.764646
0.0169698 -0.0355163 0.0194191 -0.0305542 7.88882e-05 0.0453537
0.0194191 -0.0305542 0.0234218 -0.031595 4.91702e-05 0.0131961
0.0194191 -0.0305542 0.0197 -0.0299852 7.88986e-05 0.046354
0.0197 -0.0299852 0.021715 -0.0295804 0.000121358 0.113675
0.0197 -0.0299852 0.0205122 -0.0283397 8.05497e-05 0.0469549
0.0205122 -0.0283397 0.021715 -0.0295804 0.000265674 0.105572
0.0205122 -0.0283397 0.0216341 -0.0260669 8.06759e-05 0.0504468
0.0216341 -0.0260669 0.0218274 -0.0260184 0.000106671 0.100343
0.0291917 -0.0473869 0.0295304 -0.047293 9.55778e-05 0.0182796
0.00770911 0.0300349 0.0113219 0.0263719 0.000687172 0.409298
0.0113219 0.0263719 0.0115525 0.027908 0.000112641 0.00571613
0.0113219 0.0263719 0.0162766 0.0213483 0.000679924 0.419199
0.0162766 0.0213483 0.0193919 0.0202638 0.000267305 0.192505
-0.0107736 0.0270877 -0.00179886 0.0249024 0.000129718 0.123858
-0.0107736 0.0270877 -0.0078143 0.0297343 0.000249419 0.427686
-0.0158391 0.0283212 -0.0113401 0.0272257 0.000222822 0.368421
-0.0165246 0.0289324 -0.0158391 0.0283212 0.000262369 0.327618
0.00904148 0.0111793 0.0116303 0.00964834 0.000265464 0.433078
0.00978205 0.0161131 0.00904148 0.0111793 8.77212e-05 0.00657962
-0.00774825 0.0211078 -0.00592698 0.0200308 0.000274977 0.494062
-0.0125871 0.0254219 -0.00774825 0.0211078 0.000165962 0.150132
-0.0125074 0.0255371 -0.0113401 0.0272257 5.74083e-05 0.0177691
-0.0125074 0.0255371 -0.0107736 0.0270877 0.000188722 0.237562
-0.0125871 0.0254219 -0.0125074 0.0255371 5.63344e-05 0.0171511
-0.0126117 0.0254439 -0.0125871 0.0254219 0.000166103 0.149892
-0.0135945 0.024565 -0.0132999 0.0243908 0.00027667 0.499843
-0.0135945 0.024565 -0.0126117 0.0254439 0.000184167 0.231038
-0.0191786 0.00439278 -0.00815148 0.0012256 8.10725e-05 0.0456023
-0.0191786 0.00439278 -0.017431 0.00645512 0.000279845 0.625776
-0.0280952 0.0115966 -0.0280045 0.0116777 0.000196272 0.304945
-0.0280952 0.0115966 -0.0269532 0.0112523 0.000311347 0.784685
-0.0173055 -0.00297324 -0.0149788 -0.00519563 0.000112371 0.0345512
-0.0173055 -0.00297324 -0.015546 -0.00275501 0.000110778 0.081167
-0.0196786 0.00186924 -0.0198142 0.00364269 8.1604e-05 0.0200743
-0.0205196 0.00281026 -0.0196786 0.00186924 0.000276503 0.192215
-0.0217903 0.00131067 -0.0194662 -0.000909324 0.000110177 0.0346372
-0.0217903 0.00131067 -0.0205196 0.00281026 0.000260014 0.373901
-0.00550027 -0.00150901 -0.00358144 -0.00127101 0.000111071 0.17125
-0.00550027 -0.00150901 -0.00187863 -0.00524458 0.000274509 0.201839
-0.0194296 -0.00138849 -0.0194662 -0.000909324 8.8217e-05 0.0124684
-0.0194296 -0.00138849 -0.0176886 -0.00302077 0.00015952 0.0746656
-0.0176886 -0.00302077 -0.0173055 -0.00297324 0.000112375 0.0805132
-0.0176886 -0.00302077 -0.0155158 -0.00505798 0.000157601 0.0714042
-0.0220197 0.00104 -0.0217903 0.00131067 0.000261276 0.36711
-0.0220197 0.00104 -0.0194296 -0.00138849 0.000160475 0.0747717
-0.0341654 -0.0400639 -0.0332804 -0.0406268 0.000124505 0.050877
-0.0341654 -0.0400639 -0.0218692 -0.0369794 0.000117199 0.0786034
0.0128788 0.000474693 0.0135888 0.000858667 0.000591243 0.560665
0.0128788 0.000474693 0.0144284 -0.000138394 0.000161617 0.0813766
0.00929331 0.000325885 0.0114189 -0.000314861 0.000326086 0.971765
0.00929331 0.000325885 0.0123094 0.00069998 0.000129472 0.096662
0.00837422 0.00673381 0.00773991 0.00250792 9.10846e-05 0.0176481
0.00773991 0.00250792 0.0123094 0.00069998 0.000124264 0.12467
-0.0110535 0.0161654 -0.0104318 0.0147147 0.000117297 0.042477
-0.0104318 0.0147147 -0.00963023 0.0156607 0.000241701 0.292505
-0.0104318 0.0147147 -0.00784293 0.00867334 0.000115257 0.0486632
-0.00784293 0.00867334 0.00773991 0.00250792 0.000125141 0.129673
-0.00916965 0.0022758 -0.00815148 0.0012256 0.000279481 0.234648
-0.00916965 0.0022758 -0.00570439 0.000522754 3.62281e-05 0.00986891
-0.0201866 0.00851437 -0.0168351 0.00715826 0.00010646 0.0858186
-0.0201866 0.00851437 -0.0202413 0.009229 9.54062e-05 0.0215056
-0.023382 0.00980732 -0.0201866 0.00851437 0.000108923 0.0897378
-0.023382 0.00980732 -0.0231712 0.0101122 6.456e-05 0.0342474
-0.0267553 0.0111722 -0.023382 0.00980732 0.000110513 0.0915944
-0.0267553 0.0111722 -0.023557 0.00955423 4.01108e-05 0.0111843
0.00861096 -0.0277439 0.00862282 -0.0277397 0.000307471 0.711282
0.00862282 -0.0277397 0.00863331 -0.0277497 0.000105084 0.0158535
0.00862282 -0.0277397 0.00866106 -0.0277261 0.00030732 0.716227
0.00866106 -0.0277261 0.0087066 -0.0277688 0.000149697 0.0339478
0.0141232 -0.0279509 0.0150887 -0.0254391 7.246e-05 0.0352362
0.0141232 -0.0279509 0.0183164 -0.0268991 0.000106406 0.0868748
0.0183068 -0.030265 0.0194191 -0.0305542 5.13044e-05 0.0141947
0.0183068 -0.030265 0.0197 -0.0299852 0.000121891 0.114203
0.0167894 -0.0298705 0.0183068 -0.030265 5.01663e-05 0.0138719
0.0163886 -0.0306503 0.0167894 -0.0298705 3.66872e-05 0.0093854
0.0128093 -0.0313692 0.0136947 -0.0290658 7.20149e-05 0.0352318
0.0128093 -0.0313692 0.0163886 -0.0306503 0.000122484 0.113745
0.0127397 -0.0315502 0.0128093 -0.0313692 7.42968e-05 0.0380611
0.0127397 -0.0315502 0.01489 -0.0335663 0.000147046 0.0355478
0.0169039 -0.0356497 0.0274652 -0.0457378 9.52824e-05 0.0182425
0.0158179 -0.0378499 0.0169039 -0.0356497 7.42796e-05 0.0519122
0.014835 -0.0336735 0.0169039 -0.0356497 9.78536e-05 0.0154314
0.0138311 -0.0356268 0.014835 -0.0336735 3.42294e-05 0.0101986
0.012593 -0.0314127 0.0128093 -0.0313692 0.000122194 0.111637
0.012593 -0.0314127 0.0127397 -0.0315502 0.000151737 0.0357774
0.0124898 -0.0314334 0.012593 -0.0314127 0.000123012 0.114771
0.0124898 -0.0314334 0.0127054 -0.0316394 0.000105114 0.0154798
0.0446417 -0.0371126 0.0438293 -0.0251386 0.000425989 0.00363125
0.0438293 -0.0251386 0.0440694 -0.0250904 0.000121933 0.306724
0.0437869 -0.0245145 0.0446821 -0.0249673 3.52975e-05 0.0215927
0.0437869 -0.0245145 0.0438103 -0.0248594 0.000460229 0.0113676
-0.0312417 -0.0419235 -0.0207753 -0.0381995 0.00031078 0.577119
-0.0207753 -0.0381995 -0.0162276 -0.043272 5.2622e-05 0.0079321
0.0124523 -0.00469219 0.0161591 -0.00619204 9.14621e-05 0.00749695
0.0124523 -0.00469219 0.0160235 -0.00571791 6.92844e-05 0.00715692
-0.0168058 -0.0357093 -0.0172736 -0.0295896 8.50497e-05 0.00734037
-0.0168058 -0.0357093 -0.0102404 -0.0340624 0.000113075 0.0771802
-0.00243879 -0.00112928 0.00651414 -0.00565849 3.55604e-05 0.0135752
-0.00243879 -0.00112928 -0.00070239 -0.000913913 0.000110208 0.192394
-0.017431 0.00645512 -0.00916965 0.0022758 3.56792e-05 0.00737843
-0.017431 0.00645512 -0.0168351 0.00715826 0.000279455 0.626929
-0.0202413 0.009229 -0.0161305 0.00798981 0.00030928 0.768916
-0.0202413 0.009229 -0.0205842 0.0137145 9.72969e-05 0.0560908
-0.0231712 0.0101122 -0.0202413 0.009229 0.000310259 0.777467
-0.0231712 0.0101122 -0.0206601 0.0137445 6.50045e-05 0.0482552
-0.0205938 0.0138404 -0.020612 0.0140781 9.88345e-05 0.142094
-0.0205938 0.0138404 -0.0205055 0.0139682 6.83141e-05 0.107047
0.0181373 0.0238556 0.0193919 0.0202638 0.0002968 0.0422034
0.0193919 0.0202638 0.0218346 0.0194136 0.000247356 0.322456
0.0221123 0.0190799 0.0243782 0.0185281 0.000169225 0.168261
0.0218346 0.0194136 0.0221123 0.0190799 3.31422e-05 0.00136057
-0.0079627 0.0321109 -0.00642169 0.0309798 7.798e-05 0.0283962
-0.00642169 0.0309798 -0.00167286 0.0352268 0.000244926 0.415093
-7.21369e-06 0.0270167 0.00740212 0.0244375 0.00021492 0.201373
-7.21369e-06 0.0270167 0.00419724 0.0319783 0.000310422 0.746601
-0.00193877 0.027689 -0.000396682 0.0265571 7.39975e-05 0.0304016
-0.000396682 0.0265571 -7.21369e-06 0.0270167 0.000257582 0.392747
0.00498158 0.0329039 0.00502328 0.032758 3.37412e-05 0.00112875
0.00493436 0.0328482 0.00502328 0.032758 0.000690626 0.40092
-0.0231368 0.0471047 -0.00466419 0.0368821 0.000127055 0.0702907
-0.00466419 0.0368821 -0.00126987 0.0417919 6.26245e-05 0.031751
-0.00466419 0.0368821 -0.00167286 0.0352268 0.000119662 0.0663327
-0.00167286 0.0352268 0.00223883 0.0387251 0.00023302 0.348161
-0.00167286 0.0352268 0.00419724 0.0319783 0.000155933 0.182618
0.00419724 0.0319783 0.00493436 0.0328482 0.000313065 0.808589
0.0232593 0.00919225 0.0256937 0.00740522 6.54192e-05 0.028959
0.0256937 0.00740522 0.0282438 0.00878432 0.000539136 0.694102
0.0256937 0.00740522 0.0272691 0.00624878 6.41154e-05 0.0267428
0.0282438 0.00878432 0.0272691 0.00624878 8.20793e-05 0.0143594
0.0338746 0.00337478 0.0350615 0.00352199 0.000109803 0.0942977
0.0331377 0.0019409 0.0338746 0.00337478 3.3341e-05 0.000194446
0.0247164 -0.0198224 0.0282205 -0.0207668 2.50488e-05 0.00308087
0.0234044 -0.0224804 0.0247164 -0.0198224 8.15958e-05 0.0536911
0.0275068 -0.0090161 0.0287646 -0.00656861 3.36848e-05 0.00856248
0.0287646 -0.00656861 0.0284573 -0.00568901 0.000288443 0.283849
0.0292206 -0.00568115 0.0311627 -0.00190211 3.75029e-05 0.0101866
0.0311627 -0.00190211 0.0330199 -0.00300032 0.000308196 0.80728
0.0266737 -0.015857 0.0288249 -0.011499 8.02515e-05 0.0539782
0.0284509 -0.0111656 0.0288249 -0.011499 0.000157179 0.00815253
0.0288998 -0.0113472 0.0297346 -0.00965597 7.79456e-05 0.046344
0.0297346 -0.00965597 0.0298551 -0.00969057 6.96664e-05 0.0191347
0.0297981 -0.00952739 0.0311641 -0.00675996 8.20082e-05 0.0863538
0.0311641 -0.00675996 0.0432496 -0.0115417 0.000128955 0.144274
0.0311641 -0.00675996 0.0313759 -0.00633085 8.19391e-05 0.0933225
0.0313759 -0.00633085 0.0435821 -0.0100104 0.000267027 0.731182
0.0290139 0.0107879 0.0299248 0.00969347 3.39452e-05 0.00625301
0.0299248 0.00969347 0.0333401 0.0115405 0.000538499 0.693842
0.0343745 0.00434743 0.0350615 0.00352199 2.9068e-05 0.00918519
0.0350615 0.00352199 0.0363161 0.00367761 0.00010947 0.0947464
0.0428417 -0.0134206 0.0432496 -0.0115417 7.87665e-05 0.198626
0.0432496 -0.0115417 0.0497351 -0.0141077 0.000127231 0.209963
0.0462178 -0.0108049 0.0472434 -0.0111141 0.000300904 0.920781
0.0462178 -0.0108049 0.0477308 -0.0116996 0.000266887 0.656809
-0.0079627 0.0321109 -0.00466419 0.0368821 5.37397e-05 0.0185172
-0.0224412 0.042739 -0.0079627 0.0321109 6.04747e-05 0.0139109
0.00873655 0.00914773 0.0121161 0.00794934 0.000135745 0.112201
0.00904148 0.0111793 0.00873655 0.00914773 9.26242e-05 0.0167054
-0.00774825 0.0211078 -0.0061909 0.0197194 0.000169427 0.162388
-0.0061909 0.0197194 -0.00592698 0.0200308 0.000247638 0.303787
0.00221908 -0.000551554 0.00699088 -0.00248235 0.0001026 0.166613
0.00221908 -0.000551554 0.00737671 8.81628e-05 0.000100577 0.104649
0.00651414 -0.00565849 0.00689861 -0.00309706 9.71722e-05 0.155322
0.00651414 -0.00565849 0.0176116 -0.0112726 3.22401e-05 0.00144356
0.0405268 -0.0240839 0.0438179 -0.0249709 2.54166e-05 0.0116279
0.0401368 -0.0258803 0.0405268 -0.0240839 8.09475e-05 0.0281603
0.0352305 -0.0226563 0.0405268 -0.0240839 2.59417e-05 0.00951012
0.0352305 -0.0226563 0.0384951 -0.0218374 0.00010981 0.168492
0.0189592 -0.0267379 0.0205122 -0.0283397 0.000265823 0.106594
0.0189592 -0.0267379 0.0216341 -0.0260669 0.000107645 0.0966876
0.0167894 -0.0298705 0.0183164 -0.0268991 3.57091e-05 0.00928016
0.0183164 -0.0268991 0.0189592 -0.0267379 0.000105802 0.0872542
0.0170303 -0.0247483 0.0185933 -0.0263604 0.000267615 0.110376
0.0150887 -0.0254391 0.0170303 -0.0247483 0.000306868 0.731434
0.00714719 -0.0263067 0.00438304 -0.0198564 0.000112914 0.00632496
0.00714719 -0.0263067 0.00866106 -0.0277261 0.000146044 0.0631061
0.0117229 -0.0285531 0.0136947 -0.0290658 5.09087e-05 0.0134594
0.0117229 -0.0285531 0.0141232 -0.0279509 0.000106913 0.0865918
0.0100032 -0.0289844 0.012593 -0.0314127 0.000147655 0.0335369
0.0100032 -0.0289844 0.0117229 -0.0285531 0.000107336 0.0863888
0.00863331 -0.0277497 0.0087066 -0.0277688 5.21662e-05 0.0137147
0.00863331 -0.0277497 0.00994201 -0.0289998 0.000104865 0.0158944
0.00994201 -0.0289998 0.0100032 -0.0289844 0.000106544 0.085388
0.00994201 -0.0289998 0.0124898 -0.0314334 0.000103889 0.0157353
0.0306862 -0.0120701 0.0298551 -0.00969057 0.000290127 0.300286
0.0409692 -0.0162308 0.0306862 -0.0120701 8.60277e-05 0.000923322
0.0399979 -0.0214604 0.0411596 -0.021169 0.000107333 0.177502
0.0365775 -0.0184109 0.0399979 -0.0214604 0.000163892 0.372182
0.0401368 -0.0258803 0.0438293 -0.0251386 0.000122589 0.27634
0.0383635 -0.0340489 0.0401368 -0.0258803 7.63128e-05 0.0489565
0.000762129 0.0447311 0.00135499 0.0455887 5.24544e-05 0.00203049
0.000762129 0.0447311 -0.00309095 0.0493605 2.63146e-05 5.52523e-05
0.000762129 0.0447311 0.00203864 0.0431975 2.74493e-05 0.000607096
0.00135499 0.0455887 0.00203864 0.0431975 2.15545e-05 0.000156623
0.000327051 0.0491842 0.00371968 0.0490092 3.09266e-05 0.000541233
0.0198986 0.0232893 0.0313775 0.0169369 0.000130152 0.071161
0.0313775 0.0169369 0.0350957 0.0266099 8.15388e-05 0.0116582
0.0394669 0.014854 0.0397398 0.0147875 0.00012677 0.312068
0.0394669 0.014854 0.0398921 0.015084 0.00043999 0.0655929
0.00581157 -0.0250544 0.00716424 -0.0263465 0.000102985 0.0318611
0.00581157 -0.0250544 0.00714719 -0.0263067 0.000146259 0.0657492
0.0254374 0.00148353 0.0260859 0.00110009 0.000327008 0.554455
0.025707 0.00218477 0.0254374 0.00148353 7.62943e-05 0.00539308
0.0256477 0.00235438 0.0257784 0.00237058 0.000110174 0.0963877
0.0253302 0.00326358 0.0256477 0.00235438 0.000303825 0.389087
0.0131918 0.0485206 0.0145618 0.0497459 0.000161201 0.0010815
0.0117214 0.0485964 0.0131918 0.0485206 3.09266e-05 3.64793e-05
0.0121161 0.00794934 0.0138625 0.00184068 2.28188e-05 0.00307362
0.00837422 0.00673381 0.0138625 0.00184068 0.000160397 0.179812
0.0144448 0.00132159 0.0203295 0.00450413 0.0005695 0.583445
0.0138625 0.00184068 0.0144448 0.00132159 0.000160038 0.180177
0.0259314 -0.00468961 0.0284573 -0.00568901 0.00012509 0.0528101
0.0259314 -0.00468961 0.0283644 -0.00542305 0.000266633 0.279675
0.023443 -0.00370508 0.0259314 -0.00468961 0.000154862 0.0914546
0.023443 -0.00370508 0.0254374 0.00148353 8.12143e-05 0.00726468
0.017402 -0.00131493 0.023443 -0.00370508 0.000158303 0.0913693
0.0147961 0.00100841 0.017402 -0.00131493 0.000200673 0.127268
0.0245446 -0.01478 0.0267548 -0.0104793 3.43829e-05 0.0103165
0.0267548 -0.0104793 0.0284509 -0.0111656 9.21026e-05 0.0227288
0.0267548 -0.0104793 0.0270459 -0.00991294 3.67441e-05 0.00881561
0.0253428 -0.00839457 0.0270459 -0.00991294 0.000148017 0.00891427
0.0266737 -0.015857 0.0267349 -0.015888 3.51769e-05 0.00334906
0.026667 -0.0158706 0.0266737 -0.015857 8.05386e-05 0.0540572
0.0245446 -0.01478 0.0266737 -0.015857 3.27289e-05 0.00293173
0.0242964 -0.0152629 0.0245446 -0.01478 3.47745e-05 0.0106286
0.0169039 -0.0356497 0.0169698 -0.0355163 7.72667e-05 0.0469523
0.0169698 -0.0355163 0.0273164 -0.0452172 0.000139257 0.0378962
0.021715 -0.0295804 0.0227844 -0.0293656 0.00012437 0.149383
0.021715 -0.0295804 0.0233188 -0.0312346 0.000259924 0.0895041
-0.00179886 0.0249024 0.00367248 0.0235701 0.000133057 0.0883287
-0.00179886 0.0249024 -0.000396682 0.0265571 0.000256754 0.387382
-0.00592698 0.0200308 0.00904148 0.0111793 0.00026615 0.435609
-0.00592698 0.0200308 -0.00179886 0.0249024 0.000258678 0.367824
-0.0158391 0.0283212 -0.0126117 0.0254439 0.000173957 0.156562
-0.0126117 0.0254439 -0.0125074 0.0255371 0.000188591 0.238013
-0.00815148 0.0012256 -0.00570439 0.000522754 7.64715e-05 0.0569773
-0.00815148 0.0012256 -0.00550027 -0.00150901 0.000279773 0.232044
-0.0198142 0.00364269 -0.0198871 0.00459629 9.24431e-05 0.015957
-0.0198142 0.00364269 -0.0191786 0.00439278 0.000279674 0.622979
-0.0228853 0.00545744 -0.0205196 0.00281026 0.000315032 0.412647
-0.0205196 0.00281026 -0.0198142 0.00364269 0.000281288 0.618825
0.0135888 0.000858667 0.014069 0.00111839 0.000587709 0.562963
0.0135888 0.000858667 0.0141243 0.000925088 0.000130199 0.0437256
0.0123094 0.00069998 0.0135888 0.000858667 0.000100012 0.0506184
0.0123094 0.00069998 0.0128788 0.000474693 0.00013902 0.165045
0.00873655 0.00914773 0.00837422 0.00673381 9.09923e-05 0.0269548
0.0036393 0.0109552 0.00837422 0.00673381 0.000160982 0.173908
-0.0168351 0.00715826 -0.0120106 0.00520616 0.000106237 0.0738607
-0.0168351 0.00715826 -0.0161305 0.00798981 0.000279234 0.632044
0.01489 -0.0335663 0.0163886 -0.0306503 3.67204e-05 0.00994153
0.0163886 -0.0306503 0.0183068 -0.030265 0.000122762 0.113657
0.01489 -0.0335663 0.0169698 -0.0355163 0.000145893 0.0358298
0.014835 -0.0336735 0.01489 -0.0335663 3.55159e-05 0.0102835
-0.0161305 0.00798981 -0.0141226 0.00738455 0.000288394 0.63462
-0.0161305 0.00798981 -0.0154677 0.00877195 0.000303309 0.762517
0.0218346 0.0194136 0.0243782 0.0185281 0.000247099 0.322841
0.0181373 0.0238556 0.0218346 0.0194136 2.78111e-05 0.00206835
0.00367658 0.0374684 0.00498158 0.0329039 3.00569e-05 0.00345554
0.00664838 0.0348709 0.00498158 0.0329039 0.000345683 0.0684983
0.00498158 0.0329039 0.00493436 0.0328482 0.000340442 0.0697457
0.0282438 0.00878432 0.0299248 0.00969347 0.000538647 0.693797
0.0290139 0.0107879 0.0282438 0.00878432 7.71561e-05 0.00875381
0.025707 0.00218477 0.0260859 0.00110009 0.000305987 0.375064
0.0260859 0.00110009 0.0311627 -0.00190211 0.000308609 0.805529
0.0284573 -0.00568901 0.0283644 -0.00542305 0.000286489 0.241729
0.0284573 -0.00568901 0.0290883 -0.00593867 0.000129557 0.14841
0.0290883 -0.00593867 0.0292206 -0.00568115 3.76371e-05 0.0185284
0.0292206 -0.00568115 0.0313759 -0.00633085 0.000267261 0.71698
0.0270459 -0.00991294 0.0284509 -0.0111656 0.000150551 0.00896469
0.0284509 -0.0111656 0.0288998 -0.0113472 8.95089e-05 0.0241498
0.0288249 -0.011499 0.0288998 -0.0113472 7.91349e-05 0.0478859
0.0288998 -0.0113472 0.0306862 -0.0120701 9.14707e-05 0.0255683
0.0221123 0.0190799 0.0290139 0.0107879 3.2371e-05 0.00544983
0.0303184 0.0141817 0.0290139 0.0107879 8.68963e-05 0.00818508
0.00135499 0.0455887 0.00371968 0.0490092 5.06882e-05 0.00196932
0.00135499 0.0455887 0.000327051 0.0491842 2.13905e-05 0.00015477
-0.00309095 0.0493605 0.000327051 0.0491842 3.09266e-05 0.000434186
0.0257784 0.00237058 0.0260267 0.00301657 7.77035e-05 0.00726475
0.0257784 0.00237058 0.027312 0.0025608 0.000109969 0.0980508
0.025707 0.00218477 0.0257784 0.00237058 7.68445e-05 0.00946869
0.0256477 0.00235438 0.025707 0.00218477 0.000306042 0.378718
0.0283644 -0.00542305 0.0292206 -0.00568115 0.000267312 0.715664
0.0260859 0.00110009 0.0283644 -0.00542305 0.000318445 0.149108
0.0290883 -0.00593867 0.0311641 -0.00675996 0.000129441 0.148097
0.0287646 -0.00656861 0.0290883 -0.00593867 3.66833e-05 0.0174395
