# time=600000
x1 y1 x2 y2 aperture velocity
0.0443843 -0.00631477 0.05 -0.010437 6.06253e-05 0.0327118
0.0440694 -0.0250904 0.05 -0.0303778 0.000166895 0.421377
-0.05 0.000316541 -0.04286 -0.00160796 2.22582e-05 0.00353494
-0.05 -0.0312056 -0.04959 -0.0314953 0.000336993 0.395139
0.0474957 0.00801726 0.05 0.0066314 0.000135857 0.2929
0.0458809 0.000579001 0.05 -0.00302134 0.000229667 0.558754
-0.05 0.0299759 -0.0423835 0.0272751 0.000129727 0.119552
-0.05 -0.0125039 -0.0419318 -0.0146018 4.557e-05 0.0136492
0.0450408 -0.0429945 0.05 -0.0416201 0.000100758 0.24788
0.0477065 0.0302897 0.05 0.0347524 3.30499e-05 0.0127839
-0.05 -0.043985 -0.0489825 -0.0437807 0.000111127 0.0414457
-0.05 0.0229315 -0.0399407 0.0178426 3.11145e-05 0.00647324
-0.05 0.0272741 -0.046455 0.0239504 0.000136991 0.102518
-0.05 -0.00702845 -0.0488496 -0.00688577 9.47979e-05 0.0648915
0.0497351 -0.0141077 0.05 -0.014426 2.97977e-05 0.00798545
0.0490599 0.0294953 0.05 0.0313998 7.63035e-05 0.0844551
-0.05 0.025353 -0.046455 0.0239504 0.00011701 0.0953342
-0.05 0.0444191 -0.0461801 0.0430894 0.000235913 0.429352
-0.05 0.0366396 -0.0228218 0.0300215 0.00011736 0.107492
-0.05 0.0132453 -0.0320246 0.00808241 6.46759e-05 0.0298865
-0.05 0.00378124 -0.039767 0.00115824 2.26532e-05 0.00368178
0.0487448 0.0137711 0.05 0.0195529 7.64065e-05 0.0398584
-0.05 -0.0286948 -0.0496576 -0.0281995 4.88291e-05 0.00812103
-0.05 -0.0319792 -0.04959 -0.0314953 0.000240742 0.159645
-0.05 0.0181997 -0.0357353 0.0138996 0.000365411 0.958507
-0.05 -0.027879 -0.0496576 -0.0281995 0.000102473 0.0459122
-0.05 -0.00799343 -0.0488104 -0.00692954 0.000172828 0.162009
-0.05 -0.00560268 -0.0488496 -0.00688577 4.70573e-05 0.0107557
0.0487448 0.0137711 0.05 0.0125904 7.71129e-05 0.139392
-0.05 -0.0440359 -0.0489825 -0.0437807 9.49983e-05 0.0299645
-0.05 -0.0299924 -0.048906 -0.0306882 0.000111005 0.056796
-0.05 0.0415005 -0.0461801 0.0430894 3.30736e-05 0.00825055
0.0453562 -0.0476437 0.05 -0.044689 8.60457e-05 0.167985
-0.05 -0.00877678 -0.0433793 -0.0129873 2.93384e-05 0.00491239
-0.05 0.0282563 -0.0448113 0.0233 9.3618e-05 0.0475294
-0.05 0.0205776 -0.0374354 0.0154937 8.4088e-05 0.0491415
0.0490599 0.0294953 0.05 0.0289434 3.81192e-05 0.0410676
0.0429283 0.0469867 0.05 0.046622 3.09266e-05 0.0255616
-0.05 0.0460933 -0.0454404 0.043397 0.000393935 1.08876
-0.0228246 0.0430204 -0.0224412 0.042739 8.38052e-05 0.0231759
-0.0224412 0.042739 -0.0228816 0.0437668 0.00016005 0.0340381
0.0101839 0.0187903 0.0232593 0.00919225 5.30239e-05 0.0139281
0.0205138 0.0170522 0.0232593 0.00919225 0.000375853 0.839588
0.0348415 0.000690202 0.0369482 -0.000856241 5.81651e-05 0.0328706
0.0369482 -0.000856241 0.0394415 -0.00174035 0.000151458 0.227088
0.0369482 -0.000856241 0.0414656 -0.00417222 5.95281e-05 0.0300932
0.0394415 -0.00174035 0.0414656 -0.00417222 3.02539e-05 0.00619095
0.0414656 -0.00417222 0.0443843 -0.00631477 5.88389e-05 0.0305532
0.0441494 -0.00739678 0.0443843 -0.00631477 9.33233e-05 0.0145001
-0.0221296 0.0339296 -0.0165246 0.0289324 0.000330241 0.494973
-0.0184557 0.0334386 -0.0165246 0.0289324 0.000163355 0.0288255
0.0438103 -0.0248594 0.0439864 -0.0250164 0.00016822 0.415901
0.0439864 -0.0250164 0.0441792 -0.0250683 2.5655e-05 0.0127703
0.0439864 -0.0250164 0.0440694 -0.0250904 0.000167782 0.417057
0.0440694 -0.0250904 0.0441792 -0.0250683 0.000125853 0.314895
0.0017112 -0.0136216 -0.000285636 -0.00896189 0.000109979 0.00761666
0.0017112 -0.0136216 0.0051786 -0.0145562 2.3257e-05 0.00348071
0.00787526 -0.0280057 0.00765677 -0.0274958 0.000117723 0.000389585
0.00722648 -0.0282365 0.00787526 -0.0280057 0.000314856 0.734173
0.0111578 -0.0356656 0.0123643 -0.038481 0.000104593 0.00221024
0.00850765 -0.0459855 0.0123643 -0.038481 3.30298e-05 0.000342365
0.0123643 -0.038481 0.0138245 -0.0418884 0.000104587 0.00201058
0.011015 -0.0475801 0.0138245 -0.0418884 7.20998e-05 0.000343046
-0.0189195 -0.00806083 -0.00964767 -0.0105599 2.27538e-05 0.00271253
-0.0189195 -0.00806083 -0.0192217 -0.00410808 7.56801e-05 0.010064
-0.0313376 -0.00471369 -0.0277213 -0.00568841 2.3138e-05 0.00362526
-0.0313376 -0.00471369 -0.0263736 -0.00409799 9.76538e-05 0.0672693
-0.0330937 -0.00424034 -0.0313376 -0.00471369 2.34883e-05 0.00368883
-0.0330937 -0.00424034 -0.0309279 -0.00110746 5.11234e-05 0.0114048
-0.04286 -0.00160796 -0.0330937 -0.00424034 2.27786e-05 0.00337267
-0.04286 -0.00160796 -0.039767 0.00115824 0.000170399 0.161141
0.0331156 -0.0190251 0.0325395 -0.0173759 0.000298091 0.282753
0.0330102 -0.0190626 0.0331156 -0.0190251 0.000312121 0.798147
0.0383635 -0.0340489 0.0389133 -0.0356231 0.00027859 0.0573342
0.0389133 -0.0356231 0.0446417 -0.0371126 4.93102e-05 0.0571782
0.0389133 -0.0356231 0.0418017 -0.0438922 0.00027925 0.0556192
0.0369058 -0.045249 0.0418017 -0.0438922 0.000100833 0.249643
-0.0359186 -0.0411567 -0.0355098 -0.0414455 0.000273851 0.194863
-0.0359186 -0.0411567 -0.035836 -0.0411401 0.0001149 0.0678949
-0.04959 -0.0314953 -0.0366005 -0.0406747 0.000275899 0.211978
-0.04959 -0.0314953 -0.048906 -0.0306882 0.000304733 0.371169
0.0331156 -0.0190251 0.0355687 -0.0181523 0.000311954 0.402853
0.0355687 -0.0181523 0.0365775 -0.0184109 2.6196e-05 0.00759759
0.0360825 -0.0179695 0.0409692 -0.0162308 0.000311266 0.181023
0.0409692 -0.0162308 0.0421297 -0.0167004 9.59871e-05 0.192895
0.0409692 -0.0162308 0.0423373 -0.015744 0.000310997 0.121429
0.0423373 -0.015744 0.0421297 -0.0167004 8.23386e-05 0.168922
0.0179605 0.0243618 0.0198986 0.0232893 0.000136755 0.0829934
0.017648 0.0252564 0.0198986 0.0232893 0.000237787 0.196719
0.0372793 0.0136709 0.0387482 0.0128581 0.000138259 0.312447
0.0387482 0.0128581 0.0366047 0.00868707 4.16127e-05 0.00465806
0.0387482 0.0128581 0.0403972 0.0119455 0.000137182 0.315051
0.0403972 0.0119455 0.0381305 0.00735337 9.6787e-05 0.00842661
0.0403972 0.0119455 0.0474957 0.00801726 0.000137415 0.306964
0.0468369 0.00498253 0.0474957 0.00801726 0.000100168 0.00555009
-0.0179426 -0.0208395 -0.0189195 -0.00806083 7.82275e-05 0.00962104
-0.0179426 -0.0208395 0.00340241 -0.0263896 4.74163e-05 0.0119851
-0.0162276 -0.043272 -0.0166847 -0.0372934 7.77047e-05 0.00552569
0.0257193 0.0182016 0.0259861 0.0179684 0.000227475 0.214177
0.0259861 0.0179684 0.031091 0.0161914 0.000257102 0.323077
0.0259861 0.0179684 0.0303184 0.0141817 0.000258528 0.344409
0.031091 0.0161914 0.0303184 0.0141817 8.42891e-05 0.0106759
0.0303184 0.0141817 0.0333401 0.0115405 0.000255902 0.3475
0.0333401 0.0115405 0.0372793 0.0136709 0.000577213 0.684882
0.0381305 0.00735337 0.0415878 0.00433147 0.000238765 0.661292
0.0415878 0.00433147 0.0468369 0.00498253 0.000143405 0.281004
0.0415878 0.00433147 0.0458809 0.000579001 0.0002298 0.569445
0.0458809 0.000579001 0.0449531 -0.0036948 8.8413e-05 0.00220246
0.0121161 0.00794934 0.0180793 0.00583476 0.000137221 0.115703
0.0116303 0.00964834 0.0121161 0.00794934 2.39023e-05 0.00238339
-0.0423835 0.0272751 -0.0210423 0.0197074 0.000174788 0.23479
-0.05 0.0357977 -0.0423835 0.0272751 0.00034324 0.591664
-0.0405122 -0.0149709 -0.0400859 -0.0150818 4.58141e-05 0.0139971
-0.0405122 -0.0149709 -0.0404352 -0.0148596 4.99253e-05 0.010011
-0.0419318 -0.0146018 -0.0405122 -0.0149709 4.66011e-05 0.0145081
-0.0419318 -0.0146018 -0.0409862 -0.0156566 4.70573e-05 0.0101145
0.0418017 -0.0438922 0.0450408 -0.0429945 0.000100986 0.403066
0.0450408 -0.0429945 0.0453562 -0.0476437 0.000443373 0.0326009
0.0397398 0.0147875 0.0390393 0.0134246 3.76663e-05 0.016996
0.0397398 0.0147875 0.041579 0.0143397 0.000128975 0.329676
0.0398921 0.015084 0.0423221 0.0198124 3.41745e-05 0.00197419
0.0350957 0.0266099 0.0423221 0.0198124 8.06568e-05 0.0180771
0.0423221 0.0198124 0.0477065 0.0302897 3.81269e-05 0.0205141
0.0385714 0.0356521 0.0477065 0.0302897 3.56963e-05 0.0189307
-0.0489825 -0.0437807 -0.0359186 -0.0411567 0.00010987 0.0406172
-0.0489825 -0.0437807 -0.0366005 -0.0406747 9.64339e-05 0.0310025
-0.0399407 0.0178426 -0.0381487 0.0169361 3.18497e-05 0.00678662
-0.0399407 0.0178426 -0.0374354 0.0154937 0.000135668 0.100877
-0.046455 0.0239504 -0.0399407 0.0178426 0.000135819 0.100874
-0.046455 0.0239504 -0.0448113 0.0233 0.000118015 0.0974325
-0.0487472 -0.00687306 -0.0336164 -0.00499634 9.87036e-05 0.0673896
-0.0487472 -0.00687306 -0.04286 -0.00160796 0.00017064 0.160903
-0.0488496 -0.00688577 -0.0487472 -0.00687306 9.44985e-05 0.0646777
-0.0488496 -0.00688577 -0.0488104 -0.00692954 4.82261e-05 0.011317
0.0441494 -0.00739678 0.0472434 -0.0111141 3.38524e-05 0.00805849
0.0472434 -0.0111141 0.05 -0.011945 0.000324592 1.09161
0.0472434 -0.0111141 0.0477308 -0.0116996 3.73019e-05 0.00983588
0.0477308 -0.0116996 0.05 -0.0130415 0.00027518 0.702203
0.0477308 -0.0116996 0.0497351 -0.0141077 2.92492e-05 0.00565913
0.0497351 -0.0141077 0.05 -0.0142125 0.000129761 0.2201
0.0426945 0.0165995 0.0436595 0.0185545 7.65752e-05 0.0308906
0.0423221 0.0198124 0.0436595 0.0185545 7.26206e-05 0.0102363
0.0436595 0.0185545 0.0490599 0.0294953 7.64305e-05 0.0912502
0.0477065 0.0302897 0.0490599 0.0294953 3.87549e-05 0.0267164
0.0243782 0.0185281 0.0259861 0.0179684 0.000282218 0.437191
0.0243782 0.0185281 0.0257193 0.0182016 0.000154291 0.135895
-0.0461801 0.0430894 -0.0431173 0.0420233 0.000235746 0.42872
-0.0461801 0.0430894 -0.0454404 0.043397 4.04651e-05 0.0121978
0.0160235 -0.00571791 0.0147674 -0.00132426 2.13905e-05 0.000304678
0.0160235 -0.00571791 0.0220085 -0.00743691 6.86213e-05 0.00823927
0.018314 -0.0137295 0.0176116 -0.0112726 2.19228e-05 0.00323041
0.018314 -0.0137295 0.0194753 -0.0140272 2.33513e-05 0.00303169
0.0188582 -0.0156327 0.018314 -0.0137295 2.28598e-05 0.0022579
0.0188582 -0.0156327 0.0194753 -0.0140272 7.22481e-05 0.0461814
0.0233188 -0.0312346 0.0227844 -0.0293656 2.27148e-05 0.00199155
0.0233188 -0.0312346 0.0237512 -0.0316807 0.000263882 0.0922569
0.0273164 -0.0452172 0.0274652 -0.0457378 2.19072e-05 0.000411678
0.0274652 -0.0457378 0.0291917 -0.0473869 9.49827e-05 0.0183217
0.0274652 -0.0457378 0.0280288 -0.0477092 2.18181e-05 0.00111752
0.0106464 0.0218719 0.0173765 0.0202331 0.000133288 0.0722287
0.0106464 0.0218719 0.0108513 0.0232368 9.79302e-05 0.0196773
-0.0228218 0.0300215 -0.021812 0.0297757 0.000133145 0.150261
-0.0228218 0.0300215 -0.0217839 0.0294078 0.000272426 0.506681
-0.0228853 0.00545744 -0.0198871 0.00459629 8.59637e-05 0.0589791
-0.024861 0.00766809 -0.0228853 0.00545744 0.000328746 0.445202
-0.0275275 0.00679075 -0.0258088 0.00629711 9.17027e-05 0.0580023
-0.0275275 0.00679075 -0.0262868 0.00560566 0.000107031 0.052992
-0.0320246 0.00808241 -0.0284296 0.00704984 6.81906e-05 0.0303578
-0.0320246 0.00808241 -0.0307483 0.00922386 0.000169463 0.161227
-0.0128852 -0.00573227 -0.000285636 -0.00896189 2.43243e-05 0.00408659
-0.015546 -0.00275501 -0.0128852 -0.00573227 0.000283918 0.194135
-0.0192217 -0.00410808 -0.0155158 -0.00505798 2.33017e-05 0.00280937
-0.0192217 -0.00410808 -0.0192896 -0.00321934 7.65101e-05 0.0105473
-0.0215804 -0.00350347 -0.0192217 -0.00410808 2.84938e-05 0.00388837
-0.0215804 -0.00350347 -0.0192896 -0.00321934 0.000118457 0.0806529
-0.0309279 -0.00110746 -0.0251044 -0.00260018 2.33109e-05 0.0036561
-0.0309279 -0.00110746 -0.0265237 0.00526295 5.04071e-05 0.011513
-0.039767 0.00115824 -0.0309279 -0.00110746 2.3324e-05 0.00353761
-0.039767 0.00115824 -0.0320246 0.00808241 0.000170218 0.161318
0.0487448 0.0137711 0.0485023 0.0126538 7.68105e-05 0.0232425
0.0446268 0.0176446 0.0487448 0.0137711 7.71239e-05 0.202008
-0.0496576 -0.0281995 -0.0409862 -0.0156566 4.95273e-05 0.00952535
-0.0496576 -0.0281995 -0.0480626 -0.0296929 0.000102239 0.0452814
-0.0141226 0.00738455 -0.00627716 0.00501956 0.00036466 1.14594
-0.0141226 0.00738455 -0.0120106 0.00520616 0.000282849 0.242366
-0.0346169 0.0135625 -0.0284738 0.0117107 0.000346129 0.877754
-0.0346169 0.0135625 -0.0304004 0.00953495 0.000139555 0.102497
-0.0357353 0.0138996 -0.0346169 0.0135625 0.000351695 0.891208
-0.0357353 0.0138996 -0.0307483 0.00922386 0.000211551 0.237374
0.0119722 -0.0335468 0.0127054 -0.0316394 7.08111e-05 0.0371299
0.0104497 -0.0318432 0.0119722 -0.0335468 0.000263659 0.0233351
0.00744961 -0.0453126 0.0111578 -0.0356656 6.5158e-05 0.00156862
0.00744961 -0.0453126 0.00850765 -0.0459855 2.93384e-05 0.00122848
-0.0488104 -0.00692954 -0.0487472 -0.00687306 0.000172606 0.162197
-0.0488104 -0.00692954 -0.0433793 -0.0129873 4.9831e-05 0.0110249
0.0119722 -0.0335468 0.0138311 -0.0356268 0.000258963 0.0153664
0.0123643 -0.038481 0.0138311 -0.0356268 3.30306e-05 0.000974952
0.0138311 -0.0356268 0.0158179 -0.0378499 0.00025763 0.0141927
0.0138245 -0.0418884 0.0158179 -0.0378499 7.21009e-05 0.00325952
-0.0154677 0.00877195 -0.0141226 0.00738455 0.000419817 0.682696
-0.0154677 0.00877195 -0.0136158 0.0109574 0.000243544 0.327641
-0.0200574 0.0135061 -0.0154677 0.00877195 0.000328386 0.170655
-0.0200574 0.0135061 -0.0136158 0.0109574 0.00013555 0.0696509
-0.020612 0.0140781 -0.0205055 0.0139682 0.0003212 0.0650486
-0.0209133 0.0180196 -0.020612 0.0140781 8.77316e-05 0.0573085
0.0438103 -0.0248594 0.0438179 -0.0249709 0.000475541 0.00447775
0.0429468 -0.0240894 0.0438103 -0.0248594 0.000168079 0.395137
0.0434931 -0.0201836 0.0435198 -0.020577 0.000475854 0.000747707
0.0434931 -0.0201836 0.044282 -0.0203858 2.26532e-05 0.00875072
-0.0336307 -0.0427735 -0.0312417 -0.0419235 0.000319779 0.584702
-0.0332804 -0.0406268 -0.0312417 -0.0419235 0.000112968 0.038937
-0.0332804 -0.0406268 -0.0208395 -0.0381279 0.000122441 0.086114
-0.048906 -0.0306882 -0.0429602 -0.03447 0.000151218 0.0653293
-0.048906 -0.0306882 -0.0480626 -0.0296929 0.000295473 0.370705
0.00695375 -0.00272968 0.00723125 -0.00257961 0.000515237 0.0805842
0.00699088 -0.00248235 0.00695375 -0.00272968 0.000108885 0.159323
0.00649095 -0.00297997 0.00695375 -0.00272968 0.000502727 0.026173
0.00689861 -0.00309706 0.00649095 -0.00297997 7.66116e-05 0.0573361
0.00116224 -0.0413141 0.00744961 -0.0453126 3.0466e-05 0.00453783
0.00116224 -0.0413141 0.00233931 -0.0334722 8.36093e-05 0.000736514
-0.00984838 -0.0343117 -0.00792624 -0.0355342 3.32943e-05 0.0039271
-0.0167256 -0.0367587 -0.00984838 -0.0343117 0.000316847 0.599908
-0.0172736 -0.0295896 -0.0102404 -0.0340624 3.20163e-05 0.00429627
-0.0172736 -0.0295896 -0.0179426 -0.0208395 7.9899e-05 0.00749352
-0.0400859 -0.0150818 -0.0372237 -0.016902 2.94733e-05 0.0050225
-0.0400859 -0.0150818 -0.0364765 -0.0160203 4.59557e-05 0.0141195
-0.0404352 -0.0148596 -0.0400859 -0.0150818 2.99691e-05 0.00519327
-0.0404352 -0.0148596 -0.0336164 -0.00499634 4.97453e-05 0.0102041
-0.0433793 -0.0129873 -0.0404352 -0.0148596 3.03702e-05 0.0053817
-0.0433793 -0.0129873 -0.0419318 -0.0146018 4.85967e-05 0.0109073
-0.0360532 0.0149344 -0.0346169 0.0135625 9.51831e-05 0.0492397
-0.0360532 0.0149344 -0.0286934 0.0119564 8.61356e-05 0.0524755
-0.0381487 0.0169361 -0.0360532 0.0149344 9.58187e-05 0.0499884
-0.0381487 0.0169361 -0.0290135 0.0123146 3.17571e-05 0.00684651
-0.0448113 0.0233 -0.0381487 0.0169361 9.59956e-05 0.0499096
-0.0448113 0.0233 -0.0355598 0.0196396 0.000116576 0.0957061
-0.0374354 0.0154937 -0.0360532 0.0149344 8.58988e-05 0.0514207
-0.0374354 0.0154937 -0.0357353 0.0138996 0.000134735 0.0994624
0.0173765 0.0202331 0.0205138 0.0170522 0.000701491 0.512319
0.0205138 0.0170522 0.019591 0.0196938 0.000375451 0.116728
-0.0103577 0.0497353 -0.00309095 0.0493605 3.09266e-05 0.00036368
0.0180047 0.0482723 0.0429283 0.0469867 3.09266e-05 0.00625158
-0.0431173 0.0420233 -0.0228218 0.0300215 0.000276573 0.52581
-0.0431173 0.0420233 -0.0235794 0.0352221 0.000356538 1.07144
-0.0454404 0.043397 -0.0431173 0.0420233 0.000392391 1.08658
-0.0454404 0.043397 -0.0367862 0.0469967 5.33591e-05 0.0567213
-0.0313319 0.0492653 -0.0228246 0.0430204 4.92662e-05 0.00426373
-0.0228246 0.0430204 -0.0228816 0.0437668 0.000107033 0.0467581
-0.0228816 0.0437668 -0.0246774 0.0479573 0.000158796 0.0429888
-0.0228816 0.0437668 -0.0231368 0.0471047 0.000100767 0.0359843
0.00367248 0.0235701 0.00870661 0.0198747 5.80249e-05 0.0152044
0.00794775 0.022529 0.00870661 0.0198747 2.36048e-05 0.00132161
0.00870661 0.0198747 0.0101839 0.0187903 5.57131e-05 0.0157214
0.0106464 0.0218719 0.0101839 0.0187903 9.43974e-05 0.00559173
0.0315732 0.00308933 0.0331377 0.0019409 5.94332e-05 0.0321971
0.0331377 0.0019409 0.0325092 0.000717867 3.42317e-05 7.65395e-05
0.0331377 0.0019409 0.0348415 0.000690202 5.89428e-05 0.0323167
0.0345057 9.88431e-06 0.0348415 0.000690202 8.61042e-05 0.000264207
0.0394415 -0.00174035 0.0449531 -0.0036948 0.000150895 0.228274
0.0358009 0.00263369 0.0394415 -0.00174035 2.97545e-05 0.00801199
0.0437291 -0.00933319 0.0441494 -0.00739678 9.89582e-05 0.0146024
0.0414656 -0.00417222 0.0441494 -0.00739678 2.93239e-05 0.00617154
-0.0235794 0.0352221 -0.0221296 0.0339296 0.000343501 0.50556
-0.0221296 0.0339296 -0.0221915 0.034739 0.000178159 0.0668255
-0.0184557 0.0334386 -0.0224412 0.042739 0.000162171 0.0273962
-0.0184557 0.0334386 -0.00925826 0.030237 0.000314427 0.658921
0.0441792 -0.0250683 0.0456829 -0.0254736 2.56336e-05 0.0121826
0.0441792 -0.0250683 0.0446821 -0.0249673 0.000125869 0.314975
-0.0140892 0.0232492 -0.0110535 0.0161654 0.000132026 0.0517065
-0.0110535 0.0161654 -0.00963023 0.0156607 0.0001462 0.156366
-0.00416004 7.91886e-05 -0.00517119 0.00243874 0.000118196 0.0177049
-0.00416004 7.91886e-05 -0.00070239 -0.000913913 7.82151e-05 0.0734185
-0.000285636 -0.00896189 -0.00187863 -0.00524458 0.00010814 0.00786706
-0.000285636 -0.00896189 0.00239031 -0.00964781 2.36066e-05 0.00365728
0.0282205 -0.0207668 0.034296 -0.0224044 2.46494e-05 0.00462368
0.0234044 -0.0224804 0.0282205 -0.0207668 0.000312402 0.798085
0.0196669 -0.0184613 0.0222895 -0.0191682 2.29436e-05 0.00245401
0.0196669 -0.0184613 0.0188582 -0.0156327 2.33889e-05 0.00269816
0.00784604 -0.0152752 0.0179489 -0.0179983 2.39883e-05 0.00407102
0.00784604 -0.0152752 0.0158301 -0.0235104 0.000269573 0.155145
0.0051786 -0.0145562 0.00784604 -0.0152752 2.33693e-05 0.00325628
0.0051786 -0.0145562 0.00544276 -0.0127963 9.0867e-05 0.042578
0.00765677 -0.0274958 0.00716424 -0.0263465 0.000116184 0.000641775
0.00765677 -0.0274958 0.00861096 -0.0277439 5.12109e-05 0.015547
-0.00984838 -0.0343117 -0.00653594 -0.0331332 0.000316464 0.600973
-0.00653594 -0.0331332 0.00273943 -0.0308065 0.000110904 0.0732846
0.0028938 -0.0297781 0.00722648 -0.0282365 0.000316513 0.607334
0.00623387 -0.0271258 0.00722648 -0.0282365 0.000282862 0.197864
0.00866303 -0.0298439 0.00846053 -0.0293714 0.000119304 0.0262177
0.00828097 -0.0294164 0.00866303 -0.0298439 0.000280153 0.053822
0.00959347 -0.0320152 0.0111578 -0.0356656 0.000116035 0.00504168
0.0111578 -0.0356656 0.0119722 -0.0335468 7.1372e-05 0.00638965
0.00850765 -0.0459855 0.011015 -0.0475801 2.93384e-05 0.000843042
-0.0092509 -0.0106669 -0.00822913 -0.0109423 2.7772e-05 0.00500363
-0.0092509 -0.0106669 -0.00395127 -0.015729 0.000111132 0.0380158
-0.00964767 -0.0105599 -0.0092509 -0.0106669 2.74156e-05 0.00322819
-0.00964767 -0.0105599 -0.00300402 -0.016789 0.000158235 0.0765518
-0.0277213 -0.00568841 -0.0189195 -0.00806083 2.48682e-05 0.00284453
-0.0277213 -0.00568841 -0.0263736 -0.00409799 0.000284202 0.38444
-0.0263736 -0.00409799 -0.0215804 -0.00350347 0.00011905 0.0801408
-0.0263736 -0.00409799 -0.0251044 -0.00260018 0.000278872 0.381133
0.0241711 0.00658176 0.0253302 0.00326358 0.00030937 0.442438
0.0253302 0.00326358 0.0260267 0.00301657 0.000153102 0.189837
0.0298551 -0.00969057 0.0297981 -0.00952739 0.000298262 0.305735
0.0298551 -0.00969057 0.0428417 -0.0134206 7.35939e-05 0.0370647
0.0325395 -0.0173759 0.0312384 -0.0136508 0.000297999 0.283005
0.0325395 -0.0173759 0.0355687 -0.0181523 2.39443e-05 0.000957037
0.0282205 -0.0207668 0.0330102 -0.0190626 0.000312187 0.798544
0.0330102 -0.0190626 0.0331542 -0.0191354 3.59132e-05 0.00866806
0.0358135 -0.0267486 0.0383635 -0.0340489 0.000278994 0.0546596
0.0380694 -0.0354037 0.0383635 -0.0340489 7.83352e-05 0.058822
0.0446417 -0.0371126 0.05 -0.0385058 4.76168e-05 0.0514212
0.0450408 -0.0429945 0.0446417 -0.0371126 0.000432457 0.00294506
0.0358697 -0.0455362 0.0369058 -0.045249 9.73496e-05 0.0540972
-0.0355098 -0.0414455 -0.0336307 -0.0427735 0.000273911 0.193741
-0.0355098 -0.0414455 -0.0339645 -0.0428923 0.000104684 0.0246086
-0.035836 -0.0411401 -0.0332804 -0.0406268 0.000114584 0.0701994
-0.035836 -0.0411401 -0.0355098 -0.0414455 0.000105508 0.0216132
-0.0366005 -0.0406747 -0.0359186 -0.0411567 0.000275001 0.206188
-0.0366005 -0.0406747 -0.0363896 -0.0406218 9.99317e-05 0.0477565
0.0414853 -0.0196689 0.0434931 -0.0201836 2.53788e-05 0.0218304
0.0414853 -0.0196689 0.0411596 -0.021169 7.88992e-05 0.0737371
0.0365775 -0.0184109 0.0414853 -0.0196689 2.55574e-05 0.00830918
0.0360825 -0.0179695 0.0365775 -0.0184109 0.000167414 0.391597
0.0355687 -0.0181523 0.0360825 -0.0179695 0.000311574 0.402779
0.0360825 -0.0179695 0.0312384 -0.0136508 0.000166013 0.0216276
0.0421297 -0.0167004 0.0485758 -0.0193087 9.69892e-05 0.270801
0.0421297 -0.0167004 0.0414853 -0.0196689 7.90925e-05 0.0778767
0.00770911 0.0300349 0.0115525 0.027908 0.000146808 0.0251337
0.0119076 0.030274 0.0115525 0.027908 9.43391e-05 0.000150275
0.0175072 0.0246126 0.0179605 0.0243618 0.000133019 0.0338814
0.017648 0.0252564 0.0179605 0.0243618 0.000327954 0.0647477
-0.00126987 0.0417919 0.00223883 0.0387251 0.00020351 0.0108012
0.00223883 0.0387251 0.00309769 0.0394932 0.00016206 0.0655007
0.00367658 0.0374684 0.00664838 0.0348709 0.000276088 0.322294
0.00664838 0.0348709 0.00781914 0.0362525 0.00037 0.0843796
0.0119076 0.030274 0.015165 0.0274268 0.000264189 0.106408
0.0120432 0.0311774 0.015165 0.0274268 2.6423e-05 0.000978423
0.015165 0.0274268 0.017648 0.0252564 0.0002571 0.109244
0.0131062 0.0382591 0.017648 0.0252564 0.000343221 0.116324
0.0317427 0.0167348 0.0354949 0.0146584 0.000140759 0.100321
0.0354949 0.0146584 0.0376915 0.0138938 0.000258687 0.332812
0.0354949 0.0146584 0.0372793 0.0136709 0.000127111 0.0845148
0.0372793 0.0136709 0.0376915 0.0138938 0.00057387 0.632315
0.0366047 0.00868707 0.0343745 0.00434743 4.09892e-05 0.00255844
0.0333401 0.0115405 0.0366047 0.00868707 0.000240802 0.658738
0.0381305 0.00735337 0.0363161 0.00367761 0.000103833 0.0157646
0.0366047 0.00868707 0.0381305 0.00735337 0.000239058 0.663917
0.0458809 0.000579001 0.0468369 0.00498253 9.9108e-05 0.0235716
0.0468369 0.00498253 0.05 0.00537486 0.000141713 0.296922
0.00340241 -0.0263896 0.00623387 -0.0271258 5.25548e-05 0.0143667
0.00340241 -0.0263896 0.00371497 -0.0243073 9.26785e-05 0.0239767
-0.0166847 -0.0372934 -0.0167256 -0.0367587 8.56678e-05 0.00933811
-0.0166847 -0.0372934 -0.00792624 -0.0355342 0.000127523 0.0953409
0.0198986 0.0232893 0.0257193 0.0182016 0.000234158 0.201044
0.0257193 0.0182016 0.0313377 0.0168335 0.00015988 0.120863
0.031091 0.0161914 0.0354949 0.0146584 0.000255691 0.3235
0.0313377 0.0168335 0.031091 0.0161914 8.86507e-05 0.0062257
0.0443843 -0.00631477 0.0449531 -0.0036948 8.40434e-05 0.0138946
0.0449531 -0.0036948 0.05 -0.00548444 0.000150077 0.238597
0.0180793 0.00583476 0.0209244 0.00482588 0.000140558 0.115716
0.0180793 0.00583476 0.0203295 0.00450413 0.000268121 0.448772
0.00978205 0.0161131 0.0116303 0.00964834 2.18935e-05 0.00165965
0.0116303 0.00964834 0.0180793 0.00583476 0.000269414 0.448059
-0.0195985 0.0191954 -0.0174246 0.0184246 0.000143664 0.153895
-0.0195985 0.0191954 -0.0143597 0.0238806 0.000213329 0.267701
-0.0210423 0.0197074 -0.0195985 0.0191954 0.000171829 0.232573
-0.0217839 0.0294078 -0.0210423 0.0197074 7.64267e-05 0.00293911
-0.0409862 -0.0156566 -0.0385093 -0.0184192 4.74383e-05 0.0101764
-0.0409862 -0.0156566 -0.0405122 -0.0149709 4.88291e-05 0.00952252
0.0390393 0.0134246 0.0387482 0.0128581 4.68387e-05 0.0045841
0.0390393 0.0134246 0.0408212 0.0128043 0.000281407 1.39049
0.041579 0.0143397 0.0485023 0.0126538 0.00012824 0.358124
0.041579 0.0143397 0.0408212 0.0128043 8.05663e-05 0.0529789
0.0398921 0.015084 0.0397398 0.0147875 3.55712e-05 0.0203937
0.0398921 0.015084 0.0426945 0.0165995 0.000445144 0.0662359
0.00945447 0.0487133 0.0117214 0.0485964 3.09266e-05 0.000151167
0.0124794 0.0478835 0.0142945 0.0461761 7.219e-05 0.00448438
0.0146352 0.0484461 0.0142945 0.0461761 8.30702e-05 0.00188752
0.0142945 0.0461761 0.0153706 0.0451639 7.21899e-05 0.00420482
0.0153706 0.0451639 0.0176949 0.0479067 0.000219052 0.00183133
0.0153706 0.0451639 0.0350957 0.0266099 7.22652e-05 0.0192813
0.0350957 0.0266099 0.0385714 0.0356521 6.46728e-05 0.0157302
0.0148086 0.049601 0.0169823 0.0483251 3.56763e-05 0.000850055
0.0146352 0.0484461 0.0169823 0.0483251 3.09266e-05 0.000565525
0.0169823 0.0483251 0.0176949 0.0479067 3.56763e-05 0.000874151
0.0176949 0.0479067 0.0180047 0.0482723 0.000219052 0.000806704
0.0176949 0.0479067 0.0385714 0.0356521 3.56763e-05 0.00716536
0.0385714 0.0356521 0.0429283 0.0469867 6.4639e-05 0.00923889
-0.0336164 -0.00499634 -0.0313376 -0.00471369 9.78597e-05 0.0670994
-0.0336164 -0.00499634 -0.0330937 -0.00424034 5.17663e-05 0.0114528
0.0426945 0.0165995 0.041579 0.0143397 7.73296e-05 0.0992373
0.0426945 0.0165995 0.0446268 0.0176446 0.000444553 0.0437409
0.014069 0.00111839 0.0141243 0.000925088 3.23769e-05 0.0026364
0.0141243 0.000925088 0.0147961 0.00100841 0.000140425 0.0514128
0.0144284 -0.000138394 0.0147674 -0.00132426 3.22972e-05 0.00264171
0.0147674 -0.00132426 0.0187637 -0.00252893 0.000241503 0.181128
0.0220085 -0.00743691 0.0253428 -0.00839457 6.6562e-05 0.0130945
0.0220085 -0.00743691 0.0225854 -0.0059362 6.66521e-05 0.0231511
0.0161591 -0.00619204 0.0160235 -0.00571791 2.3697e-05 0.00220298
0.0161591 -0.00619204 0.0216353 -0.00840786 8.8708e-05 0.00833622
0.0176116 -0.0112726 0.0161591 -0.00619204 2.14703e-05 0.00326527
0.0176116 -0.0112726 0.0200584 -0.0125104 3.15591e-05 0.00149391
0.0194753 -0.0140272 0.0242964 -0.0152629 2.39687e-05 0.00238172
0.0194753 -0.0140272 0.0200584 -0.0125104 7.19381e-05 0.046571
0.0207342 -0.0221945 0.0196669 -0.0184613 2.36152e-05 0.00216506
0.0199569 -0.023707 0.0207342 -0.0221945 3.74893e-05 0.0108514
0.0217653 -0.025801 0.0210549 -0.0233163 2.36016e-05 0.00118927
0.0216341 -0.0260669 0.0217653 -0.025801 8.32535e-05 0.0484544
0.0218274 -0.0260184 0.0217653 -0.025801 2.39487e-05 0.000793028
0.0218274 -0.0260184 0.0344522 -0.0228515 0.000108501 0.105489
0.0227844 -0.0293656 0.0218274 -0.0260184 2.35197e-05 0.00131987
0.0227844 -0.0293656 0.0358135 -0.0267486 0.000126754 0.157254
0.0237512 -0.0316807 0.0361102 -0.0444284 0.000262113 0.0913251
0.0237512 -0.0316807 0.0380694 -0.0354037 4.98769e-05 0.0216745
0.0234218 -0.031595 0.0233188 -0.0312346 2.3093e-05 0.00153271
0.0234218 -0.031595 0.0237512 -0.0316807 4.94117e-05 0.0136324
0.0273164 -0.0452172 0.0234218 -0.031595 2.16642e-05 0.00116789
0.0273164 -0.0452172 0.0295304 -0.047293 0.000139442 0.0385493
0.0280288 -0.0477092 0.0291917 -0.0473869 9.41363e-05 0.000259008
0.0173765 0.0202331 0.019591 0.0196938 0.000165138 0.0833896
0.0162766 0.0213483 0.0173765 0.0202331 0.000709918 0.512075
0.0108513 0.0232368 0.0113219 0.0263719 9.38439e-05 0.0480239
0.0108513 0.0232368 0.0162766 0.0213483 0.000216166 0.193085
-0.0113401 0.0272257 -0.0107736 0.0270877 0.000272398 0.538095
-0.0113401 0.0272257 -0.00925826 0.030237 0.00011905 0.0809208
-0.0163121 0.0284364 -0.0158391 0.0283212 0.00015765 0.194082
-0.0165246 0.0289324 -0.0163121 0.0284364 0.000240655 0.0611101
-0.021812 0.0297757 -0.0163121 0.0284364 0.000132826 0.14498
-0.021812 0.0297757 -0.0221296 0.0339296 8.43297e-05 0.0202299
-0.0132999 0.0243908 -0.00774825 0.0211078 0.000282636 0.521454
-0.0132999 0.0243908 -0.0125871 0.0254219 5.79788e-05 0.0181916
-0.0150123 0.0254034 -0.0135945 0.024565 0.000272074 0.496334
-0.0163121 0.0284364 -0.0150123 0.0254034 0.000120842 0.0278578
-0.0217839 0.0294078 -0.0150123 0.0254034 0.00027219 0.502781
-0.0217839 0.0294078 -0.021812 0.0297757 8.48953e-05 0.011268
-0.0198871 0.00459629 -0.0191786 0.00439278 8.58656e-05 0.0602623
-0.0198871 0.00459629 -0.0201337 0.00782243 9.3488e-05 0.0165497
-0.0284738 0.0117107 -0.0282489 0.0114591 0.000381112 0.66051
-0.0282489 0.0114591 -0.0280952 0.0115966 0.000281723 0.625092
-0.0282489 0.0114591 -0.024861 0.00766809 0.000328778 0.44565
-0.024861 0.00766809 -0.023557 0.00955423 6.66946e-05 0.0314462
-0.0258088 0.00629711 -0.0228853 0.00545744 8.62914e-05 0.0502613
-0.0258088 0.00629711 -0.024861 0.00766809 7.29318e-05 0.0265419
-0.0149788 -0.00519563 -0.0092509 -0.0106669 0.000114205 0.0374349
-0.0149788 -0.00519563 -0.0128852 -0.00573227 2.73097e-05 0.00437527
-0.0194662 -0.000909324 -0.0173055 -0.00297324 0.000113332 0.0367794
-0.0194662 -0.000909324 -0.0196786 0.00186924 8.77672e-05 0.0135388
-0.0262868 0.00560566 -0.0217903 0.00131067 0.000104741 0.0507776
-0.0262868 0.00560566 -0.0258088 0.00629711 5.67077e-05 0.0168214
-0.0284296 0.00704984 -0.0275275 0.00679075 6.70033e-05 0.0296796
-0.0284296 0.00704984 -0.0265237 0.00526295 0.000137165 0.0876843
-0.0304004 0.00953495 -0.0282489 0.0114591 0.000225436 0.314478
-0.0304004 0.00953495 -0.0275275 0.00679075 0.000125312 0.0718377
-0.0307483 0.00922386 -0.0304004 0.00953495 0.000220956 0.296859
-0.0307483 0.00922386 -0.0284296 0.00704984 0.000136869 0.0872785
-0.0196786 0.00186924 -0.015546 -0.00275501 0.000280715 0.196185
-0.015546 -0.00275501 -0.00550027 -0.00150901 0.000104665 0.0954903
-0.0155158 -0.00505798 -0.0149788 -0.00519563 2.9102e-05 0.00393551
-0.0155158 -0.00505798 -0.00964767 -0.0105599 0.000160656 0.0755649
-0.0192896 -0.00321934 -0.0194296 -0.00138849 9.11407e-05 0.012383
-0.0192896 -0.00321934 -0.0176886 -0.00302077 0.000115354 0.0800348
-0.0251044 -0.00260018 -0.0215804 -0.00350347 2.94333e-05 0.00421238
-0.0251044 -0.00260018 -0.0220197 0.00104 0.000278409 0.381627
-0.0265237 0.00526295 -0.0262868 0.00560566 5.03065e-05 0.0119391
-0.0265237 0.00526295 -0.0220197 0.00104 0.000136968 0.087662
0.0474957 0.00801726 0.047993 0.0103078 0.0001027 0.0286737
0.047993 0.0103078 0.05 0.0096092 0.000278591 1.4261
0.047993 0.0103078 0.0485023 0.0126538 0.000102718 0.0139062
0.0485023 0.0126538 0.05 0.0122891 0.000128271 0.38309
0.0446268 0.0176446 0.0436595 0.0185545 7.75693e-05 0.0498326
-0.0429602 -0.03447 -0.0363896 -0.0406218 0.000136217 0.0432272
-0.0429602 -0.03447 -0.0341654 -0.0400639 0.000141777 0.0638549
-0.0480626 -0.0296929 -0.0429602 -0.03447 0.000134345 0.0376833
-0.0480626 -0.0296929 -0.0385093 -0.0184192 0.00028939 0.377001
0.0114189 -0.000314861 0.0147674 -0.00132426 0.000241759 0.180556
0.0114189 -0.000314861 0.0128788 0.000474693 0.00065605 0.638926
0.00749381 0.000868339 0.00929331 0.000325885 0.000357663 1.15966
0.00773991 0.00250792 0.00749381 0.000868339 9.23333e-05 0.0264552
-0.00627716 0.00501956 0.00749381 0.000868339 0.000360405 1.17594
-0.00784293 0.00867334 -0.00627716 0.00501956 0.000115909 0.0457207
-0.0120106 0.00520616 -0.00916965 0.0022758 0.000285383 0.242539
-0.0120106 0.00520616 -0.00517119 0.00243874 9.97531e-05 0.0813829
-0.0269532 0.0112523 -0.0268552 0.0112228 0.000339677 0.930069
-0.0269532 0.0112523 -0.0267553 0.0111722 0.000122043 0.10799
-0.0284738 0.0117107 -0.0280952 0.0115966 0.000296124 0.700647
-0.0286934 0.0119564 -0.0284738 0.0117107 0.000313824 0.49515
0.0150887 -0.0254391 0.0158301 -0.0235104 7.46879e-05 0.0333792
0.00866106 -0.0277261 0.0150887 -0.0254391 0.000314181 0.764007
0.0136947 -0.0290658 0.0141232 -0.0279509 7.32594e-05 0.0366529
0.0136947 -0.0290658 0.0167894 -0.0298705 5.14815e-05 0.0141193
0.0127054 -0.0316394 0.0127397 -0.0315502 7.25702e-05 0.0387479
0.0127054 -0.0316394 0.014835 -0.0336735 0.00010106 0.0156861
0.00866303 -0.0298439 0.0104497 -0.0318432 0.000278536 0.047574
0.0104497 -0.0318432 0.0124898 -0.0314334 0.000126212 0.118661
-0.0136158 0.0109574 -0.0104318 0.0147147 0.000244536 0.29875
-0.0136158 0.0109574 -0.00784293 0.00867334 0.000127245 0.127162
-0.0205055 0.0139682 -0.0200574 0.0135061 0.000327833 0.0898558
-0.0174246 0.0184246 -0.0205055 0.0139682 5.11815e-05 0.00118167
-0.0210423 0.0197074 -0.0209133 0.0180196 0.00010031 0.0129603
-0.0209133 0.0180196 -0.0195985 0.0191954 0.000191322 0.205177
0.0438179 -0.0249709 0.0438293 -0.0251386 0.000473329 0.00444792
0.0438179 -0.0249709 0.0439864 -0.0250164 2.57553e-05 0.0131701
0.0409182 -0.0222809 0.0429468 -0.0240894 0.000168263 0.395167
0.0429468 -0.0240894 0.0437869 -0.0245145 3.62426e-05 0.0225499
0.0435198 -0.020577 0.0437869 -0.0245145 0.000475392 0.011944
0.0435198 -0.020577 0.044282 -0.0203858 0.000107353 0.203644
0.044282 -0.0203858 0.05 -0.0218515 2.50804e-05 0.0118985
0.044282 -0.0203858 0.0485758 -0.0193087 0.000107182 0.203033
-0.0339645 -0.0428923 -0.0336307 -0.0427735 0.000341812 0.391759
-0.0202296 -0.0380054 -0.0166847 -0.0372934 0.000128571 0.0974462
-0.0207753 -0.0381995 -0.0202296 -0.0380054 0.000318859 0.600042
-0.0208395 -0.0381279 -0.0202296 -0.0380054 0.00012216 0.0881675
-0.0208395 -0.0381279 -0.0207753 -0.0381995 5.24008e-05 0.00732987
0.00723125 -0.00257961 0.0114189 -0.000314861 0.000498643 0.101838
0.00723125 -0.00257961 0.0124523 -0.00469219 9.60423e-05 0.00674709
0.00749381 0.000868339 0.00737671 8.81628e-05 0.00012918 0.0889497
0.00737671 8.81628e-05 0.00929331 0.000325885 0.000126421 0.106195
0.00737671 8.81628e-05 0.00699088 -0.00248235 9.39264e-05 0.0941632
0.00699088 -0.00248235 0.00723125 -0.00257961 9.05843e-05 0.109387
0.00689861 -0.00309706 0.0124523 -0.00469219 7.4136e-05 0.00800263
0.00689861 -0.00309706 0.00695375 -0.00272968 9.91504e-05 0.111086
0.00273943 -0.0308065 0.0028938 -0.0297781 9.70117e-05 0.031249
0.00273943 -0.0308065 0.00828097 -0.0294164 0.000109522 0.0683268
0.00233931 -0.0334722 0.00273943 -0.0308065 9.7652e-05 0.0244472
0.00233931 -0.0334722 0.00959347 -0.0320152 0.000123961 0.0787615
-0.00792624 -0.0355342 0.00116224 -0.0413141 3.25759e-05 0.00613425
-0.00792624 -0.0355342 0.00233931 -0.0334722 0.000126121 0.0958532
-0.0202296 -0.0380054 -0.0167256 -0.0367587 0.00031766 0.596771
-0.0167256 -0.0367587 -0.0168058 -0.0357093 8.36245e-05 0.003488
-0.0102404 -0.0340624 -0.00984838 -0.0343117 3.57165e-05 0.00665802
-0.0102404 -0.0340624 -0.00653594 -0.0331332 0.000115738 0.0824973
-0.0372237 -0.016902 -0.0172736 -0.0295896 3.15085e-05 0.00337483
-0.0372237 -0.016902 -0.0364765 -0.0160203 0.00028742 0.380346
-0.0364765 -0.0160203 -0.0179426 -0.0208395 5.45182e-05 0.0132468
-0.0364765 -0.0160203 -0.0277213 -0.00568841 0.000285517 0.382624
-0.0280045 0.0116777 -0.0269532 0.0112523 0.000103691 0.081768
-0.0280045 0.0116777 -0.0279142 0.0117585 0.000201074 0.318142
-0.0286934 0.0119564 -0.0280045 0.0116777 0.000106921 0.0887724
-0.0290135 0.0123146 -0.0286934 0.0119564 0.000316436 0.506775
-0.00397527 -0.000351996 -0.00243879 -0.00112928 3.6835e-05 0.0128555
-0.00397527 -0.000351996 -0.00416004 7.91886e-05 0.000124611 0.0267407
-0.00570439 0.000522754 -0.00397527 -0.000351996 3.85589e-05 0.0115372
-0.00570439 0.000522754 -0.00416004 7.91886e-05 7.70054e-05 0.0584751
-0.0201337 0.00782243 -0.017431 0.00645512 3.75896e-05 0.00997201
-0.0201337 0.00782243 -0.0201866 0.00851437 9.04039e-05 0.0172797
-0.023557 0.00955423 -0.0201337 0.00782243 3.81053e-05 0.0102294
-0.023557 0.00955423 -0.023382 0.00980732 6.55669e-05 0.0348449
-0.0268552 0.0112228 -0.0267553 0.0111722 4.4762e-05 0.0129349
-0.0268552 0.0112228 -0.0231712 0.0101122 0.000340369 0.927605
-0.0279142 0.0117585 -0.0268552 0.0112228 3.77177e-05 0.0101869
-0.0279142 0.0117585 -0.0241497 0.0151252 0.000201246 0.318391
-0.0290135 0.0123146 -0.0279142 0.0117585 4.03709e-05 0.0121124
-0.0355598 0.0196396 -0.0290135 0.0123146 0.000317451 0.506009
-0.0205842 0.0137145 -0.0200574 0.0135061 0.000151309 0.238084
-0.0205842 0.0137145 -0.0205938 0.0138404 0.000106061 0.160631
-0.0206601 0.0137445 -0.0205842 0.0137145 0.000158517 0.290011
-0.0206601 0.0137445 -0.0205938 0.0138404 6.7775e-05 0.108193
-0.0241497 0.0151252 -0.0206601 0.0137445 0.00015488 0.317465
-0.0241497 0.0151252 -0.0209133 0.0180196 0.00019183 0.224065
-0.0355598 0.0196396 -0.0241497 0.0151252 0.000151952 0.184774
-0.0423835 0.0272751 -0.0355598 0.0196396 0.000327913 0.541465
0.0179605 0.0243618 0.0181373 0.0238556 0.00030883 0.0465995
0.0175072 0.0246126 0.0181373 0.0238556 3.50828e-05 0.001567
0.019591 0.0196938 0.0193919 0.0202638 0.000306122 0.0543295
0.019591 0.0196938 0.0221123 0.0190799 0.000193667 0.211522
0.0169823 0.0483251 0.0180047 0.0482723 3.09266e-05 0.000537728
-0.0235794 0.0352221 -0.0221915 0.034739 0.000313879 0.672763
-0.0367862 0.0469967 -0.0235794 0.0352221 0.000194817 0.0144574
-0.0367862 0.0469967 -0.0313319 0.0492653 3.30736e-05 0.00635123
-0.0246774 0.0479573 -0.0231368 0.0471047 0.00014322 0.047664
-0.00642169 0.0309798 -0.00193877 0.027689 8.28042e-05 0.0367335
-0.00193877 0.027689 -7.21369e-06 0.0270167 0.000335825 0.785956
-0.000396682 0.0265571 0.00367248 0.0235701 5.73858e-05 0.0100077
0.00367248 0.0235701 0.00794775 0.022529 0.000135035 0.0897295
0.00544336 0.0312887 0.00502328 0.032758 2.75801e-05 0.00256419
0.00419724 0.0319783 0.00544336 0.0312887 0.000146616 0.0661125
0.00740212 0.0244375 0.00544336 0.0312887 2.24412e-05 0.00144419
0.00740212 0.0244375 0.0108513 0.0232368 0.000216187 0.204999
0.00794775 0.022529 0.00740212 0.0244375 2.13905e-05 0.00015833
0.00794775 0.022529 0.0106464 0.0218719 0.000134233 0.0900077
0.0272691 0.00624878 0.0315732 0.00308933 6.76103e-05 0.0423109
0.0315732 0.00308933 0.0338746 0.00337478 0.00011374 0.100169
0.0207342 -0.0221945 0.0222895 -0.0191682 3.65744e-05 0.0109043
0.0222895 -0.0191682 0.0247164 -0.0198224 2.39738e-05 0.00294534
0.0311627 -0.00190211 0.0325092 0.000717867 4.3339e-05 0.00503583
0.0325092 0.000717867 0.0345057 9.88431e-06 0.000151004 0.210365
0.0217653 -0.025801 0.0234044 -0.0224804 8.31463e-05 0.0484077
0.0210549 -0.0233163 0.0234044 -0.0224804 0.000312564 0.799641
0.0297346 -0.00965597 0.0297981 -0.00952739 7.68363e-05 0.0449971
0.0297981 -0.00952739 0.0287646 -0.00656861 0.000294487 0.295611
0.0313759 -0.00633085 0.0330199 -0.00300032 8.61641e-05 0.0533996
0.0330199 -0.00300032 0.0437291 -0.00933319 0.000330677 0.958338
0.0330199 -0.00300032 0.0345057 9.88431e-06 9.84848e-05 0.0256938
0.0345057 9.88431e-06 0.0369482 -0.000856241 0.000151749 0.225858
0.0299248 0.00969347 0.0343745 0.00434743 3.30961e-05 0.0104029
0.0343745 0.00434743 0.0338746 0.00337478 3.99188e-05 0.00366504
0.0350615 0.00352199 0.0358009 0.00263369 3.18891e-05 0.00880251
0.0348415 0.000690202 0.0358009 0.00263369 7.59046e-05 0.000206373
0.0423373 -0.015744 0.0428417 -0.0134206 8.25648e-05 0.288928
0.0428417 -0.0134206 0.05 -0.0154766 7.81709e-05 0.128988
0.0432496 -0.0115417 0.0435821 -0.0100104 7.93991e-05 0.0998617
0.0435821 -0.0100104 0.0462178 -0.0108049 0.000277253 0.824735
0.0435821 -0.0100104 0.0437291 -0.00933319 8.61543e-05 0.0387168
0.0437291 -0.00933319 0.0462178 -0.0108049 0.000328836 0.969453
-0.0221915 0.034739 -0.0228246 0.0430204 0.00011577 0.058192
-0.0221915 0.034739 -0.0184557 0.0334386 0.000316125 0.684332
-0.0078143 0.0297343 -0.00193877 0.027689 0.000337904 0.78213
-0.0078143 0.0297343 -0.00642169 0.0309798 0.000263832 0.478224
-0.00925826 0.030237 -0.0078143 0.0297343 0.000316757 0.675261
-0.00925826 0.030237 -0.0079627 0.0321109 7.78622e-05 0.0375333
0.0456829 -0.0254736 0.05 -0.0266372 2.59049e-05 0.0133727
0.0456829 -0.0254736 0.05 -0.0276576 3.56778e-05 0.0234423
0.0446821 -0.0249673 0.05 -0.0238991 0.000125842 0.314621
0.0446821 -0.0249673 0.0456829 -0.0254736 3.73919e-05 0.0232805
-0.0150123 0.0254034 -0.0143597 0.0238806 0.000120394 0.0430188
-0.0143597 0.0238806 -0.0135945 0.024565 0.000209473 0.261888
-0.0143597 0.0238806 -0.0140892 0.0232492 0.000137915 0.0538681
-0.0140892 0.0232492 -0.0132999 0.0243908 6.62567e-05 0.0202694
0.0036393 0.0109552 0.00873655 0.00914773 0.000137899 0.12183
-0.0061909 0.0197194 0.0036393 0.0109552 0.000163524 0.159246
-0.00963023 0.0156607 0.0036393 0.0109552 0.000138791 0.14341
-0.00963023 0.0156607 -0.0061909 0.0197194 0.000247777 0.304452
-0.00517119 0.00243874 -0.00627716 0.00501956 0.000117747 0.00539662
-0.00517119 0.00243874 0.00221908 -0.000551554 9.77186e-05 0.0979895
-0.00070239 -0.000913913 0.00649095 -0.00297997 8.03061e-05 0.109148
-0.00070239 -0.000913913 0.00221908 -0.000551554 0.000111294 0.176254
-0.00358144 -0.00127101 -0.00397527 -0.000351996 0.000125026 0.0268812
-0.00358144 -0.00127101 -0.00243879 -0.00112928 0.000113136 0.200476
-0.00187863 -0.00524458 -0.00358144 -0.00127101 0.000124317 0.0458476
-0.00187863 -0.00524458 0.00239031 -0.00964781 0.000277191 0.193043
0.00578474 -0.0105179 0.018314 -0.0137295 2.4775e-05 0.00363264
0.00578474 -0.0105179 0.00651414 -0.00565849 9.99232e-05 0.155427
0.00239031 -0.00964781 0.00578474 -0.0105179 2.55462e-05 0.00867053
0.00239031 -0.00964781 0.00544276 -0.0127963 0.000276356 0.193137
0.034296 -0.0224044 0.0352305 -0.0226563 2.61948e-05 0.00846472
0.0331542 -0.0191354 0.034296 -0.0224044 0.000297192 0.131171
0.0179489 -0.0179983 0.0196669 -0.0184613 2.51559e-05 0.00271438
0.0179489 -0.0179983 0.0188582 -0.0156327 7.24672e-05 0.0458832
0.0185933 -0.0263604 0.0189592 -0.0267379 0.000272916 0.114682
0.0183164 -0.0268991 0.0185933 -0.0263604 3.69423e-05 0.00984265
0.0158301 -0.0235104 0.0170303 -0.0247483 0.000268902 0.152547
0.0158301 -0.0235104 0.0179489 -0.0179983 7.3241e-05 0.0449974
0.00544276 -0.0127963 0.00578474 -0.0105179 0.000100012 0.153975
0.00544276 -0.0127963 0.00784604 -0.0152752 0.000270558 0.15466
0.00716424 -0.0263465 0.00714719 -0.0263067 0.000121033 0.0024679
0.00716424 -0.0263465 0.00862282 -0.0277397 0.000103585 0.031271
0.0087066 -0.0277688 0.0117229 -0.0285531 5.2061e-05 0.0138507
0.0087066 -0.0277688 0.0100032 -0.0289844 0.000153247 0.035304
0.00861096 -0.0277439 0.00863331 -0.0277497 5.39372e-05 0.0144986
0.00787526 -0.0280057 0.00861096 -0.0277439 0.000314777 0.743575
-0.00653594 -0.0331332 0.0028938 -0.0297781 0.000316607 0.605188
0.0028938 -0.0297781 0.00340241 -0.0263896 9.72308e-05 0.0247748
-0.0128852 -0.00573227 -0.00822913 -0.0109423 0.000283413 0.194552
-0.00822913 -0.0109423 0.0017112 -0.0136216 2.41697e-05 0.00395605
-0.00822913 -0.0109423 -0.00395127 -0.015729 0.000282598 0.195267
-0.00395127 -0.015729 0.00387979 -0.0232092 0.000104128 0.0332705
-0.00395127 -0.015729 -0.00300402 -0.016789 0.000282819 0.197802
-0.00300402 -0.016789 0.00387531 -0.023239 0.000150209 0.070761
0.00371497 -0.0243073 0.00623387 -0.0271258 0.000283066 0.197968
0.00623387 -0.0271258 0.00765677 -0.0274958 5.16538e-05 0.0159694
0.00846053 -0.0293714 0.00787526 -0.0280057 0.000119748 0.0246123
0.00846053 -0.0293714 0.00994201 -0.0289998 0.000109802 0.087648
0.00722648 -0.0282365 0.00828097 -0.0294164 0.000281432 0.0605421
0.00828097 -0.0294164 0.00846053 -0.0293714 0.000109267 0.0864247
0.00959347 -0.0320152 0.00866303 -0.0298439 0.000116895 0.0111257
0.00959347 -0.0320152 0.0104497 -0.0318432 0.000124474 0.063289
0.0232593 0.00919225 0.0241711 0.00658176 0.000374176 0.838738
0.0241711 0.00658176 0.0256937 0.00740522 0.000578915 0.803715
0.027312 0.0025608 0.0325092 0.000717867 0.000151474 0.208254
0.027312 0.0025608 0.0315732 0.00308933 0.0001116 0.0936023
0.0260267 0.00301657 0.027312 0.0025608 0.000152026 0.200038
0.0272691 0.00624878 0.0260267 0.00301657 7.90583e-05 0.00965037
0.0312384 -0.0136508 0.0306862 -0.0120701 0.000297069 0.302942
0.0288249 -0.011499 0.0312384 -0.0136508 0.000163864 0.0126278
0.0407652 -0.0229858 0.0429468 -0.0240894 3.53717e-05 0.0209104
0.0405268 -0.0240839 0.0407652 -0.0229858 8.22515e-05 0.0289733
0.0384951 -0.0218374 0.0407652 -0.0229858 3.68944e-05 0.0189334
0.0384951 -0.0218374 0.0399979 -0.0214604 0.000112773 0.177087
0.0331542 -0.0191354 0.0384951 -0.0218374 3.56529e-05 0.0137137
0.0331156 -0.0190251 0.0331542 -0.0191354 0.000301206 0.130013
0.034296 -0.0224044 0.0344522 -0.0228515 0.000297586 0.130635
0.0344522 -0.0228515 0.0352305 -0.0226563 0.000113045 0.179011
0.0344522 -0.0228515 0.0358135 -0.0267486 0.000289106 0.104061
0.0358135 -0.0267486 0.0401368 -0.0258803 0.00012622 0.27545
0.0295304 -0.047293 0.0358697 -0.0455362 9.79873e-05 0.0728667
0.0358697 -0.0455362 0.0361102 -0.0444284 7.61064e-05 0.0246192
0.0361102 -0.0444284 0.0369058 -0.045249 0.000258376 0.0770424
0.0361102 -0.0444284 0.0380694 -0.0354037 8.03105e-05 0.0735302
0.0380694 -0.0354037 0.0389133 -0.0356231 5.22785e-05 0.0454959
-0.05 -0.0485977 -0.0339645 -0.0428923 0.000345142 0.380515
-0.0218692 -0.0369794 -0.0168058 -0.0357093 0.000119201 0.0837799
-0.0218692 -0.0369794 -0.0208395 -0.0381279 5.90012e-05 0.0103512
-0.0363896 -0.0406218 -0.0341654 -0.0400639 0.000115392 0.0705223
-0.0363896 -0.0406218 -0.035836 -0.0411401 0.000104642 0.02411
0.0407652 -0.0229858 0.0409182 -0.0222809 8.26157e-05 0.0283478
0.0399979 -0.0214604 0.0409182 -0.0222809 0.000168356 0.386363
0.0409182 -0.0222809 0.0411596 -0.021169 8.24842e-05 0.010872
0.0411596 -0.021169 0.0435198 -0.020577 0.000108303 0.250999
0.0485758 -0.0193087 0.05 -0.0198849 9.12803e-05 0.181218
0.0485758 -0.0193087 0.05 -0.0189514 0.000111428 0.282557
0.00544336 0.0312887 0.00770911 0.0300349 0.00014396 0.0670656
0.00502328 0.032758 0.00770911 0.0300349 0.000769396 0.499959
0.0142945 0.0461761 0.0138782 0.0434027 8.30703e-05 0.00213047
0.0138782 0.0434027 0.0153706 0.0451639 0.000219334 0.00679774
0.0120432 0.0311774 0.0119076 0.030274 8.45471e-05 0.001895
0.00664838 0.0348709 0.0119076 0.030274 0.000269544 0.103753
0.0115525 0.027908 0.0175072 0.0246126 0.000138379 0.0325972
0.015165 0.0274268 0.0175072 0.0246126 3.33724e-05 0.00152987
-0.00126987 0.0417919 -0.0103577 0.0497353 0.000162681 6.91376e-05
-0.00126987 0.0417919 0.000762129 0.0447311 5.90886e-05 0.00221134
0.00425806 0.0405309 0.0103954 0.0460197 0.000162012 0.0651171
0.00203864 0.0431975 0.00425806 0.0405309 2.63781e-05 0.000802568
0.00309769 0.0394932 0.00425806 0.0405309 0.00016205 0.0653563
0.00203864 0.0431975 0.00309769 0.0394932 2.13905e-05 1.51202e-05
0.00223883 0.0387251 0.00367658 0.0374684 0.000277638 0.320867
0.00309769 0.0394932 0.00367658 0.0374684 2.16153e-05 0.00112609
0.00781914 0.0362525 0.0120593 0.0412562 0.000361043 0.0865433
0.00425806 0.0405309 0.00781914 0.0362525 2.63434e-05 0.00236963
0.00781914 0.0362525 0.0120432 0.0311774 3.0505e-05 0.00121449
0.0131062 0.0382591 0.0120432 0.0311774 9.33745e-05 0.00159595
0.00371968 0.0490092 0.00945447 0.0487133 3.14554e-05 0.00382825
0.00945447 0.0487133 0.0103954 0.0460197 0.000258761 0.0004473
0.0103954 0.0460197 0.0124794 0.0478835 0.000161201 0.00324852
0.0103954 0.0460197 0.0120593 0.0412562 0.000259295 0.039113
0.0120593 0.0412562 0.0138782 0.0434027 0.000219423 0.00726112
0.0120593 0.0412562 0.0131062 0.0382591 0.000349768 0.113774
0.0138782 0.0434027 0.0131062 0.0382591 8.31326e-05 0.00335919
0.0313775 0.0169369 0.0317427 0.0167348 0.000133252 0.0780232
0.0317427 0.0167348 0.0394669 0.014854 0.000149762 0.0976167
0.0376915 0.0138938 0.0390393 0.0134246 0.000280751 1.39222
0.0376915 0.0138938 0.0394669 0.014854 0.00044632 0.13016
0.0358009 0.00263369 0.0363161 0.00367761 8.14074e-05 0.000712179
0.0363161 0.00367761 0.0415878 0.00433147 0.000114218 0.116116
0.00438304 -0.0198564 0.0051786 -0.0145562 9.14643e-05 0.0422482
0.00438304 -0.0198564 0.0017112 -0.0136216 0.000113387 0.00725899
0.00387979 -0.0232092 0.00438304 -0.0198564 9.26351e-05 0.0428945
0.00387979 -0.0232092 0.00581157 -0.0250544 0.000105052 0.0329296
0.00387531 -0.023239 0.00387979 -0.0232092 9.42984e-05 0.0420845
0.00387531 -0.023239 0.00581157 -0.0250544 0.000149782 0.0685715
0.00371497 -0.0243073 0.00387531 -0.023239 9.57875e-05 0.0376921
-0.00300402 -0.016789 0.00371497 -0.0243073 0.000284517 0.201838
0.0313377 0.0168335 0.0317427 0.0167348 0.000158885 0.115452
0.0313377 0.0168335 0.0313775 0.0169369 8.69695e-05 0.00492284
0.0209244 0.00482588 0.0253302 0.00326358 0.000157596 0.126037
0.0209244 0.00482588 0.0241711 0.00658176 0.0005221 0.552241
0.0242566 0.00218183 0.0254374 0.00148353 0.000363268 0.683726
0.0242566 0.00218183 0.0256477 0.00235438 0.000141978 0.0811941
0.0203295 0.00450413 0.0242566 0.00218183 0.000364448 0.68567
0.0203295 0.00450413 0.0209244 0.00482588 0.000525383 0.555638
0.00870661 0.0198747 0.00978205 0.0161131 2.33647e-05 0.00160674
0.0101839 0.0187903 0.00978205 0.0161131 9.30828e-05 0.00714643
-0.0174246 0.0184246 -0.0110535 0.0161654 0.000143298 0.148701
-0.0174246 0.0184246 -0.0140892 0.0232492 5.50069e-05 0.0134593
-0.0385093 -0.0184192 -0.0218692 -0.0369794 5.2386e-05 0.0058292
-0.0385093 -0.0184192 -0.0372237 -0.016902 0.000287983 0.379457
0.0408212 0.0128043 0.047993 0.0103078 0.000279258 1.41727
0.0403972 0.0119455 0.0408212 0.0128043 9.5274e-05 0.00233333
0.0117214 0.0485964 0.0124794 0.0478835 7.21898e-05 4.91113e-05
0.0124794 0.0478835 0.0131918 0.0485206 0.000161201 0.0012623
0.0145618 0.0497459 0.0148086 0.049601 3.56763e-05 0.00489201
0.0148086 0.049601 0.0146352 0.0484461 8.30702e-05 0.00173591
0.0131918 0.0485206 0.0146352 0.0484461 3.09266e-05 0.000972754
0.0138625 0.00184068 0.014069 0.00111839 2.32039e-05 0.00344388
0.014069 0.00111839 0.0144448 0.00132159 0.000639014 0.668309
0.0147961 0.00100841 0.0242566 0.00218183 0.000141015 0.0710018
0.0144448 0.00132159 0.0147961 0.00100841 0.000220006 0.161752
0.0141243 0.000925088 0.0144284 -0.000138394 3.25147e-05 0.00241112
0.0144284 -0.000138394 0.017402 -0.00131493 0.000173797 0.0978205
0.0233622 -0.00391516 0.0259314 -0.00468961 0.000267181 0.278753
0.0233622 -0.00391516 0.023443 -0.00370508 7.42135e-05 0.00340796
0.0187637 -0.00252893 0.0233622 -0.00391516 0.000268581 0.270849
0.017402 -0.00131493 0.0187637 -0.00252893 0.000214777 0.144803
0.0275068 -0.0090161 0.0297346 -0.00965597 6.58792e-05 0.0169615
0.0270459 -0.00991294 0.0275068 -0.0090161 3.39118e-05 0.0087334
0.0253428 -0.00839457 0.0275068 -0.0090161 6.61945e-05 0.0168324
0.0225854 -0.0059362 0.0253428 -0.00839457 0.000148327 0.0111635
0.0225854 -0.0059362 0.0233622 -0.00391516 6.6279e-05 0.0299581
0.0187637 -0.00252893 0.0225854 -0.0059362 0.000148681 0.0141132
0.0216353 -0.00840786 0.0267548 -0.0104793 9.61286e-05 0.0229154
0.0216353 -0.00840786 0.0220085 -0.00743691 6.63965e-05 0.0278521
0.0267349 -0.015888 0.0330102 -0.0190626 3.4434e-05 0.00390418
0.0267349 -0.015888 0.0325395 -0.0173759 2.4402e-05 0.00294456
0.0200584 -0.0125104 0.0245446 -0.01478 3.40398e-05 0.00248997
0.0200584 -0.0125104 0.0216353 -0.00840786 7.16543e-05 0.0462305
0.026667 -0.0158706 0.0267349 -0.015888 2.66856e-05 0.00312906
0.0247164 -0.0198224 0.026667 -0.0158706 8.25743e-05 0.0560094
0.0242964 -0.0152629 0.026667 -0.0158706 2.37183e-05 0.00261638
0.0222895 -0.0191682 0.0242964 -0.0152629 3.55118e-05 0.0108278
0.0185933 -0.0263604 0.0199569 -0.023707 3.76385e-05 0.0103901
0.0170303 -0.0247483 0.0199569 -0.023707 0.000312988 0.798655
0.0210549 -0.0233163 0.0207342 -0.0221945 2.41081e-05 0.00178926
0.0199569 -0.023707 0.0210549 -0.0233163 0.00031259 0.799621
0.0169698 -0.0355163 0.0194191 -0.0305542 8.04244e-05 0.047115
0.0194191 -0.0305542 0.0234218 -0.031595 5.00246e-05 0.0136672
0.0194191 -0.0305542 0.0197 -0.0299852 8.04314e-05 0.0482902
0.0197 -0.0299852 0.021715 -0.0295804 0.000123668 0.118169
0.0197 -0.0299852 0.0205122 -0.0283397 8.20284e-05 0.0487759
0.0205122 -0.0283397 0.021715 -0.0295804 0.000270843 0.109508
0.0205122 -0.0283397 0.0216341 -0.0260669 8.23861e-05 0.0526889
0.0216341 -0.0260669 0.0218274 -0.0260184 0.000109001 0.104895
0.0291917 -0.0473869 0.0295304 -0.047293 9.58688e-05 0.0184067
0.00770911 0.0300349 0.0113219 0.0263719 0.000765013 0.51062
0.0113219 0.0263719 0.0115525 0.027908 0.000125598 0.00642336
0.0113219 0.0263719 0.0162766 0.0213483 0.000755627 0.521859
0.0162766 0.0213483 0.0193919 0.0202638 0.000299464 0.242225
-0.0107736 0.0270877 -0.00179886 0.0249024 0.000130266 0.12441
-0.0107736 0.0270877 -0.0078143 0.0297343 0.000296256 0.595976
-0.0158391 0.0283212 -0.0113401 0.0272257 0.0002756 0.562981
-0.0165246 0.0289324 -0.0158391 0.0283212 0.000318301 0.482132
0.00904148 0.0111793 0.0116303 0.00964834 0.000269589 0.447844
0.00978205 0.0161131 0.00904148 0.0111793 8.88027e-05 0.00750445
-0.00774825 0.0211078 -0.00592698 0.0200308 0.000280302 0.511867
-0.0125871 0.0254219 -0.00774825 0.0211078 0.000167312 0.152513
-0.0125074 0.0255371 -0.0113401 0.0272257 5.80426e-05 0.0181316
-0.0125074 0.0255371 -0.0107736 0.0270877 0.000191592 0.241095
-0.0125871 0.0254219 -0.0125074 0.0255371 5.67522e-05 0.0170848
-0.0126117 0.0254439 -0.0125871 0.0254219 0.000167314 0.152002
-0.0135945 0.024565 -0.0132999 0.0243908 0.000282787 0.520155
-0.0135945 0.024565 -0.0126117 0.0254439 0.000185579 0.230654
-0.0191786 0.00439278 -0.00815148 0.0012256 8.44436e-05 0.0492852
-0.0191786 0.00439278 -0.017431 0.00645512 0.000291769 0.676353
-0.0280952 0.0115966 -0.0280045 0.0116777 0.000200264 0.31437
-0.0280952 0.0115966 -0.0269532 0.0112523 0.000341786 0.938085
-0.0173055 -0.00297324 -0.0149788 -0.00519563 0.000116467 0.0367509
-0.0173055 -0.00297324 -0.015546 -0.00275501 0.000114761 0.087495
-0.0196786 0.00186924 -0.0198142 0.00364269 8.27939e-05 0.0205539
-0.0205196 0.00281026 -0.0196786 0.00186924 0.000281395 0.197536
-0.0217903 0.00131067 -0.0194662 -0.000909324 0.000113744 0.0364381
-0.0217903 0.00131067 -0.0205196 0.00281026 0.000268374 0.39585
-0.00550027 -0.00150901 -0.00358144 -0.00127101 0.000113708 0.1789
-0.00550027 -0.00150901 -0.00187863 -0.00524458 0.000279349 0.20891
-0.0194296 -0.00138849 -0.0194662 -0.000909324 9.19377e-05 0.0131823
-0.0194296 -0.00138849 -0.0176886 -0.00302077 0.000164998 0.0794541
-0.0176886 -0.00302077 -0.0173055 -0.00297324 0.000118743 0.0855043
-0.0176886 -0.00302077 -0.0155158 -0.00505798 0.000162344 0.0750816
-0.0220197 0.00104 -0.0217903 0.00131067 0.000269919 0.389235
-0.0220197 0.00104 -0.0194296 -0.00138849 0.000166226 0.0793689
-0.0341654 -0.0400639 -0.0332804 -0.0406268 0.000127864 0.0539544
-0.0341654 -0.0400639 -0.0218692 -0.0369794 0.000122054 0.0843238
0.0128788 0.000474693 0.0135888 0.000858667 0.00064408 0.666245
0.0128788 0.000474693 0.0144284 -0.000138394 0.000175817 0.0967358
0.00929331 0.000325885 0.0114189 -0.000314861 0.000355785 1.15811
0.00929331 0.000325885 0.0123094 0.00069998 0.000140941 0.114616
0.00837422 0.00673381 0.00773991 0.00250792 9.20522e-05 0.0181906
0.00773991 0.00250792 0.0123094 0.00069998 0.000125465 0.127231
-0.0110535 0.0161654 -0.0104318 0.0147147 0.000119352 0.0441911
-0.0104318 0.0147147 -0.00963023 0.0156607 0.000244468 0.296479
-0.0104318 0.0147147 -0.00784293 0.00867334 0.000116757 0.0501043
-0.00784293 0.00867334 0.00773991 0.00250792 0.00012647 0.132294
-0.00916965 0.0022758 -0.00815148 0.0012256 0.000284673 0.242772
-0.00916965 0.0022758 -0.00570439 0.000522754 3.70798e-05 0.0102992
-0.0201866 0.00851437 -0.0168351 0.00715826 0.000114465 0.0988085
-0.0201866 0.00851437 -0.0202413 0.009229 0.00010325 0.0258152
-0.023382 0.00980732 -0.0201866 0.00851437 0.000118069 0.105137
-0.023382 0.00980732 -0.0231712 0.0101122 7.08729e-05 0.0430699
-0.0267553 0.0111722 -0.023382 0.00980732 0.000121247 0.108714
-0.0267553 0.0111722 -0.023557 0.00955423 4.39195e-05 0.0131418
0.00861096 -0.0277439 0.00862282 -0.0277397 0.000314673 0.743867
0.00862282 -0.0277397 0.00863331 -0.0277497 0.000107674 0.0164375
0.00862282 -0.0277397 0.00866106 -0.0277261 0.000314478 0.749
0.00866106 -0.0277261 0.0087066 -0.0277688 0.000153054 0.035012
0.0141232 -0.0279509 0.0150887 -0.0254391 7.4101e-05 0.0368652
0.0141232 -0.0279509 0.0183164 -0.0268991 0.00010867 0.0905391
0.0183068 -0.030265 0.0194191 -0.0305542 5.24866e-05 0.0148333
0.0183068 -0.030265 0.0197 -0.0299852 0.000124204 0.1186
0.0167894 -0.0298705 0.0183068 -0.030265 5.15236e-05 0.0144982
0.0163886 -0.0306503 0.0167894 -0.0298705 3.75318e-05 0.00992239
0.0128093 -0.0313692 0.0136947 -0.0290658 7.34289e-05 0.0366198
0.0128093 -0.0313692 0.0163886 -0.0306503 0.000124935 0.118076
0.0127397 -0.0315502 0.0128093 -0.0313692 7.58745e-05 0.0397037
0.0127397 -0.0315502 0.01489 -0.0335663 0.000150022 0.0366983
0.0169039 -0.0356497 0.0274652 -0.0457378 9.56822e-05 0.0183483
0.0158179 -0.0378499 0.0169039 -0.0356497 7.46346e-05 0.0521404
0.014835 -0.0336735 0.0169039 -0.0356497 9.90696e-05 0.0157418
0.0138311 -0.0356268 0.014835 -0.0336735 3.44845e-05 0.0102965
0.012593 -0.0314127 0.0128093 -0.0313692 0.000124613 0.115785
0.012593 -0.0314127 0.0127397 -0.0315502 0.000155082 0.0367941
0.0124898 -0.0314334 0.012593 -0.0314127 0.000125585 0.118885
0.0124898 -0.0314334 0.0127054 -0.0316394 0.000109787 0.0161036
0.0446417 -0.0371126 0.0438293 -0.0251386 0.000428287 0.00383985
0.0438293 -0.0251386 0.0440694 -0.0250904 0.000124219 0.321864
0.0437869 -0.0245145 0.0446821 -0.0249673 3.60082e-05 0.0226948
0.0437869 -0.0245145 0.0438103 -0.0248594 0.000468966 0.0121078
-0.0312417 -0.0419235 -0.0207753 -0.0381995 0.000318547 0.600773
-0.0207753 -0.0381995 -0.0162276 -0.043272 5.33668e-05 0.00804569
0.0124523 -0.00469219 0.0161591 -0.00619204 9.2408e-05 0.00780869
0.0124523 -0.00469219 0.0160235 -0.00571791 7.01605e-05 0.00740734
-0.0168058 -0.0357093 -0.0172736 -0.0295896 8.7673e-05 0.00718511
-0.0168058 -0.0357093 -0.0102404 -0.0340624 0.000117104 0.0823914
-0.00243879 -0.00112928 0.00651414 -0.00565849 3.63661e-05 0.0141825
-0.00243879 -0.00112928 -0.00070239 -0.000913913 0.000112707 0.200864
-0.017431 0.00645512 -0.00916965 0.0022758 3.62953e-05 0.00760345
-0.017431 0.00645512 -0.0168351 0.00715826 0.000291332 0.677706
-0.0202413 0.009229 -0.0161305 0.00798981 0.000338575 0.916256
-0.0202413 0.009229 -0.0205842 0.0137145 0.000106449 0.066597
-0.0231712 0.0101122 -0.0202413 0.009229 0.000339749 0.926112
-0.0231712 0.0101122 -0.0206601 0.0137445 7.14658e-05 0.0578681
-0.0205938 0.0138404 -0.020612 0.0140781 0.000103083 0.153914
-0.0205938 0.0138404 -0.0205055 0.0139682 7.19388e-05 0.118206
0.0181373 0.0238556 0.0193919 0.0202638 0.000307051 0.0468385
0.0193919 0.0202638 0.0218346 0.0194136 0.000269045 0.384882
0.0221123 0.0190799 0.0243782 0.0185281 0.000190039 0.21463
0.0218346 0.0194136 0.0221123 0.0190799 3.50663e-05 0.00150466
-0.0079627 0.0321109 -0.00642169 0.0309798 8.45732e-05 0.0337631
-0.00642169 0.0309798 -0.00167286 0.0352268 0.000263403 0.478297
-7.21369e-06 0.0270167 0.00740212 0.0244375 0.000216787 0.204566
-7.21369e-06 0.0270167 0.00419724 0.0319783 0.000348544 0.93752
-0.00193877 0.027689 -0.000396682 0.0265571 8.45189e-05 0.0400222
-0.000396682 0.0265571 -7.21369e-06 0.0270167 0.00026348 0.406751
0.00498158 0.0329039 0.00502328 0.032758 3.6283e-05 0.00131812
0.00493436 0.0328482 0.00502328 0.032758 0.000769535 0.499714
-0.0231368 0.0471047 -0.00466419 0.0368821 0.000133881 0.078073
-0.00466419 0.0368821 -0.00126987 0.0417919 6.60558e-05 0.0354256
-0.00466419 0.0368821 -0.00167286 0.0352268 0.000124592 0.0731722
-0.00167286 0.0352268 0.00223883 0.0387251 0.000247969 0.393201
-0.00167286 0.0352268 0.00419724 0.0319783 0.000171145 0.219693
0.00419724 0.0319783 0.00493436 0.0328482 0.000350099 1.01306
0.0232593 0.00919225 0.0256937 0.00740522 7.1087e-05 0.0346733
0.0256937 0.00740522 0.0282438 0.00878432 0.000578642 0.804613
0.0256937 0.00740522 0.0272691 0.00624878 6.92635e-05 0.0312621
0.0282438 0.00878432 0.0272691 0.00624878 8.8232e-05 0.0165277
0.0338746 0.00337478 0.0350615 0.00352199 0.000113406 0.101807
0.0331377 0.0019409 0.0338746 0.00337478 3.3341e-05 0.000183479
0.0247164 -0.0198224 0.0282205 -0.0207668 2.59104e-05 0.00333121
0.0234044 -0.0224804 0.0247164 -0.0198224 8.3302e-05 0.0557087
0.0275068 -0.0090161 0.0287646 -0.00656861 3.38229e-05 0.00866171
0.0287646 -0.00656861 0.0284573 -0.00568901 0.000294193 0.294507
0.0292206 -0.00568115 0.0311627 -0.00190211 3.94278e-05 0.0113419
0.0311627 -0.00190211 0.0330199 -0.00300032 0.000332097 0.948006
0.0266737 -0.015857 0.0288249 -0.011499 8.16674e-05 0.0560855
0.0284509 -0.0111656 0.0288249 -0.011499 0.000159145 0.00911991
0.0288998 -0.0113472 0.0297346 -0.00965597 7.86951e-05 0.0473573
0.0297346 -0.00965597 0.0298551 -0.00969057 7.03688e-05 0.0197074
0.0297981 -0.00952739 0.0311641 -0.00675996 8.37911e-05 0.0906193
0.0311641 -0.00675996 0.0432496 -0.0115417 0.000131734 0.152291
0.0311641 -0.00675996 0.0313759 -0.00633085 8.40404e-05 0.0992939
0.0313759 -0.00633085 0.0435821 -0.0100104 0.000278573 0.804338
0.0290139 0.0107879 0.0299248 0.00969347 3.64023e-05 0.00741993
0.0299248 0.00969347 0.0333401 0.0115405 0.000577778 0.804847
0.0343745 0.00434743 0.0350615 0.00352199 3.00532e-05 0.0100775
0.0350615 0.00352199 0.0363161 0.00367761 0.000113023 0.102348
0.0428417 -0.0134206 0.0432496 -0.0115417 7.99885e-05 0.206278
0.0432496 -0.0115417 0.0497351 -0.0141077 0.000129712 0.220741
0.0462178 -0.0108049 0.0472434 -0.0111141 0.000325224 1.08977
0.0462178 -0.0108049 0.0477308 -0.0116996 0.000274398 0.70347
-0.0079627 0.0321109 -0.00466419 0.0368821 5.40791e-05 0.0185709
-0.0224412 0.042739 -0.0079627 0.0321109 6.26448e-05 0.0149625
0.00873655 0.00914773 0.0121161 0.00794934 0.000137597 0.1155
0.00904148 0.0111793 0.00873655 0.00914773 9.4327e-05 0.017456
-0.00774825 0.0211078 -0.0061909 0.0197194 0.000173369 0.169706
-0.0061909 0.0197194 -0.00592698 0.0200308 0.000252246 0.312462
0.00221908 -0.000551554 0.00699088 -0.00248235 0.000105173 0.175066
0.00221908 -0.000551554 0.00737671 8.81628e-05 0.000101404 0.1063
0.00651414 -0.00565849 0.00689861 -0.00309706 9.9092e-05 0.161467
0.00651414 -0.00565849 0.0176116 -0.0112726 3.22401e-05 0.00144023
0.0405268 -0.0240839 0.0438179 -0.0249709 2.58865e-05 0.0121753
0.0401368 -0.0258803 0.0405268 -0.0240839 8.25281e-05 0.0293292
0.0352305 -0.0226563 0.0405268 -0.0240839 2.69536e-05 0.0103086
0.0352305 -0.0226563 0.0384951 -0.0218374 0.000112666 0.179115
0.0189592 -0.0267379 0.0205122 -0.0283397 0.000271529 0.110483
0.0189592 -0.0267379 0.0216341 -0.0260669 0.000110056 0.101101
0.0167894 -0.0298705 0.0183164 -0.0268991 3.64669e-05 0.00966052
0.0183164 -0.0268991 0.0189592 -0.0267379 0.00010795 0.0910384
0.0170303 -0.0247483 0.0185933 -0.0263604 0.000273291 0.114625
0.0150887 -0.0254391 0.0170303 -0.0247483 0.000313952 0.765324
0.00714719 -0.0263067 0.00438304 -0.0198564 0.000114647 0.00622623
0.00714719 -0.0263067 0.00866106 -0.0277261 0.000149007 0.0661153
0.0117229 -0.0285531 0.0136947 -0.0290658 5.18577e-05 0.013944
0.0117229 -0.0285531 0.0141232 -0.0279509 0.000109331 0.0904179
0.0100032 -0.0289844 0.012593 -0.0314127 0.00015056 0.0345654
0.0100032 -0.0289844 0.0117229 -0.0285531 0.000109771 0.090074
0.00863331 -0.0277497 0.0087066 -0.0277688 5.35862e-05 0.0144181
0.00863331 -0.0277497 0.00994201 -0.0289998 0.00010768 0.0165239
0.00994201 -0.0289998 0.0100032 -0.0289844 0.000108854 0.0889392
0.00994201 -0.0289998 0.0124898 -0.0314334 0.000106021 0.0162398
0.0306862 -0.0120701 0.0298551 -0.00969057 0.000296463 0.312113
0.0409692 -0.0162308 0.0306862 -0.0120701 8.63093e-05 0.000771653
0.0399979 -0.0214604 0.0411596 -0.021169 0.000109593 0.186778
0.0365775 -0.0184109 0.0399979 -0.0214604 0.000167422 0.391499
0.0401368 -0.0258803 0.0438293 -0.0251386 0.00012501 0.28983
0.0383635 -0.0340489 0.0401368 -0.0258803 7.71131e-05 0.0503779
0.000762129 0.0447311 0.00135499 0.0455887 5.41243e-05 0.00205899
0.000762129 0.0447311 -0.00309095 0.0493605 2.63146e-05 6.15258e-05
0.000762129 0.0447311 0.00203864 0.0431975 2.74493e-05 0.000641363
0.00135499 0.0455887 0.00203864 0.0431975 2.15545e-05 0.000180413
0.000327051 0.0491842 0.00371968 0.0490092 3.09266e-05 0.000525296
0.0198986 0.0232893 0.0313775 0.0169369 0.000137505 0.0803649
0.0313775 0.0169369 0.0350957 0.0266099 8.53749e-05 0.0126734
0.0394669 0.014854 0.0397398 0.0147875 0.000129117 0.328654
0.0394669 0.014854 0.0398921 0.015084 0.000445651 0.0679398
0.00581157 -0.0250544 0.00716424 -0.0263465 0.000104691 0.0330818
0.00581157 -0.0250544 0.00714719 -0.0263067 0.000149246 0.0687905
0.0254374 0.00148353 0.0260859 0.00110009 0.000362493 0.688367
0.025707 0.00218477 0.0254374 0.00148353 7.73315e-05 0.00577633
0.0256477 0.00235438 0.0257784 0.00237058 0.000112429 0.101047
0.0253302 0.00326358 0.0256477 0.00235438 0.000310266 0.411503
0.0131918 0.0485206 0.0145618 0.0497459 0.000161201 0.00108268
0.0117214 0.0485964 0.0131918 0.0485206 3.09266e-05 3.65304e-05
0.0121161 0.00794934 0.0138625 0.00184068 2.30447e-05 0.00314577
0.00837422 0.00673381 0.0138625 0.00184068 0.000162425 0.18485
0.0144448 0.00132159 0.0203295 0.00450413 0.000616138 0.684082
0.0138625 0.00184068 0.0144448 0.00132159 0.000162031 0.185253
0.0259314 -0.00468961 0.0284573 -0.00568901 0.000128744 0.056651
0.0259314 -0.00468961 0.0283644 -0.00542305 0.000277957 0.307332
0.023443 -0.00370508 0.0259314 -0.00468961 0.000167786 0.108716
0.023443 -0.00370508 0.0254374 0.00148353 8.61439e-05 0.00819163
0.017402 -0.00131493 0.023443 -0.00370508 0.000171947 0.108719
0.0147961 0.00100841 0.017402 -0.00131493 0.000217602 0.150704
0.0245446 -0.01478 0.0267548 -0.0104793 3.46273e-05 0.0105307
0.0267548 -0.0104793 0.0284509 -0.0111656 9.33142e-05 0.0234902
0.0267548 -0.0104793 0.0270459 -0.00991294 3.87144e-05 0.00969923
0.0253428 -0.00839457 0.0270459 -0.00991294 0.00014816 0.00953854
0.0266737 -0.015857 0.0267349 -0.015888 3.59113e-05 0.00341923
0.026667 -0.0158706 0.0266737 -0.015857 8.20259e-05 0.0561225
0.0245446 -0.01478 0.0266737 -0.015857 3.28396e-05 0.0030345
0.0242964 -0.0152629 0.0245446 -0.01478 3.50315e-05 0.0108343
0.0169039 -0.0356497 0.0169698 -0.0355163 7.78426e-05 0.0474728
0.0169698 -0.0355163 0.0273164 -0.0452172 0.000140539 0.0384925
0.021715 -0.0295804 0.0227844 -0.0293656 0.000127229 0.156555
0.021715 -0.0295804 0.0233188 -0.0312346 0.000264092 0.0922208
-0.00179886 0.0249024 0.00367248 0.0235701 0.000135785 0.0915015
-0.00179886 0.0249024 -0.000396682 0.0265571 0.00026186 0.398543
-0.00592698 0.0200308 0.00904148 0.0111793 0.000270408 0.450112
-0.00592698 0.0200308 -0.00179886 0.0249024 0.000264678 0.38001
-0.0158391 0.0283212 -0.0126117 0.0254439 0.000177444 0.162882
-0.0126117 0.0254439 -0.0125074 0.0255371 0.000191481 0.241668
-0.00815148 0.0012256 -0.00570439 0.000522754 7.77765e-05 0.058705
-0.00815148 0.0012256 -0.00550027 -0.00150901 0.000285273 0.240845
-0.0198142 0.00364269 -0.0198871 0.00459629 9.64701e-05 0.0171203
-0.0198142 0.00364269 -0.0191786 0.00439278 0.000291608 0.673254
-0.0228853 0.00545744 -0.0205196 0.00281026 0.000327971 0.444019
-0.0205196 0.00281026 -0.0198142 0.00364269 0.000293376 0.669025
0.0135888 0.000858667 0.014069 0.00111839 0.000639611 0.667693
0.0135888 0.000858667 0.0141243 0.000925088 0.000140759 0.0512413
0.0123094 0.00069998 0.0135888 0.000858667 0.000100582 0.0513224
0.0123094 0.00069998 0.0128788 0.000474693 0.000146559 0.183919
0.00873655 0.00914773 0.00837422 0.00673381 9.20744e-05 0.027743
0.0036393 0.0109552 0.00837422 0.00673381 0.00016307 0.178723
-0.0168351 0.00715826 -0.0120106 0.00520616 0.000110448 0.0795114
-0.0168351 0.00715826 -0.0161305 0.00798981 0.000291593 0.685771
0.01489 -0.0335663 0.0163886 -0.0306503 3.7318e-05 0.0102581
0.0163886 -0.0306503 0.0183068 -0.030265 0.00012514 0.117965
0.01489 -0.0335663 0.0169698 -0.0355163 0.000148735 0.0370021
0.014835 -0.0336735 0.01489 -0.0335663 3.59637e-05 0.0105878
-0.0161305 0.00798981 -0.0141226 0.00738455 0.00029735 0.672022
-0.0161305 0.00798981 -0.0154677 0.00877195 0.000335168 0.925987
0.0218346 0.0194136 0.0243782 0.0185281 0.000268623 0.385531
0.0181373 0.0238556 0.0218346 0.0194136 2.87802e-05 0.00224209
0.00367658 0.0374684 0.00498158 0.0329039 3.21736e-05 0.00396859
0.00664838 0.0348709 0.00498158 0.0329039 0.000370468 0.0804257
0.00498158 0.0329039 0.00493436 0.0328482 0.00036458 0.0819437
0.0282438 0.00878432 0.0299248 0.00969347 0.000579466 0.802629
0.0290139 0.0107879 0.0282438 0.00878432 8.49622e-05 0.0114474
0.025707 0.00218477 0.0260859 0.00110009 0.000314564 0.402438
0.0260859 0.00110009 0.0311627 -0.00190211 0.000332656 0.945724
0.0284573 -0.00568901 0.0283644 -0.00542305 0.000292178 0.250137
0.0284573 -0.00568901 0.0290883 -0.00593867 0.000132542 0.157316
0.0290883 -0.00593867 0.0292206 -0.00568115 3.83886e-05 0.0193275
0.0292206 -0.00568115 0.0313759 -0.00633085 0.000279027 0.789613
0.0270459 -0.00991294 0.0284509 -0.0111656 0.000151059 0.00988068
0.0284509 -0.0111656 0.0288998 -0.0113472 9.01024e-05 0.0247846
0.0288249 -0.011499 0.0288998 -0.0113472 8.02468e-05 0.0493788
0.0288998 -0.0113472 0.0306862 -0.0120701 9.27106e-05 0.0266297
0.0221123 0.0190799 0.0290139 0.0107879 3.51879e-05 0.00652204
0.0303184 0.0141817 0.0290139 0.0107879 9.75858e-05 0.0103827
0.00135499 0.0455887 0.00371968 0.0490092 5.15789e-05 0.00201969
0.00135499 0.0455887 0.000327051 0.0491842 2.13905e-05 0.000157976
-0.00309095 0.0493605 0.000327051 0.0491842 3.09266e-05 0.000416031
0.0257784 0.00237058 0.0260267 0.00301657 7.9103e-05 0.00737829
0.0257784 0.00237058 0.027312 0.0025608 0.000112349 0.103073
0.025707 0.00218477 0.0257784 0.00237058 7.97641e-05 0.0100705
0.0256477 0.00235438 0.025707 0.00218477 0.000314624 0.406334
0.0283644 -0.00542305 0.0292206 -0.00568115 0.000279133 0.788258
0.0260859 0.00110009 0.0283644 -0.00542305 0.000344876 0.178381
0.0290883 -0.00593867 0.0311641 -0.00675996 0.000132659 0.156894
0.0287646 -0.00656861 0.0290883 -0.00593867 3.77892e-05 0.0186449
