# time=700000
x1 y1 x2 y2 aperture velocity
0.0443843 -0.00631477 0.05 -0.010437 6.36518e-05 0.0365076
0.0440694 -0.0250904 0.05 -0.0303778 0.000170064 0.441171
-0.05 0.000316541 -0.04286 -0.00160796 2.22582e-05 0.00349322
-0.05 -0.0312056 -0.04959 -0.0314953 0.000348544 0.417375
0.0474957 0.00801726 0.05 0.0066314 0.00015034 0.363812
0.0458809 0.000579001 0.05 -0.00302134 0.000248355 0.661011
-0.05 0.0299759 -0.0423835 0.0272751 0.000130242 0.119088
-0.05 -0.0125039 -0.0419318 -0.0146018 4.557e-05 0.0134698
0.0450408 -0.0429945 0.05 -0.0416201 0.00010184 0.255361
0.0477065 0.0302897 0.05 0.0347524 3.30499e-05 0.012951
-0.05 -0.043985 -0.0489825 -0.0437807 0.000111127 0.0410065
-0.05 0.0229315 -0.0399407 0.0178426 3.11145e-05 0.00640387
-0.05 0.0272741 -0.046455 0.0239504 0.00013755 0.102192
-0.05 -0.00702845 -0.0488496 -0.00688577 9.48929e-05 0.0642274
0.0497351 -0.0141077 0.05 -0.014426 3.02151e-05 0.00829807
0.0490599 0.0294953 0.05 0.0313998 7.66172e-05 0.0862325
-0.05 0.025353 -0.046455 0.0239504 0.00011747 0.0950047
-0.05 0.0444191 -0.0461801 0.0430894 0.000242128 0.446271
-0.05 0.0366396 -0.0228218 0.0300215 0.000117797 0.107202
-0.05 0.0132453 -0.0320246 0.00808241 6.46759e-05 0.0295438
-0.05 0.00378124 -0.039767 0.00115824 2.26532e-05 0.00363882
0.0487448 0.0137711 0.05 0.0195529 7.65737e-05 0.0404756
-0.05 -0.0286948 -0.0496576 -0.0281995 4.88291e-05 0.00801439
-0.05 -0.0319792 -0.04959 -0.0314953 0.000242895 0.160469
-0.05 0.0181997 -0.0357353 0.0138996 0.000402044 1.1481
-0.05 -0.027879 -0.0496576 -0.0281995 0.000102473 0.0453093
-0.05 -0.00799343 -0.0488104 -0.00692954 0.000174168 0.162522
-0.05 -0.00560268 -0.0488496 -0.00688577 4.70573e-05 0.0106244
0.0487448 0.0137711 0.05 0.0125904 7.75149e-05 0.142407
-0.05 -0.0440359 -0.0489825 -0.0437807 9.49983e-05 0.029647
-0.05 -0.0299924 -0.048906 -0.0306882 0.000111152 0.0561885
-0.05 0.0415005 -0.0461801 0.0430894 3.30736e-05 0.00814099
0.0453562 -0.0476437 0.05 -0.044689 8.68844e-05 0.172718
-0.05 -0.00877678 -0.0433793 -0.0129873 2.93384e-05 0.0048467
-0.05 0.0282563 -0.0448113 0.0233 9.3618e-05 0.0469972
-0.05 0.0205776 -0.0374354 0.0154937 8.4088e-05 0.0486214
0.0490599 0.0294953 0.05 0.0289434 3.827e-05 0.041919
0.0429283 0.0469867 0.05 0.046622 3.09266e-05 0.0258413
-0.05 0.0460933 -0.0454404 0.043397 0.000444743 1.37015
-0.0228246 0.0430204 -0.0224412 0.042739 8.48304e-05 0.0235281
-0.0224412 0.042739 -0.0228816 0.0437668 0.000163278 0.0351387
0.0101839 0.0187903 0.0232593 0.00919225 5.3342e-05 0.0141825
0.0205138 0.0170522 0.0232593 0.00919225 0.000418663 1.05279
0.0348415 0.000690202 0.0369482 -0.000856241 5.85613e-05 0.0336899
0.0369482 -0.000856241 0.0394415 -0.00174035 0.00015344 0.235466
0.0369482 -0.000856241 0.0414656 -0.00417222 6.01369e-05 0.031003
0.0394415 -0.00174035 0.0414656 -0.00417222 3.04434e-05 0.00632214
0.0414656 -0.00417222 0.0443843 -0.00631477 5.93021e-05 0.031375
0.0441494 -0.00739678 0.0443843 -0.00631477 0.000100209 0.0167536
-0.0221296 0.0339296 -0.0165246 0.0289324 0.000419553 0.791509
-0.0184557 0.0334386 -0.0165246 0.0289324 0.000167205 0.0292496
0.0438103 -0.0248594 0.0439864 -0.0250164 0.00017166 0.436909
0.0439864 -0.0250164 0.0441792 -0.0250683 2.62032e-05 0.0134462
0.0439864 -0.0250164 0.0440694 -0.0250904 0.000171213 0.438152
0.0440694 -0.0250904 0.0441792 -0.0250683 0.000128408 0.331008
0.0017112 -0.0136216 -0.000285636 -0.00896189 0.000110684 0.0076489
0.0017112 -0.0136216 0.0051786 -0.0145562 2.3754e-05 0.0036465
0.00787526 -0.0280057 0.00765677 -0.0274958 0.000117723 0.000114933
0.00722648 -0.0282365 0.00787526 -0.0280057 0.000321739 0.765501
0.0111578 -0.0356656 0.0123643 -0.038481 0.000104594 0.00221109
0.00850765 -0.0459855 0.0123643 -0.038481 3.30298e-05 0.000345273
0.0123643 -0.038481 0.0138245 -0.0418884 0.000104588 0.00201157
0.011015 -0.0475801 0.0138245 -0.0418884 7.20998e-05 0.000345397
-0.0189195 -0.00806083 -0.00964767 -0.0105599 2.28404e-05 0.00273358
-0.0189195 -0.00806083 -0.0192217 -0.00410808 7.62554e-05 0.0104427
-0.0313376 -0.00471369 -0.0277213 -0.00568841 2.32879e-05 0.00364446
-0.0313376 -0.00471369 -0.0263736 -0.00409799 9.82674e-05 0.067523
-0.0330937 -0.00424034 -0.0313376 -0.00471369 2.36071e-05 0.00369686
-0.0330937 -0.00424034 -0.0309279 -0.00110746 5.13918e-05 0.0113894
-0.04286 -0.00160796 -0.0330937 -0.00424034 2.28306e-05 0.00334971
-0.04286 -0.00160796 -0.039767 0.00115824 0.000171393 0.161175
0.0331156 -0.0190251 0.0325395 -0.0173759 0.000304096 0.293307
0.0330102 -0.0190626 0.0331156 -0.0190251 0.000318296 0.831898
0.0383635 -0.0340489 0.0389133 -0.0356231 0.000281973 0.0591522
0.0389133 -0.0356231 0.0446417 -0.0371126 4.98372e-05 0.0588099
0.0389133 -0.0356231 0.0418017 -0.0438922 0.000282735 0.0575811
0.0369058 -0.045249 0.0418017 -0.0438922 0.000101854 0.255605
-0.0359186 -0.0411567 -0.0355098 -0.0414455 0.000274508 0.19427
-0.0359186 -0.0411567 -0.035836 -0.0411401 0.000115217 0.0672023
-0.04959 -0.0314953 -0.0366005 -0.0406747 0.000276682 0.210927
-0.04959 -0.0314953 -0.048906 -0.0306882 0.000317418 0.397239
0.0331156 -0.0190251 0.0355687 -0.0181523 0.000318061 0.420934
0.0355687 -0.0181523 0.0365775 -0.0184109 2.67731e-05 0.00798474
0.0360825 -0.0179695 0.0409692 -0.0162308 0.000317356 0.18941
0.0409692 -0.0162308 0.0421297 -0.0167004 9.78047e-05 0.201714
0.0409692 -0.0162308 0.0423373 -0.015744 0.000317086 0.127179
0.0423373 -0.015744 0.0421297 -0.0167004 8.40154e-05 0.177161
0.0179605 0.0243618 0.0198986 0.0232893 0.00013978 0.0872423
0.017648 0.0252564 0.0198986 0.0232893 0.000243093 0.206838
0.0372793 0.0136709 0.0387482 0.0128581 0.000153311 0.387547
0.0387482 0.0128581 0.0366047 0.00868707 4.36085e-05 0.00515288
0.0387482 0.0128581 0.0403972 0.0119455 0.000152145 0.390916
0.0403972 0.0119455 0.0381305 0.00735337 0.000106255 0.0102632
0.0403972 0.0119455 0.0474957 0.00801726 0.0001523 0.380923
0.0468369 0.00498253 0.0474957 0.00801726 0.000112802 0.0074789
-0.0179426 -0.0208395 -0.0189195 -0.00806083 7.91824e-05 0.00990176
-0.0179426 -0.0208395 0.00340241 -0.0263896 4.76014e-05 0.012098
-0.0162276 -0.043272 -0.0166847 -0.0372934 7.85064e-05 0.00569234
0.0257193 0.0182016 0.0259861 0.0179684 0.000239859 0.240416
0.0259861 0.0179684 0.031091 0.0161914 0.000263515 0.342731
0.0259861 0.0179684 0.0303184 0.0141817 0.0003038 0.479095
0.031091 0.0161914 0.0303184 0.0141817 8.64229e-05 0.0110872
0.0303184 0.0141817 0.0333401 0.0115405 0.000299604 0.483182
0.0333401 0.0115405 0.0372793 0.0136709 0.000634027 0.833876
0.0381305 0.00735337 0.0415878 0.00433147 0.000261452 0.801338
0.0415878 0.00433147 0.0468369 0.00498253 0.000160632 0.355751
0.0415878 0.00433147 0.0458809 0.000579001 0.000248426 0.673177
0.0458809 0.000579001 0.0449531 -0.0036948 9.27151e-05 0.00244018
0.0121161 0.00794934 0.0180793 0.00583476 0.000138677 0.118464
0.0116303 0.00964834 0.0121161 0.00794934 2.39023e-05 0.0023927
-0.0423835 0.0272751 -0.0210423 0.0197074 0.000185179 0.260857
-0.05 0.0357977 -0.0423835 0.0272751 0.000361475 0.648496
-0.0405122 -0.0149709 -0.0400859 -0.0150818 4.58503e-05 0.0138769
-0.0405122 -0.0149709 -0.0404352 -0.0148596 5.0084e-05 0.00994697
-0.0419318 -0.0146018 -0.0405122 -0.0149709 4.67501e-05 0.0144448
-0.0419318 -0.0146018 -0.0409862 -0.0156566 4.70573e-05 0.0100159
0.0418017 -0.0438922 0.0450408 -0.0429945 0.000102071 0.414559
0.0450408 -0.0429945 0.0453562 -0.0476437 0.000447875 0.033506
0.0397398 0.0147875 0.0390393 0.0134246 3.77646e-05 0.0172627
0.0397398 0.0147875 0.041579 0.0143397 0.000129995 0.338395
0.0398921 0.015084 0.0423221 0.0198124 3.41745e-05 0.00198081
0.0350957 0.0266099 0.0423221 0.0198124 8.12916e-05 0.0185902
0.0423221 0.0198124 0.0477065 0.0302897 3.85456e-05 0.0211818
0.0385714 0.0356521 0.0477065 0.0302897 3.56963e-05 0.0191253
-0.0489825 -0.0437807 -0.0359186 -0.0411567 0.00010987 0.0401884
-0.0489825 -0.0437807 -0.0366005 -0.0406747 9.64339e-05 0.0306721
-0.0399407 0.0178426 -0.0381487 0.0169361 3.1967e-05 0.00676274
-0.0399407 0.0178426 -0.0374354 0.0154937 0.000136147 0.100569
-0.046455 0.0239504 -0.0399407 0.0178426 0.000136323 0.100564
-0.046455 0.0239504 -0.0448113 0.0233 0.000118485 0.0971226
-0.0487472 -0.00687306 -0.0336164 -0.00499634 9.94347e-05 0.0676127
-0.0487472 -0.00687306 -0.04286 -0.00160796 0.000171657 0.16092
-0.0488496 -0.00688577 -0.0487472 -0.00687306 9.4584e-05 0.0640055
-0.0488496 -0.00688577 -0.0488104 -0.00692954 4.82794e-05 0.0112013
0.0441494 -0.00739678 0.0472434 -0.0111141 3.63905e-05 0.0094365
0.0472434 -0.0111141 0.05 -0.011945 0.000356466 1.33059
0.0472434 -0.0111141 0.0477308 -0.0116996 4.10969e-05 0.0122056
0.0477308 -0.0116996 0.05 -0.0130415 0.000284362 0.756042
0.0477308 -0.0116996 0.0497351 -0.0141077 3.00864e-05 0.00603416
0.0497351 -0.0141077 0.05 -0.0142125 0.000132024 0.230282
0.0426945 0.0165995 0.0436595 0.0185545 7.6801e-05 0.0313741
0.0423221 0.0198124 0.0436595 0.0185545 7.26206e-05 0.0104992
0.0436595 0.0185545 0.0490599 0.0294953 7.67653e-05 0.0930107
0.0477065 0.0302897 0.0490599 0.0294953 3.90212e-05 0.0274501
0.0243782 0.0185281 0.0259861 0.0179684 0.000318052 0.560279
0.0243782 0.0185281 0.0257193 0.0182016 0.000168777 0.164089
-0.0461801 0.0430894 -0.0431173 0.0420233 0.000241749 0.44585
-0.0461801 0.0430894 -0.0454404 0.043397 4.18308e-05 0.0129147
0.0160235 -0.00571791 0.0147674 -0.00132426 2.13905e-05 0.000303431
0.0160235 -0.00571791 0.0220085 -0.00743691 6.89634e-05 0.00843292
0.018314 -0.0137295 0.0176116 -0.0112726 2.19733e-05 0.00325174
0.018314 -0.0137295 0.0194753 -0.0140272 2.33513e-05 0.0030652
0.0188582 -0.0156327 0.018314 -0.0137295 2.28598e-05 0.00223739
0.0188582 -0.0156327 0.0194753 -0.0140272 7.29369e-05 0.0470535
0.0233188 -0.0312346 0.0227844 -0.0293656 2.33302e-05 0.00210901
0.0233188 -0.0312346 0.0237512 -0.0316807 0.000267731 0.0948124
0.0273164 -0.0452172 0.0274652 -0.0457378 2.24654e-05 0.000433108
0.0274652 -0.0457378 0.0291917 -0.0473869 9.52042e-05 0.0184058
0.0274652 -0.0457378 0.0280288 -0.0477092 2.18181e-05 0.00111744
0.0106464 0.0218719 0.0173765 0.0202331 0.000136118 0.075371
0.0106464 0.0218719 0.0108513 0.0232368 9.98223e-05 0.0203946
-0.0228218 0.0300215 -0.021812 0.0297757 0.000133957 0.15019
-0.0228218 0.0300215 -0.0217839 0.0294078 0.000273915 0.507878
-0.0228853 0.00545744 -0.0198871 0.00459629 8.87143e-05 0.0623233
-0.024861 0.00766809 -0.0228853 0.00545744 0.000340176 0.472707
-0.0275275 0.00679075 -0.0258088 0.00629711 0.000103859 0.0739093
-0.0275275 0.00679075 -0.0262868 0.00560566 0.000107184 0.0528627
-0.0320246 0.00808241 -0.0284296 0.00704984 6.85606e-05 0.0304297
-0.0320246 0.00808241 -0.0307483 0.00922386 0.000170335 0.161146
-0.0128852 -0.00573227 -0.000285636 -0.00896189 2.44907e-05 0.00412864
-0.015546 -0.00275501 -0.0128852 -0.00573227 0.000288942 0.200345
-0.0192217 -0.00410808 -0.0155158 -0.00505798 2.33799e-05 0.00282098
-0.0192217 -0.00410808 -0.0192896 -0.00321934 7.71538e-05 0.0110388
-0.0215804 -0.00350347 -0.0192217 -0.00410808 2.94892e-05 0.00411424
-0.0215804 -0.00350347 -0.0192896 -0.00321934 0.000122796 0.0860257
-0.0309279 -0.00110746 -0.0251044 -0.00260018 2.34275e-05 0.00366793
-0.0309279 -0.00110746 -0.0265237 0.00526295 5.0574e-05 0.0115049
-0.039767 0.00115824 -0.0309279 -0.00110746 2.3408e-05 0.00352244
-0.039767 0.00115824 -0.0320246 0.00808241 0.0001712 0.161357
0.0487448 0.0137711 0.0485023 0.0126538 7.75945e-05 0.023939
0.0446268 0.0176446 0.0487448 0.0137711 7.75309e-05 0.206312
-0.0496576 -0.0281995 -0.0409862 -0.0156566 4.95273e-05 0.00940365
-0.0496576 -0.0281995 -0.0480626 -0.0296929 0.000102239 0.0446852
-0.0141226 0.00738455 -0.00627716 0.00501956 0.000400387 1.37836
-0.0141226 0.00738455 -0.0120106 0.00520616 0.000285812 0.246772
-0.0346169 0.0135625 -0.0284738 0.0117107 0.000377937 1.03671
-0.0346169 0.0135625 -0.0304004 0.00953495 0.000153524 0.122255
-0.0357353 0.0138996 -0.0346169 0.0135625 0.000384663 1.05519
-0.0357353 0.0138996 -0.0307483 0.00922386 0.000236381 0.29214
0.0119722 -0.0335468 0.0127054 -0.0316394 7.16956e-05 0.0379239
0.0104497 -0.0318432 0.0119722 -0.0335468 0.000265842 0.0235257
0.00744961 -0.0453126 0.0111578 -0.0356656 6.5216e-05 0.001586
0.00744961 -0.0453126 0.00850765 -0.0459855 2.93384e-05 0.00123754
-0.0488104 -0.00692954 -0.0487472 -0.00687306 0.000173913 0.16268
-0.0488104 -0.00692954 -0.0433793 -0.0129873 5.02227e-05 0.0110461
0.0119722 -0.0335468 0.0138311 -0.0356268 0.000260379 0.0154197
0.0123643 -0.038481 0.0138311 -0.0356268 3.30306e-05 0.000977436
0.0138311 -0.0356268 0.0158179 -0.0378499 0.00025884 0.0142434
0.0138245 -0.0418884 0.0158179 -0.0378499 7.2101e-05 0.00326332
-0.0154677 0.00877195 -0.0141226 0.00738455 0.000473129 0.865261
-0.0154677 0.00877195 -0.0136158 0.0109574 0.00024534 0.33013
-0.0200574 0.0135061 -0.0154677 0.00877195 0.000342889 0.185996
-0.0200574 0.0135061 -0.0136158 0.0109574 0.000138155 0.0720297
-0.020612 0.0140781 -0.0205055 0.0139682 0.000331746 0.0692573
-0.0209133 0.0180196 -0.020612 0.0140781 9.07141e-05 0.0611717
0.0438103 -0.0248594 0.0438179 -0.0249709 0.000485437 0.00470598
0.0429468 -0.0240894 0.0438103 -0.0248594 0.000171518 0.414639
0.0434931 -0.0201836 0.0435198 -0.020577 0.000486245 0.000795326
0.0434931 -0.0201836 0.044282 -0.0203858 2.26532e-05 0.00882075
-0.0336307 -0.0427735 -0.0312417 -0.0419235 0.000327451 0.607934
-0.0332804 -0.0406268 -0.0312417 -0.0419235 0.000113196 0.0391397
-0.0332804 -0.0406268 -0.0208395 -0.0381279 0.000124361 0.0881981
-0.048906 -0.0306882 -0.0429602 -0.03447 0.000157905 0.0700283
-0.048906 -0.0306882 -0.0480626 -0.0296929 0.000307012 0.395029
0.00695375 -0.00272968 0.00723125 -0.00257961 0.000523829 0.0833302
0.00699088 -0.00248235 0.00695375 -0.00272968 0.000110745 0.164865
0.00649095 -0.00297997 0.00695375 -0.00272968 0.000511269 0.0270896
0.00689861 -0.00309706 0.00649095 -0.00297997 7.77696e-05 0.0590699
0.00116224 -0.0413141 0.00744961 -0.0453126 3.05846e-05 0.00456896
0.00116224 -0.0413141 0.00233931 -0.0334722 8.37871e-05 0.000815454
-0.00984838 -0.0343117 -0.00792624 -0.0355342 3.44594e-05 0.00406456
-0.0167256 -0.0367587 -0.00984838 -0.0343117 0.000324044 0.62354
-0.0172736 -0.0295896 -0.0102404 -0.0340624 3.23554e-05 0.00440984
-0.0172736 -0.0295896 -0.0179426 -0.0208395 8.08477e-05 0.00733147
-0.0400859 -0.0150818 -0.0372237 -0.016902 2.95163e-05 0.00498885
-0.0400859 -0.0150818 -0.0364765 -0.0160203 4.60204e-05 0.0140234
-0.0404352 -0.0148596 -0.0400859 -0.0150818 3.01118e-05 0.00519259
-0.0404352 -0.0148596 -0.0336164 -0.00499634 4.98542e-05 0.0101493
-0.0433793 -0.0129873 -0.0404352 -0.0148596 3.05315e-05 0.00537672
-0.0433793 -0.0129873 -0.0419318 -0.0146018 4.88789e-05 0.0109004
-0.0360532 0.0149344 -0.0346169 0.0135625 9.55185e-05 0.0490835
-0.0360532 0.0149344 -0.0286934 0.0119564 8.64437e-05 0.052345
-0.0381487 0.0169361 -0.0360532 0.0149344 9.61561e-05 0.0498672
-0.0381487 0.0169361 -0.0290135 0.0123146 3.18797e-05 0.0068331
-0.0448113 0.0233 -0.0381487 0.0169361 9.63671e-05 0.0497751
-0.0448113 0.0233 -0.0355598 0.0196396 0.000116839 0.0950935
-0.0374354 0.0154937 -0.0360532 0.0149344 8.61972e-05 0.0512575
-0.0374354 0.0154937 -0.0357353 0.0138996 0.000135059 0.0989372
0.0173765 0.0202331 0.0205138 0.0170522 0.000781736 0.641022
0.0205138 0.0170522 0.019591 0.0196938 0.000417781 0.144447
-0.0103577 0.0497353 -0.00309095 0.0493605 3.09266e-05 0.000363421
0.0180047 0.0482723 0.0429283 0.0469867 3.09266e-05 0.00630555
-0.0431173 0.0420233 -0.0228218 0.0300215 0.000278185 0.527011
-0.0431173 0.0420233 -0.0235794 0.0352221 0.000408127 1.38906
-0.0454404 0.043397 -0.0431173 0.0420233 0.000442844 1.36783
-0.0454404 0.043397 -0.0367862 0.0469967 5.96517e-05 0.0698938
-0.0313319 0.0492653 -0.0228246 0.0430204 4.92662e-05 0.00427214
-0.0228246 0.0430204 -0.0228816 0.0437668 0.00010763 0.046872
-0.0228816 0.0437668 -0.0246774 0.0479573 0.00016067 0.0436682
-0.0228816 0.0437668 -0.0231368 0.0471047 0.000102288 0.0368179
0.00367248 0.0235701 0.00870661 0.0198747 5.93546e-05 0.0158779
0.00794775 0.022529 0.00870661 0.0198747 2.36048e-05 0.00132003
0.00870661 0.0198747 0.0101839 0.0187903 5.6717e-05 0.0164541
0.0106464 0.0218719 0.0101839 0.0187903 9.54369e-05 0.0059482
0.0315732 0.00308933 0.0331377 0.0019409 5.98868e-05 0.0330551
0.0331377 0.0019409 0.0325092 0.000717867 3.42317e-05 0.000164741
0.0331377 0.0019409 0.0348415 0.000690202 5.93612e-05 0.0331808
0.0348415 0.000690202 0.0345057 9.88431e-06 8.61042e-05 3.48064e-05
0.0394415 -0.00174035 0.0449531 -0.0036948 0.000152852 0.23676
0.0358009 0.00263369 0.0394415 -0.00174035 3.01784e-05 0.00834746
0.0437291 -0.00933319 0.0441494 -0.00739678 0.000107684 0.0169566
0.0414656 -0.00417222 0.0441494 -0.00739678 3.00145e-05 0.00653975
-0.0235794 0.0352221 -0.0221296 0.0339296 0.000438487 0.813483
-0.0221296 0.0339296 -0.0221915 0.034739 0.000231183 0.113827
-0.0184557 0.0334386 -0.0224412 0.042739 0.000166456 0.028308
-0.0184557 0.0334386 -0.00925826 0.030237 0.00032329 0.693033
0.0441792 -0.0250683 0.0456829 -0.0254736 2.62825e-05 0.012835
0.0441792 -0.0250683 0.0446821 -0.0249673 0.000129203 0.329087
-0.0140892 0.0232492 -0.0110535 0.0161654 0.000137871 0.0563472
-0.0110535 0.0161654 -0.00963023 0.0156607 0.000150159 0.164589
-0.00416004 7.91886e-05 -0.00517119 0.00243874 0.000119417 0.0179869
-0.00416004 7.91886e-05 -0.00070239 -0.000913913 7.91799e-05 0.0751297
-0.000285636 -0.00896189 -0.00187863 -0.00524458 0.000108601 0.00791879
-0.000285636 -0.00896189 0.00239031 -0.00964781 2.37321e-05 0.00369703
0.0282205 -0.0207668 0.034296 -0.0224044 2.50424e-05 0.00478316
0.0234044 -0.0224804 0.0282205 -0.0207668 0.000318617 0.831721
0.0196669 -0.0184613 0.0222895 -0.0191682 2.29976e-05 0.00247168
0.0196669 -0.0184613 0.0188582 -0.0156327 2.34803e-05 0.00272238
0.00784604 -0.0152752 0.0179489 -0.0179983 2.41047e-05 0.00410712
0.00784604 -0.0152752 0.0158301 -0.0235104 0.000272794 0.159523
0.0051786 -0.0145562 0.00784604 -0.0152752 2.35956e-05 0.00332744
0.0051786 -0.0145562 0.00544276 -0.0127963 9.19881e-05 0.0437147
0.00765677 -0.0274958 0.00716424 -0.0263465 0.000117032 0.000386558
0.00765677 -0.0274958 0.00861096 -0.0277439 5.19773e-05 0.0160262
-0.00984838 -0.0343117 -0.00653594 -0.0331332 0.000323868 0.624293
-0.00653594 -0.0331332 0.00273943 -0.0308065 0.000113256 0.0759859
0.0028938 -0.0297781 0.00722648 -0.0282365 0.000323664 0.632421
0.00623387 -0.0271258 0.00722648 -0.0282365 0.000288329 0.206277
0.00866303 -0.0298439 0.00846053 -0.0293714 0.000121972 0.0274532
0.00828097 -0.0294164 0.00866303 -0.0298439 0.000285133 0.0551989
0.00959347 -0.0320152 0.0111578 -0.0356656 0.000117983 0.00515058
0.0111578 -0.0356656 0.0119722 -0.0335468 7.24888e-05 0.0066196
0.00850765 -0.0459855 0.011015 -0.0475801 2.93384e-05 0.000848821
-0.0092509 -0.0106669 -0.00822913 -0.0109423 2.90477e-05 0.00557709
-0.0092509 -0.0106669 -0.00395127 -0.015729 0.000114262 0.0403725
-0.00964767 -0.0105599 -0.0092509 -0.0106669 2.80942e-05 0.00320443
-0.00964767 -0.0105599 -0.00300402 -0.016789 0.000162774 0.080999
-0.0277213 -0.00568841 -0.0189195 -0.00806083 2.54616e-05 0.00293408
-0.0277213 -0.00568841 -0.0263736 -0.00409799 0.000294687 0.408544
-0.0263736 -0.00409799 -0.0215804 -0.00350347 0.000123521 0.0854189
-0.0263736 -0.00409799 -0.0251044 -0.00260018 0.000288144 0.404233
0.0241711 0.00658176 0.0253302 0.00326358 0.000311178 0.451958
0.0253302 0.00326358 0.0260267 0.00301657 0.000154115 0.193523
0.0298551 -0.00969057 0.0297981 -0.00952739 0.000303955 0.317099
0.0298551 -0.00969057 0.0428417 -0.0134206 7.51858e-05 0.039063
0.0325395 -0.0173759 0.0312384 -0.0136508 0.000303965 0.293604
0.0325395 -0.0173759 0.0355687 -0.0181523 2.41976e-05 0.000991111
0.0282205 -0.0207668 0.0330102 -0.0190626 0.000318402 0.832195
0.0330102 -0.0190626 0.0331542 -0.0191354 3.64611e-05 0.00895862
0.0358135 -0.0267486 0.0383635 -0.0340489 0.000282396 0.0563527
0.0380694 -0.0354037 0.0383635 -0.0340489 7.93124e-05 0.0606124
0.0446417 -0.0371126 0.05 -0.0385058 4.79344e-05 0.0525482
0.0450408 -0.0429945 0.0446417 -0.0371126 0.000435792 0.00298758
0.0358697 -0.0455362 0.0369058 -0.045249 9.78744e-05 0.0548133
-0.0355098 -0.0414455 -0.0336307 -0.0427735 0.000274595 0.19317
-0.0355098 -0.0414455 -0.0339645 -0.0428923 0.000104941 0.0245401
-0.035836 -0.0411401 -0.0332804 -0.0406268 0.00011485 0.0696103
-0.035836 -0.0411401 -0.0355098 -0.0414455 0.000105799 0.0216473
-0.0366005 -0.0406747 -0.0359186 -0.0411567 0.000275728 0.205478
-0.0366005 -0.0406747 -0.0363896 -0.0406218 0.00010018 0.0465311
0.0414853 -0.0196689 0.0434931 -0.0201836 2.58012e-05 0.0227331
0.0414853 -0.0196689 0.0411596 -0.021169 7.99762e-05 0.0763415
0.0365775 -0.0184109 0.0414853 -0.0196689 2.59856e-05 0.00864533
0.0360825 -0.0179695 0.0365775 -0.0184109 0.000170658 0.409505
0.0355687 -0.0181523 0.0360825 -0.0179695 0.000317663 0.420864
0.0360825 -0.0179695 0.0312384 -0.0136508 0.000168986 0.021877
0.0421297 -0.0167004 0.0485758 -0.0193087 9.89989e-05 0.284301
0.0421297 -0.0167004 0.0414853 -0.0196689 8.02322e-05 0.0806084
0.00770911 0.0300349 0.0115525 0.027908 0.000164723 0.0313719
0.0115525 0.027908 0.0119076 0.030274 9.43391e-05 3.24542e-05
0.0175072 0.0246126 0.0179605 0.0243618 0.000146365 0.0420067
0.017648 0.0252564 0.0179605 0.0243618 0.000333165 0.0669759
-0.00126987 0.0417919 0.00223883 0.0387251 0.000204706 0.0109703
0.00223883 0.0387251 0.00309769 0.0394932 0.000162073 0.0654444
0.00367658 0.0374684 0.00664838 0.0348709 0.000283148 0.338514
0.00664838 0.0348709 0.00781914 0.0362525 0.000379163 0.0884919
0.0119076 0.030274 0.015165 0.0274268 0.000270847 0.112196
0.0120432 0.0311774 0.015165 0.0274268 2.64727e-05 0.000986094
0.015165 0.0274268 0.017648 0.0252564 0.000263445 0.115254
0.0131062 0.0382591 0.017648 0.0252564 0.000349294 0.120906
0.0317427 0.0167348 0.0354949 0.0146584 0.000144029 0.106222
0.0354949 0.0146584 0.0376915 0.0138938 0.000265216 0.353118
0.0354949 0.0146584 0.0372793 0.0136709 0.000130049 0.0892787
0.0372793 0.0136709 0.0376915 0.0138938 0.000628367 0.76531
0.0366047 0.00868707 0.0343745 0.00434743 4.53124e-05 0.00297829
0.0333401 0.0115405 0.0366047 0.00868707 0.000263872 0.79772
0.0381305 0.00735337 0.0363161 0.00367761 0.000114223 0.0189513
0.0366047 0.00868707 0.0381305 0.00735337 0.000261823 0.804306
0.0458809 0.000579001 0.0468369 0.00498253 0.000106071 0.0268008
0.0468369 0.00498253 0.05 0.00537486 0.000157887 0.374598
0.00340241 -0.0263896 0.00623387 -0.0271258 5.38656e-05 0.0150732
0.00340241 -0.0263896 0.00371497 -0.0243073 9.42551e-05 0.0246524
-0.0166847 -0.0372934 -0.0167256 -0.0367587 8.76879e-05 0.010071
-0.0166847 -0.0372934 -0.00792624 -0.0355342 0.000130467 0.0987887
0.0198986 0.0232893 0.0257193 0.0182016 0.00023926 0.211425
0.0257193 0.0182016 0.0313377 0.0168335 0.000162882 0.126556
0.031091 0.0161914 0.0354949 0.0146584 0.000262002 0.343372
0.0313377 0.0168335 0.031091 0.0161914 9.03116e-05 0.00672752
0.0443843 -0.00631477 0.0449531 -0.0036948 8.46422e-05 0.0143627
0.0449531 -0.0036948 0.05 -0.00548444 0.000151986 0.247597
0.0180793 0.00583476 0.0209244 0.00482588 0.000142512 0.119275
0.0180793 0.00583476 0.0203295 0.00450413 0.000271925 0.463019
0.00978205 0.0161131 0.0116303 0.00964834 2.21255e-05 0.00172438
0.0116303 0.00964834 0.0180793 0.00583476 0.000273383 0.462634
-0.0195985 0.0191954 -0.0174246 0.0184246 0.000146617 0.159466
-0.0195985 0.0191954 -0.0143597 0.0238806 0.000224371 0.294223
-0.0210423 0.0197074 -0.0195985 0.0191954 0.000181561 0.258461
-0.0217839 0.0294078 -0.0210423 0.0197074 7.65616e-05 0.00286101
-0.0409862 -0.0156566 -0.0385093 -0.0184192 4.74383e-05 0.0100744
-0.0409862 -0.0156566 -0.0405122 -0.0149709 4.88291e-05 0.00940314
0.0390393 0.0134246 0.0387482 0.0128581 5.18709e-05 0.00549964
0.0390393 0.0134246 0.0408212 0.0128043 0.000307401 1.67663
0.041579 0.0143397 0.0485023 0.0126538 0.000129203 0.367356
0.041579 0.0143397 0.0408212 0.0128043 8.12172e-05 0.054414
0.0398921 0.015084 0.0397398 0.0147875 3.56331e-05 0.0206788
0.0398921 0.015084 0.0426945 0.0165995 0.000447612 0.0676171
0.00945447 0.0487133 0.0117214 0.0485964 3.09266e-05 0.000151242
0.0124794 0.0478835 0.0142945 0.0461761 7.219e-05 0.00448675
0.0146352 0.0484461 0.0142945 0.0461761 8.30702e-05 0.00188818
0.0142945 0.0461761 0.0153706 0.0451639 7.21899e-05 0.00421087
0.0153706 0.0451639 0.0176949 0.0479067 0.000219052 0.00184799
0.0153706 0.0451639 0.0350957 0.0266099 7.22652e-05 0.0194105
0.0350957 0.0266099 0.0385714 0.0356521 6.46728e-05 0.0159139
0.0148086 0.049601 0.0169823 0.0483251 3.56763e-05 0.000851301
0.0146352 0.0484461 0.0169823 0.0483251 3.09266e-05 0.000566474
0.0169823 0.0483251 0.0176949 0.0479067 3.56763e-05 0.000875467
0.0176949 0.0479067 0.0180047 0.0482723 0.000219052 0.000814201
0.0176949 0.0479067 0.0385714 0.0356521 3.56763e-05 0.0072229
0.0385714 0.0356521 0.0429283 0.0469867 6.4639e-05 0.00934694
-0.0336164 -0.00499634 -0.0313376 -0.00471369 9.8497e-05 0.0673412
-0.0336164 -0.00499634 -0.0330937 -0.00424034 5.21027e-05 0.0114413
0.0426945 0.0165995 0.041579 0.0143397 7.78012e-05 0.101452
0.0426945 0.0165995 0.0446268 0.0176446 0.00044697 0.0446642
0.014069 0.00111839 0.0141243 0.000925088 3.70177e-05 0.00345538
0.0141243 0.000925088 0.0147961 0.00100841 0.000153647 0.0616962
0.0144284 -0.000138394 0.0147674 -0.00132426 3.56314e-05 0.00326421
0.0147674 -0.00132426 0.0187637 -0.00252893 0.000241932 0.18278
0.0220085 -0.00743691 0.0253428 -0.00839457 6.66202e-05 0.0132565
0.0220085 -0.00743691 0.0225854 -0.0059362 6.67857e-05 0.0233051
0.0161591 -0.00619204 0.0160235 -0.00571791 2.40829e-05 0.00226896
0.0161591 -0.00619204 0.0216353 -0.00840786 8.90647e-05 0.00857455
0.0176116 -0.0112726 0.0161591 -0.00619204 2.14972e-05 0.00327291
0.0176116 -0.0112726 0.0200584 -0.0125104 3.15591e-05 0.0015129
0.0194753 -0.0140272 0.0242964 -0.0152629 2.42739e-05 0.00244938
0.0194753 -0.0140272 0.0200584 -0.0125104 7.25826e-05 0.0474502
0.0207342 -0.0221945 0.0196669 -0.0184613 2.37515e-05 0.00216925
0.0199569 -0.023707 0.0207342 -0.0221945 3.81237e-05 0.0111231
0.0217653 -0.025801 0.0210549 -0.0233163 2.39043e-05 0.00123149
0.0216341 -0.0260669 0.0217653 -0.025801 8.50234e-05 0.0507208
0.0218274 -0.0260184 0.0217653 -0.025801 2.50724e-05 0.000887621
0.0218274 -0.0260184 0.0344522 -0.0228515 0.000110579 0.109832
0.0227844 -0.0293656 0.0218274 -0.0260184 2.37166e-05 0.00134121
0.0227844 -0.0293656 0.0358135 -0.0267486 0.000129623 0.164839
0.0237512 -0.0316807 0.0361102 -0.0444284 0.000265746 0.0939024
0.0237512 -0.0316807 0.0380694 -0.0354037 5.058e-05 0.0223421
0.0234218 -0.031595 0.0233188 -0.0312346 2.34684e-05 0.0015962
0.0234218 -0.031595 0.0237512 -0.0316807 4.99829e-05 0.0140056
0.0273164 -0.0452172 0.0234218 -0.031595 2.17348e-05 0.0011778
0.0273164 -0.0452172 0.0295304 -0.047293 0.000140618 0.0392022
0.0280288 -0.0477092 0.0291917 -0.0473869 9.41363e-05 0.000258989
0.0173765 0.0202331 0.019591 0.0196938 0.00018466 0.104776
0.0162766 0.0213483 0.0173765 0.0202331 0.000793144 0.643261
0.0108513 0.0232368 0.0113219 0.0263719 9.44662e-05 0.0486142
0.0108513 0.0232368 0.0162766 0.0213483 0.00021775 0.196033
-0.0113401 0.0272257 -0.0107736 0.0270877 0.000346493 0.870426
-0.0113401 0.0272257 -0.00925826 0.030237 0.000155169 0.137347
-0.0163121 0.0284364 -0.0158391 0.0283212 0.000183035 0.259834
-0.0165246 0.0289324 -0.0163121 0.0284364 0.000309532 0.102643
-0.021812 0.0297757 -0.0163121 0.0284364 0.000133597 0.144655
-0.021812 0.0297757 -0.0221296 0.0339296 8.49181e-05 0.0199431
-0.0132999 0.0243908 -0.00774825 0.0211078 0.00028886 0.542531
-0.0132999 0.0243908 -0.0125871 0.0254219 5.93824e-05 0.0186921
-0.0150123 0.0254034 -0.0135945 0.024565 0.000273536 0.498335
-0.0163121 0.0284364 -0.0150123 0.0254034 0.000121254 0.0291778
-0.0217839 0.0294078 -0.0150123 0.0254034 0.000273675 0.504235
-0.0217839 0.0294078 -0.021812 0.0297757 8.52235e-05 0.0105604
-0.0198871 0.00459629 -0.0191786 0.00439278 8.87841e-05 0.064204
-0.0198871 0.00459629 -0.0201337 0.00782243 9.58551e-05 0.0171027
-0.0284738 0.0117107 -0.0282489 0.0114591 0.000424791 0.813174
-0.0282489 0.0114591 -0.0280952 0.0115966 0.000328507 0.845097
-0.0282489 0.0114591 -0.024861 0.00766809 0.000339478 0.470683
-0.024861 0.00766809 -0.023557 0.00955423 6.84344e-05 0.0324993
-0.0258088 0.00629711 -0.0228853 0.00545744 9.28706e-05 0.0580058
-0.0258088 0.00629711 -0.024861 0.00766809 8.65428e-05 0.0374532
-0.0149788 -0.00519563 -0.0092509 -0.0106669 0.000117988 0.0397077
-0.0149788 -0.00519563 -0.0128852 -0.00573227 2.81866e-05 0.00468138
-0.0194662 -0.000909324 -0.0173055 -0.00297324 0.000116344 0.0384749
-0.0194662 -0.000909324 -0.0196786 0.00186924 9.00464e-05 0.0142866
-0.0262868 0.00560566 -0.0217903 0.00131067 0.000104883 0.0506026
-0.0262868 0.00560566 -0.0258088 0.00629711 5.68206e-05 0.0167591
-0.0284296 0.00704984 -0.0275275 0.00679075 6.71044e-05 0.0294241
-0.0284296 0.00704984 -0.0265237 0.00526295 0.000137509 0.0875622
-0.0304004 0.00953495 -0.0282489 0.0114591 0.000245999 0.373893
-0.0304004 0.00953495 -0.0275275 0.00679075 0.000135885 0.0836566
-0.0307483 0.00922386 -0.0304004 0.00953495 0.000240709 0.351362
-0.0307483 0.00922386 -0.0284296 0.00704984 0.000137129 0.0869893
-0.0196786 0.00186924 -0.015546 -0.00275501 0.000284879 0.200967
-0.015546 -0.00275501 -0.00550027 -0.00150901 0.000106182 0.0979111
-0.0155158 -0.00505798 -0.0149788 -0.00519563 2.96288e-05 0.00400413
-0.0155158 -0.00505798 -0.00964767 -0.0105599 0.00016549 0.0798371
-0.0192896 -0.00321934 -0.0194296 -0.00138849 9.42348e-05 0.0133579
-0.0192896 -0.00321934 -0.0176886 -0.00302077 0.000119256 0.085166
-0.0251044 -0.00260018 -0.0215804 -0.00350347 3.03189e-05 0.00441945
-0.0251044 -0.00260018 -0.0220197 0.00104 0.000287617 0.404805
-0.0265237 0.00526295 -0.0262868 0.00560566 5.04187e-05 0.0117726
-0.0265237 0.00526295 -0.0220197 0.00104 0.000137306 0.0876063
0.0474957 0.00801726 0.047993 0.0103078 0.000114103 0.0364807
0.047993 0.0103078 0.05 0.0096092 0.000304053 1.71847
0.047993 0.0103078 0.0485023 0.0126538 0.000111217 0.0165671
0.0485023 0.0126538 0.05 0.0122891 0.000129527 0.395004
0.0446268 0.0176446 0.0436595 0.0185545 7.79983e-05 0.0508726
-0.0429602 -0.03447 -0.0363896 -0.0406218 0.000142328 0.0469565
-0.0429602 -0.03447 -0.0341654 -0.0400639 0.000146584 0.0676671
-0.0480626 -0.0296929 -0.0429602 -0.03447 0.000139333 0.0397923
-0.0480626 -0.0296929 -0.0385093 -0.0184192 0.00030018 0.400768
0.0114189 -0.000314861 0.0147674 -0.00132426 0.000242148 0.182111
0.0114189 -0.000314861 0.0128788 0.000474693 0.000718059 0.765796
0.00749381 0.000868339 0.00929331 0.000325885 0.000391808 1.3914
0.00773991 0.00250792 0.00749381 0.000868339 9.30063e-05 0.027018
-0.00627716 0.00501956 0.00749381 0.000868339 0.000395103 1.41218
-0.00784293 0.00867334 -0.00627716 0.00501956 0.000116736 0.0465083
-0.0120106 0.00520616 -0.00916965 0.0022758 0.000289252 0.248623
-0.0120106 0.00520616 -0.00517119 0.00243874 0.000100699 0.0827522
-0.0269532 0.0112523 -0.0268552 0.0112228 0.000375357 1.12912
-0.0269532 0.0112523 -0.0267553 0.0111722 0.000135631 0.133021
-0.0284738 0.0117107 -0.0280952 0.0115966 0.000302822 0.727325
-0.0286934 0.0119564 -0.0284738 0.0117107 0.000326605 0.532343
0.0150887 -0.0254391 0.0158301 -0.0235104 7.63439e-05 0.0348181
0.00866106 -0.0277261 0.0150887 -0.0254391 0.000321107 0.796419
0.0136947 -0.0290658 0.0141232 -0.0279509 7.44547e-05 0.0378247
0.0136947 -0.0290658 0.0167894 -0.0298705 5.24158e-05 0.0145383
0.0127054 -0.0316394 0.0127397 -0.0315502 7.3723e-05 0.0398965
0.0127054 -0.0316394 0.014835 -0.0336735 0.000102267 0.0159392
0.00866303 -0.0298439 0.0104497 -0.0318432 0.000283009 0.0486369
0.0104497 -0.0318432 0.0124898 -0.0314334 0.000128686 0.12289
-0.0136158 0.0109574 -0.0104318 0.0147147 0.000246703 0.301796
-0.0136158 0.0109574 -0.00784293 0.00867334 0.000128139 0.128698
-0.0205055 0.0139682 -0.0200574 0.0135061 0.000340127 0.0965572
-0.0174246 0.0184246 -0.0205055 0.0139682 5.14401e-05 0.0012589
-0.0210423 0.0197074 -0.0209133 0.0180196 0.000106782 0.0149615
-0.0209133 0.0180196 -0.0195985 0.0191954 0.000197042 0.215532
0.0438179 -0.0249709 0.0438293 -0.0251386 0.000482641 0.00467151
0.0438179 -0.0249709 0.0439864 -0.0250164 2.64318e-05 0.0139936
0.0409182 -0.0222809 0.0429468 -0.0240894 0.00017172 0.414605
0.0429468 -0.0240894 0.0437869 -0.0245145 3.6993e-05 0.0236733
0.0435198 -0.020577 0.0437869 -0.0245145 0.000486207 0.0126627
0.0435198 -0.020577 0.044282 -0.0203858 0.0001091 0.212011
0.044282 -0.0203858 0.05 -0.0218515 2.54982e-05 0.0124021
0.044282 -0.0203858 0.0485758 -0.0193087 0.000108896 0.211339
-0.0339645 -0.0428923 -0.0336307 -0.0427735 0.000352869 0.413822
-0.0202296 -0.0380054 -0.0166847 -0.0372934 0.000131595 0.101257
-0.0207753 -0.0381995 -0.0202296 -0.0380054 0.00032626 0.623638
-0.0208395 -0.0381279 -0.0202296 -0.0380054 0.000124107 0.090676
-0.0208395 -0.0381279 -0.0207753 -0.0381995 5.29709e-05 0.00784809
0.00723125 -0.00257961 0.0114189 -0.000314861 0.00050547 0.104751
0.00723125 -0.00257961 0.0124523 -0.00469219 9.71254e-05 0.00693841
0.00749381 0.000868339 0.00737671 8.81628e-05 0.00014214 0.10771
0.00737671 8.81628e-05 0.00929331 0.000325885 0.000137603 0.125809
0.00737671 8.81628e-05 0.00699088 -0.00248235 9.42024e-05 0.094741
0.00699088 -0.00248235 0.00723125 -0.00257961 9.07658e-05 0.109861
0.00689861 -0.00309706 0.0124523 -0.00469219 7.46579e-05 0.00813697
0.00689861 -0.00309706 0.00695375 -0.00272968 0.000100718 0.114604
0.00273943 -0.0308065 0.0028938 -0.0297781 9.91685e-05 0.0329875
0.00273943 -0.0308065 0.00828097 -0.0294164 0.000111804 0.0709995
0.00233931 -0.0334722 0.00273943 -0.0308065 0.000100285 0.0259609
0.00233931 -0.0334722 0.00959347 -0.0320152 0.000126208 0.0814965
-0.00792624 -0.0355342 0.00116224 -0.0413141 3.30815e-05 0.00628946
-0.00792624 -0.0355342 0.00233931 -0.0334722 0.000128804 0.0995363
-0.0202296 -0.0380054 -0.0167256 -0.0367587 0.000324884 0.619902
-0.0167256 -0.0367587 -0.0168058 -0.0357093 8.52517e-05 0.00264127
-0.0102404 -0.0340624 -0.00984838 -0.0343117 3.68206e-05 0.00745195
-0.0102404 -0.0340624 -0.00653594 -0.0331332 0.000119146 0.0872681
-0.0372237 -0.016902 -0.0172736 -0.0295896 3.18521e-05 0.00340948
-0.0372237 -0.016902 -0.0364765 -0.0160203 0.000297861 0.404566
-0.0364765 -0.0160203 -0.0179426 -0.0208395 5.59187e-05 0.0137198
-0.0364765 -0.0160203 -0.0277213 -0.00568841 0.000295778 0.407003
-0.0280045 0.0116777 -0.0269532 0.0112523 0.000104805 0.0830613
-0.0280045 0.0116777 -0.0279142 0.0117585 0.000204583 0.326015
-0.0286934 0.0119564 -0.0280045 0.0116777 0.000111541 0.0958524
-0.0290135 0.0123146 -0.0286934 0.0119564 0.000329699 0.546052
-0.00397527 -0.000351996 -0.00243879 -0.00112928 3.74379e-05 0.0132467
-0.00397527 -0.000351996 -0.00416004 7.91886e-05 0.000125922 0.0271487
-0.00570439 0.000522754 -0.00397527 -0.000351996 3.88585e-05 0.0117047
-0.00570439 0.000522754 -0.00416004 7.91886e-05 7.80252e-05 0.0599559
-0.0201337 0.00782243 -0.017431 0.00645512 3.81168e-05 0.0102349
-0.0201337 0.00782243 -0.0201866 0.00851437 9.29217e-05 0.0181937
-0.023557 0.00955423 -0.0201337 0.00782243 3.97656e-05 0.0110983
-0.023557 0.00955423 -0.023382 0.00980732 6.84436e-05 0.0373878
-0.0268552 0.0112228 -0.0267553 0.0111722 5.07032e-05 0.0166229
-0.0268552 0.0112228 -0.0231712 0.0101122 0.000376845 1.12347
-0.0279142 0.0117585 -0.0268552 0.0112228 3.81119e-05 0.0103452
-0.0279142 0.0117585 -0.0241497 0.0151252 0.000204807 0.326487
-0.0290135 0.0123146 -0.0279142 0.0117585 4.24511e-05 0.0132858
-0.0355598 0.0196396 -0.0290135 0.0123146 0.000330903 0.545111
-0.0205842 0.0137145 -0.0200574 0.0135061 0.000157983 0.258799
-0.0205842 0.0137145 -0.0205938 0.0138404 0.000110675 0.17443
-0.0206601 0.0137445 -0.0205842 0.0137145 0.000163861 0.308699
-0.0206601 0.0137445 -0.0205938 0.0138404 6.96181e-05 0.113802
-0.0241497 0.0151252 -0.0206601 0.0137445 0.000158933 0.332201
-0.0241497 0.0151252 -0.0209133 0.0180196 0.000197533 0.235002
-0.0355598 0.0196396 -0.0241497 0.0151252 0.000159791 0.202461
-0.0423835 0.0272751 -0.0355598 0.0196396 0.000343266 0.587357
0.0179605 0.0243618 0.0181373 0.0238556 0.000320857 0.0507002
0.0175072 0.0246126 0.0181373 0.0238556 3.81593e-05 0.00189333
0.019591 0.0196938 0.0193919 0.0202638 0.000317823 0.0585115
0.019591 0.0196938 0.0221123 0.0190799 0.000220897 0.276593
0.0169823 0.0483251 0.0180047 0.0482723 3.09266e-05 0.000538596
-0.0235794 0.0352221 -0.0221915 0.034739 0.00031623 0.677255
-0.0367862 0.0469967 -0.0235794 0.0352221 0.000212564 0.0186241
-0.0367862 0.0469967 -0.0313319 0.0492653 3.30736e-05 0.00636376
-0.0246774 0.0479573 -0.0231368 0.0471047 0.000144811 0.0484508
-0.00642169 0.0309798 -0.00193877 0.027689 8.48268e-05 0.0382393
-0.00193877 0.027689 -7.21369e-06 0.0270167 0.000396857 1.09814
-0.000396682 0.0265571 0.00367248 0.0235701 5.83717e-05 0.0103591
0.00367248 0.0235701 0.00794775 0.022529 0.000137977 0.0934754
0.00544336 0.0312887 0.00502328 0.032758 3.30016e-05 0.003548
0.00419724 0.0319783 0.00544336 0.0312887 0.000166379 0.0848193
0.00740212 0.0244375 0.00544336 0.0312887 2.24412e-05 0.00143971
0.00740212 0.0244375 0.0108513 0.0232368 0.000217746 0.207778
0.00794775 0.022529 0.00740212 0.0244375 2.13905e-05 0.000161119
0.00794775 0.022529 0.0106464 0.0218719 0.000137051 0.093855
0.0272691 0.00624878 0.0315732 0.00308933 7.3117e-05 0.0499161
0.0315732 0.00308933 0.0338746 0.00337478 0.000116793 0.106241
0.0207342 -0.0221945 0.0222895 -0.0191682 3.70859e-05 0.0111661
0.0222895 -0.0191682 0.0247164 -0.0198224 2.41379e-05 0.00304001
0.0311627 -0.00190211 0.0325092 0.000717867 4.64759e-05 0.0058028
0.0325092 0.000717867 0.0345057 9.88431e-06 0.00015219 0.215533
0.0217653 -0.025801 0.0234044 -0.0224804 8.49426e-05 0.0506845
0.0210549 -0.0233163 0.0234044 -0.0224804 0.000318794 0.833121
0.0297346 -0.00965597 0.0297981 -0.00952739 7.72197e-05 0.045604
0.0297981 -0.00952739 0.0287646 -0.00656861 0.000299844 0.306004
0.0313759 -0.00633085 0.0330199 -0.00300032 9.14609e-05 0.0603718
0.0330199 -0.00300032 0.0437291 -0.00933319 0.000361236 1.15535
0.0330199 -0.00300032 0.0345057 9.88431e-06 0.000106612 0.0301696
0.0345057 9.88431e-06 0.0369482 -0.000856241 0.00015378 0.23424
0.0299248 0.00969347 0.0343745 0.00434743 3.51925e-05 0.011785
0.0343745 0.00434743 0.0338746 0.00337478 4.18131e-05 0.00458864
0.0350615 0.00352199 0.0358009 0.00263369 3.25751e-05 0.00931277
0.0358009 0.00263369 0.0348415 0.000690202 7.59046e-05 8.2619e-05
0.0423373 -0.015744 0.0428417 -0.0134206 8.41762e-05 0.30225
0.0428417 -0.0134206 0.05 -0.0154766 8.0441e-05 0.13775
0.0432496 -0.0115417 0.0435821 -0.0100104 8.05469e-05 0.103635
0.0435821 -0.0100104 0.0462178 -0.0108049 0.000292151 0.923375
0.0435821 -0.0100104 0.0437291 -0.00933319 9.07633e-05 0.0423728
0.0437291 -0.00933319 0.0462178 -0.0108049 0.000358962 1.16829
-0.0221915 0.034739 -0.0228246 0.0430204 0.000116698 0.0585295
-0.0221915 0.034739 -0.0184557 0.0334386 0.00032506 0.718801
-0.0078143 0.0297343 -0.00193877 0.027689 0.000400786 1.09304
-0.0078143 0.0297343 -0.00642169 0.0309798 0.000271701 0.505368
-0.00925826 0.030237 -0.0078143 0.0297343 0.000330616 0.732769
-0.00925826 0.030237 -0.0079627 0.0321109 7.95829e-05 0.0389145
0.0456829 -0.0254736 0.05 -0.0266372 2.64883e-05 0.0141265
0.0456829 -0.0254736 0.05 -0.0276576 3.64152e-05 0.024674
0.0446821 -0.0249673 0.05 -0.0238991 0.000128371 0.330683
0.0446821 -0.0249673 0.0456829 -0.0254736 3.81967e-05 0.024488
-0.0150123 0.0254034 -0.0143597 0.0238806 0.000121027 0.0431446
-0.0143597 0.0238806 -0.0135945 0.024565 0.000219296 0.285268
-0.0143597 0.0238806 -0.0140892 0.0232492 0.000145231 0.0597576
-0.0140892 0.0232492 -0.0132999 0.0243908 7.17736e-05 0.0236168
0.0036393 0.0109552 0.00873655 0.00914773 0.00013944 0.124643
-0.0061909 0.0197194 0.0036393 0.0109552 0.000165711 0.163699
-0.00963023 0.0156607 0.0036393 0.0109552 0.000140083 0.145934
-0.00963023 0.0156607 -0.0061909 0.0197194 0.00025146 0.311327
-0.00517119 0.00243874 -0.00627716 0.00501956 0.000118777 0.00548069
-0.00517119 0.00243874 0.00221908 -0.000551554 9.86128e-05 0.0996828
-0.00070239 -0.000913913 0.00649095 -0.00297997 8.1789e-05 0.113172
-0.00070239 -0.000913913 0.00221908 -0.000551554 0.000112796 0.18087
-0.00358144 -0.00127101 -0.00397527 -0.000351996 0.000126528 0.0273436
-0.00358144 -0.00127101 -0.00243879 -0.00112928 0.000114974 0.206444
-0.00187863 -0.00524458 -0.00358144 -0.00127101 0.000126181 0.0470619
-0.00187863 -0.00524458 0.00239031 -0.00964781 0.000281014 0.198525
0.00578474 -0.0105179 0.018314 -0.0137295 2.49538e-05 0.00368207
0.00578474 -0.0105179 0.00651414 -0.00565849 0.000101521 0.160241
0.00239031 -0.00964781 0.00578474 -0.0105179 2.57163e-05 0.0087739
0.00239031 -0.00964781 0.00544276 -0.0127963 0.000280115 0.198669
0.034296 -0.0224044 0.0352305 -0.0226563 2.64736e-05 0.00870067
0.0331542 -0.0191354 0.034296 -0.0224044 0.000302933 0.137063
0.0179489 -0.0179983 0.0196669 -0.0184613 2.53209e-05 0.00273459
0.0179489 -0.0179983 0.0188582 -0.0156327 7.31741e-05 0.0467264
0.0185933 -0.0263604 0.0189592 -0.0267379 0.000278381 0.118931
0.0183164 -0.0268991 0.0185933 -0.0263604 3.76066e-05 0.0102358
0.0158301 -0.0235104 0.0170303 -0.0247483 0.000272228 0.157169
0.0158301 -0.0235104 0.0179489 -0.0179983 7.401e-05 0.0457965
0.00544276 -0.0127963 0.00578474 -0.0105179 0.000101653 0.158717
0.00544276 -0.0127963 0.00784604 -0.0152752 0.000273876 0.158967
0.00716424 -0.0263465 0.00714719 -0.0263067 0.000121911 0.00230378
0.00716424 -0.0263465 0.00862282 -0.0277397 0.000105165 0.0323926
0.0087066 -0.0277688 0.0117229 -0.0285531 5.32623e-05 0.0144517
0.0087066 -0.0277688 0.0100032 -0.0289844 0.000156405 0.0363206
0.00861096 -0.0277439 0.00863331 -0.0277497 5.51725e-05 0.0151145
0.00787526 -0.0280057 0.00861096 -0.0277439 0.000321661 0.775493
-0.00653594 -0.0331332 0.0028938 -0.0297781 0.000323804 0.629949
0.0028938 -0.0297781 0.00340241 -0.0263896 9.96281e-05 0.0256922
-0.0128852 -0.00573227 -0.00822913 -0.0109423 0.000288498 0.200761
-0.00822913 -0.0109423 0.0017112 -0.0136216 2.43113e-05 0.00399068
-0.00822913 -0.0109423 -0.00395127 -0.015729 0.000287472 0.201703
-0.00395127 -0.015729 0.00387979 -0.0232092 0.000105909 0.0344269
-0.00395127 -0.015729 -0.00300402 -0.016789 0.000287814 0.204823
-0.00300402 -0.016789 0.00387531 -0.023239 0.000152627 0.0730759
0.00371497 -0.0243073 0.00623387 -0.0271258 0.000288667 0.206218
0.00623387 -0.0271258 0.00765677 -0.0274958 5.2484e-05 0.0164757
0.00846053 -0.0293714 0.00787526 -0.0280057 0.000122563 0.0258448
0.00846053 -0.0293714 0.00994201 -0.0289998 0.000112273 0.0913473
0.00722648 -0.0282365 0.00828097 -0.0294164 0.000286863 0.0623152
0.00828097 -0.0294164 0.00846053 -0.0293714 0.000111707 0.0901904
0.00959347 -0.0320152 0.00866303 -0.0298439 0.000118711 0.0115753
0.00959347 -0.0320152 0.0104497 -0.0318432 0.000126667 0.0655554
0.0232593 0.00919225 0.0241711 0.00658176 0.000416587 1.05168
0.0241711 0.00658176 0.0256937 0.00740522 0.000628202 0.94567
0.027312 0.0025608 0.0325092 0.000717867 0.000152606 0.213141
0.027312 0.0025608 0.0315732 0.00308933 0.000112496 0.0954529
0.0260267 0.00301657 0.027312 0.0025608 0.000153288 0.204859
0.0272691 0.00624878 0.0260267 0.00301657 8.50882e-05 0.0116582
0.0312384 -0.0136508 0.0306862 -0.0120701 0.000302903 0.314374
0.0288249 -0.011499 0.0312384 -0.0136508 0.000166321 0.0137247
0.0407652 -0.0229858 0.0429468 -0.0240894 3.61714e-05 0.0220667
0.0405268 -0.0240839 0.0407652 -0.0229858 8.38178e-05 0.0303632
0.0384951 -0.0218374 0.0407652 -0.0229858 3.78928e-05 0.0201197
0.0384951 -0.0218374 0.0399979 -0.0214604 0.000115477 0.187113
0.0331542 -0.0191354 0.0384951 -0.0218374 3.63057e-05 0.0143047
0.0331156 -0.0190251 0.0331542 -0.0191354 0.00030708 0.135839
0.034296 -0.0224044 0.0344522 -0.0228515 0.000303293 0.136536
0.0344522 -0.0228515 0.0352305 -0.0226563 0.000115856 0.189227
0.0344522 -0.0228515 0.0358135 -0.0267486 0.000293413 0.107808
0.0358135 -0.0267486 0.0401368 -0.0258803 0.000128684 0.28819
0.0295304 -0.047293 0.0358697 -0.0455362 9.86177e-05 0.0739139
0.0358697 -0.0455362 0.0361102 -0.0444284 7.67329e-05 0.0250791
0.0361102 -0.0444284 0.0369058 -0.045249 0.000261338 0.0790912
0.0361102 -0.0444284 0.0380694 -0.0354037 8.1585e-05 0.0761049
0.0380694 -0.0354037 0.0389133 -0.0356231 5.32783e-05 0.0475197
-0.05 -0.0485977 -0.0339645 -0.0428923 0.000356668 0.402194
-0.0218692 -0.0369794 -0.0168058 -0.0357093 0.00012305 0.0888342
-0.0218692 -0.0369794 -0.0208395 -0.0381279 6.10937e-05 0.011471
-0.0363896 -0.0406218 -0.0341654 -0.0400639 0.000119062 0.0739327
-0.0363896 -0.0406218 -0.035836 -0.0411401 0.0001048 0.0242573
0.0407652 -0.0229858 0.0409182 -0.0222809 8.43061e-05 0.0297628
0.0399979 -0.0214604 0.0409182 -0.0222809 0.000171825 0.405319
0.0409182 -0.0222809 0.0411596 -0.021169 8.41571e-05 0.0113725
0.0411596 -0.021169 0.0435198 -0.020577 0.000110262 0.262106
0.0485758 -0.0193087 0.05 -0.0198849 9.23006e-05 0.186878
0.0485758 -0.0193087 0.05 -0.0189514 0.000113893 0.297741
0.00544336 0.0312887 0.00770911 0.0300349 0.000162918 0.0860998
0.00502328 0.032758 0.00770911 0.0300349 0.000874679 0.646173
0.0142945 0.0461761 0.0138782 0.0434027 8.30703e-05 0.00212793
0.0138782 0.0434027 0.0153706 0.0451639 0.000219334 0.00685497
0.0120432 0.0311774 0.0119076 0.030274 8.46008e-05 0.00193329
0.00664838 0.0348709 0.0119076 0.030274 0.000276549 0.109281
0.0115525 0.027908 0.0175072 0.0246126 0.000153298 0.0402453
0.015165 0.0274268 0.0175072 0.0246126 3.33724e-05 0.00153138
-0.00126987 0.0417919 -0.0103577 0.0497353 0.000162871 6.90079e-05
-0.00126987 0.0417919 0.000762129 0.0447311 5.90886e-05 0.00220985
0.00425806 0.0405309 0.0103954 0.0460197 0.000162025 0.0650621
0.00203864 0.0431975 0.00425806 0.0405309 2.63781e-05 0.000802376
0.00309769 0.0394932 0.00425806 0.0405309 0.000162066 0.0652995
0.00203864 0.0431975 0.00309769 0.0394932 2.13905e-05 1.5498e-05
0.00223883 0.0387251 0.00367658 0.0374684 0.000284788 0.33694
0.00309769 0.0394932 0.00367658 0.0374684 2.16153e-05 0.00112364
0.00781914 0.0362525 0.0120593 0.0412562 0.00036974 0.0908093
0.00425806 0.0405309 0.00781914 0.0362525 2.63434e-05 0.00236618
0.00781914 0.0362525 0.0120432 0.0311774 3.10879e-05 0.00126219
0.0131062 0.0382591 0.0120432 0.0311774 9.37441e-05 0.00160462
0.00371968 0.0490092 0.00945447 0.0487133 3.14554e-05 0.00382509
0.00945447 0.0487133 0.0103954 0.0460197 0.000258761 0.000446908
0.0103954 0.0460197 0.0124794 0.0478835 0.000161201 0.00325037
0.0103954 0.0460197 0.0120593 0.0412562 0.000259316 0.0390773
0.0120593 0.0412562 0.0138782 0.0434027 0.000219423 0.00732011
0.0120593 0.0412562 0.0131062 0.0382591 0.000356236 0.118188
0.0138782 0.0434027 0.0131062 0.0382591 8.31326e-05 0.00336136
0.0313775 0.0169369 0.0317427 0.0167348 0.000136072 0.0822474
0.0317427 0.0167348 0.0394669 0.014854 0.000152035 0.101678
0.0376915 0.0138938 0.0390393 0.0134246 0.000306739 1.67905
0.0376915 0.0138938 0.0394669 0.014854 0.000448523 0.132696
0.0358009 0.00263369 0.0363161 0.00367761 8.31385e-05 0.000543437
0.0363161 0.00367761 0.0415878 0.00433147 0.000118154 0.125841
0.00438304 -0.0198564 0.0051786 -0.0145562 9.27607e-05 0.0432632
0.00438304 -0.0198564 0.0017112 -0.0136216 0.000114894 0.00727814
0.00387979 -0.0232092 0.00438304 -0.0198564 9.40649e-05 0.0440141
0.00387979 -0.0232092 0.00581157 -0.0250544 0.000106702 0.0340524
0.00387531 -0.023239 0.00387979 -0.0232092 9.58179e-05 0.0430768
0.00387531 -0.023239 0.00581157 -0.0250544 0.000152208 0.0709747
0.00371497 -0.0243073 0.00387531 -0.023239 9.75957e-05 0.038701
-0.00300402 -0.016789 0.00371497 -0.0243073 0.000290078 0.210226
0.0313377 0.0168335 0.0317427 0.0167348 0.000161828 0.120907
0.0313377 0.0168335 0.0313775 0.0169369 8.84982e-05 0.00497246
0.0209244 0.00482588 0.0253302 0.00326358 0.000159263 0.129526
0.0209244 0.00482588 0.0241711 0.00658176 0.000527335 0.562444
0.0242566 0.00218183 0.0254374 0.00148353 0.000410856 0.881187
0.0242566 0.00218183 0.0256477 0.00235438 0.000162727 0.107044
0.0203295 0.00450413 0.0242566 0.00218183 0.000413192 0.887373
0.0203295 0.00450413 0.0209244 0.00482588 0.000530535 0.565894
0.00870661 0.0198747 0.00978205 0.0161131 2.37921e-05 0.00169617
0.0101839 0.0187903 0.00978205 0.0161131 9.5015e-05 0.0078344
-0.0174246 0.0184246 -0.0110535 0.0161654 0.00014618 0.154129
-0.0174246 0.0184246 -0.0140892 0.0232492 5.62175e-05 0.0139643
-0.0385093 -0.0184192 -0.0218692 -0.0369794 5.30493e-05 0.00593035
-0.0385093 -0.0184192 -0.0372237 -0.016902 0.000298496 0.403576
0.0408212 0.0128043 0.047993 0.0103078 0.000304838 1.70644
0.0403972 0.0119455 0.0408212 0.0128043 0.000100808 0.00367858
0.0117214 0.0485964 0.0124794 0.0478835 7.21898e-05 4.91339e-05
0.0124794 0.0478835 0.0131918 0.0485206 0.000161201 0.0012631
0.0145618 0.0497459 0.0148086 0.049601 3.56763e-05 0.00489513
0.0148086 0.049601 0.0146352 0.0484461 8.30702e-05 0.00173671
0.0131918 0.0485206 0.0146352 0.0484461 3.09266e-05 0.000973339
0.0138625 0.00184068 0.014069 0.00111839 2.3393e-05 0.00351026
0.014069 0.00111839 0.0144448 0.00132159 0.000697403 0.796957
0.0147961 0.00100841 0.0242566 0.00218183 0.000152803 0.0838017
0.0144448 0.00132159 0.0147961 0.00100841 0.000239397 0.19188
0.0141243 0.000925088 0.0144284 -0.000138394 3.60283e-05 0.00296725
0.0144284 -0.000138394 0.017402 -0.00131493 0.000189955 0.117518
0.0233622 -0.00391516 0.0259314 -0.00468961 0.000277396 0.303247
0.0233622 -0.00391516 0.023443 -0.00370508 7.7762e-05 0.00322525
0.0187637 -0.00252893 0.0233622 -0.00391516 0.000279412 0.294811
0.017402 -0.00131493 0.0187637 -0.00252893 0.000233396 0.172813
0.0275068 -0.0090161 0.0297346 -0.00965597 6.59871e-05 0.0171771
0.0270459 -0.00991294 0.0275068 -0.0090161 3.3928e-05 0.00877009
0.0253428 -0.00839457 0.0275068 -0.0090161 6.63029e-05 0.0170415
0.0225854 -0.0059362 0.0253428 -0.00839457 0.000148559 0.0117163
0.0225854 -0.0059362 0.0233622 -0.00391516 6.64071e-05 0.0300646
0.0187637 -0.00252893 0.0225854 -0.0059362 0.000148971 0.0146379
0.0216353 -0.00840786 0.0267548 -0.0104793 9.73275e-05 0.0237495
0.0216353 -0.00840786 0.0220085 -0.00743691 6.64578e-05 0.0279581
0.0267349 -0.015888 0.0330102 -0.0190626 3.51671e-05 0.00410281
0.0267349 -0.015888 0.0325395 -0.0173759 2.47744e-05 0.00305134
0.0200584 -0.0125104 0.0245446 -0.01478 3.41313e-05 0.00251899
0.0200584 -0.0125104 0.0216353 -0.00840786 7.22783e-05 0.047121
0.026667 -0.0158706 0.0267349 -0.015888 2.76495e-05 0.00330587
0.0247164 -0.0198224 0.026667 -0.0158706 8.40478e-05 0.0580686
0.0242964 -0.0152629 0.026667 -0.0158706 2.37413e-05 0.0026729
0.0222895 -0.0191682 0.0242964 -0.0152629 3.58974e-05 0.0110751
0.0185933 -0.0263604 0.0199569 -0.023707 3.83932e-05 0.0108345
0.0170303 -0.0247483 0.0199569 -0.023707 0.00031924 0.832019
0.0210549 -0.0233163 0.0207342 -0.0221945 2.41081e-05 0.00172449
0.0199569 -0.023707 0.0210549 -0.0233163 0.000318822 0.833086
0.0169698 -0.0355163 0.0194191 -0.0305542 8.1737e-05 0.048638
0.0194191 -0.0305542 0.0234218 -0.031595 5.06962e-05 0.0140425
0.0194191 -0.0305542 0.0197 -0.0299852 8.17255e-05 0.0499462
0.0197 -0.0299852 0.021715 -0.0295804 0.000125945 0.122694
0.0197 -0.0299852 0.0205122 -0.0283397 8.33083e-05 0.0503847
0.0205122 -0.0283397 0.021715 -0.0295804 0.000275871 0.113433
0.0205122 -0.0283397 0.0216341 -0.0260669 8.40203e-05 0.054834
0.0216341 -0.0260669 0.0218274 -0.0260184 0.000111168 0.109164
0.0291917 -0.0473869 0.0295304 -0.047293 9.60792e-05 0.018492
0.00770911 0.0300349 0.0113219 0.0263719 0.000868894 0.660672
0.0113219 0.0263719 0.0115525 0.027908 0.000139124 0.00722442
0.0113219 0.0263719 0.0162766 0.0213483 0.000856846 0.674147
0.0162766 0.0213483 0.0193919 0.0202638 0.000343629 0.320485
-0.0107736 0.0270877 -0.00179886 0.0249024 0.000130526 0.124567
-0.0107736 0.0270877 -0.0078143 0.0297343 0.00036627 0.90949
-0.0158391 0.0283212 -0.0113401 0.0272257 0.000351943 0.914332
-0.0165246 0.0289324 -0.0158391 0.0283212 0.000400824 0.761429
0.00904148 0.0111793 0.0116303 0.00964834 0.000273583 0.462366
0.00978205 0.0161131 0.00904148 0.0111793 9.00294e-05 0.00829271
-0.00774825 0.0211078 -0.00592698 0.0200308 0.000285547 0.529949
-0.0125871 0.0254219 -0.00774825 0.0211078 0.000168225 0.154068
-0.0125074 0.0255371 -0.0113401 0.0272257 5.95325e-05 0.0187457
-0.0125074 0.0255371 -0.0107736 0.0270877 0.000194581 0.24556
-0.0125871 0.0254219 -0.0125074 0.0255371 5.69991e-05 0.0169636
-0.0126117 0.0254439 -0.0125871 0.0254219 0.000168103 0.153328
-0.0135945 0.024565 -0.0132999 0.0243908 0.000288807 0.540606
-0.0135945 0.024565 -0.0126117 0.0254439 0.000186524 0.22914
-0.0191786 0.00439278 -0.00815148 0.0012256 8.76917e-05 0.0529292
-0.0191786 0.00439278 -0.017431 0.00645512 0.000302585 0.723243
-0.0280952 0.0115966 -0.0280045 0.0116777 0.000202783 0.319115
-0.0280952 0.0115966 -0.0269532 0.0112523 0.000378624 1.14403
-0.0173055 -0.00297324 -0.0149788 -0.00519563 0.000120587 0.0389624
-0.0173055 -0.00297324 -0.015546 -0.00275501 0.000118438 0.0931581
-0.0196786 0.00186924 -0.0198142 0.00364269 8.39589e-05 0.0210007
-0.0205196 0.00281026 -0.0196786 0.00186924 0.000285546 0.202166
-0.0217903 0.00131067 -0.0194662 -0.000909324 0.000116876 0.038142
-0.0217903 0.00131067 -0.0205196 0.00281026 0.000275888 0.416464
-0.00550027 -0.00150901 -0.00358144 -0.00127101 0.000115465 0.1841
-0.00550027 -0.00150901 -0.00187863 -0.00524458 0.000283345 0.214815
-0.0194296 -0.00138849 -0.0194662 -0.000909324 9.45536e-05 0.0138006
-0.0194296 -0.00138849 -0.0176886 -0.00302077 0.00017062 0.0841866
-0.0176886 -0.00302077 -0.0173055 -0.00297324 0.000123031 0.0914848
-0.0176886 -0.00302077 -0.0155158 -0.00505798 0.000167384 0.0792486
-0.0220197 0.00104 -0.0217903 0.00131067 0.000279995 0.407321
-0.0220197 0.00104 -0.0194296 -0.00138849 0.000171881 0.0838374
-0.0341654 -0.0400639 -0.0332804 -0.0406268 0.000130809 0.0566024
-0.0341654 -0.0400639 -0.0218692 -0.0369794 0.00012637 0.0895569
0.0128788 0.000474693 0.0135888 0.000858667 0.000703652 0.795949
0.0128788 0.000474693 0.0144284 -0.000138394 0.000192408 0.116068
0.00929331 0.000325885 0.0114189 -0.000314861 0.000389516 1.389
0.00929331 0.000325885 0.0123094 0.00069998 0.00015487 0.138413
0.00837422 0.00673381 0.00773991 0.00250792 9.29601e-05 0.018719
0.00773991 0.00250792 0.0123094 0.00069998 0.000126336 0.129128
-0.0110535 0.0161654 -0.0104318 0.0147147 0.000121491 0.0459683
-0.0104318 0.0147147 -0.00963023 0.0156607 0.000246782 0.29992
-0.0104318 0.0147147 -0.00784293 0.00867334 0.000117771 0.0511524
-0.00784293 0.00867334 0.00773991 0.00250792 0.000127384 0.134132
-0.00916965 0.0022758 -0.00815148 0.0012256 0.000288505 0.248917
-0.00916965 0.0022758 -0.00570439 0.000522754 3.78465e-05 0.0107038
-0.0201866 0.00851437 -0.0168351 0.00715826 0.000123806 0.115268
-0.0201866 0.00851437 -0.0202413 0.009229 0.00011469 0.0325162
-0.023382 0.00980732 -0.0201866 0.00851437 0.000129434 0.126007
-0.023382 0.00980732 -0.0231712 0.0101122 7.9107e-05 0.055086
-0.0267553 0.0111722 -0.023382 0.00980732 0.000135573 0.133569
-0.0267553 0.0111722 -0.023557 0.00955423 4.87596e-05 0.0159191
0.00861096 -0.0277439 0.00862282 -0.0277397 0.000321542 0.775776
0.00862282 -0.0277397 0.00863331 -0.0277497 0.000110018 0.0169012
0.00862282 -0.0277397 0.00866106 -0.0277261 0.000321314 0.781143
0.00866106 -0.0277261 0.0087066 -0.0277688 0.000156236 0.0359843
0.0141232 -0.0279509 0.0150887 -0.0254391 7.55134e-05 0.0382705
0.0141232 -0.0279509 0.0183164 -0.0268991 0.000110918 0.0942265
0.0183068 -0.030265 0.0194191 -0.0305542 5.33711e-05 0.0153314
0.0183068 -0.030265 0.0197 -0.0299852 0.00012649 0.123079
0.0167894 -0.0298705 0.0183068 -0.030265 5.21964e-05 0.0149657
0.0163886 -0.0306503 0.0167894 -0.0298705 3.81548e-05 0.0101633
0.0128093 -0.0313692 0.0136947 -0.0290658 7.46845e-05 0.0378508
0.0128093 -0.0313692 0.0163886 -0.0306503 0.000127369 0.122403
0.0127397 -0.0315502 0.0128093 -0.0313692 7.73788e-05 0.0412599
0.0127397 -0.0315502 0.01489 -0.0335663 0.00015286 0.0378166
0.0169039 -0.0356497 0.0274652 -0.0457378 9.59822e-05 0.0184093
0.0158179 -0.0378499 0.0169039 -0.0356497 7.49423e-05 0.0523344
0.014835 -0.0336735 0.0169039 -0.0356497 0.000100089 0.0159914
0.0138311 -0.0356268 0.014835 -0.0336735 3.47111e-05 0.0103854
0.012593 -0.0314127 0.0128093 -0.0313692 0.000126952 0.119924
0.012593 -0.0314127 0.0127397 -0.0315502 0.000158395 0.0380821
0.0124898 -0.0314334 0.012593 -0.0314127 0.000128047 0.12323
0.0124898 -0.0314334 0.0127054 -0.0316394 0.000111801 0.0165685
0.0446417 -0.0371126 0.0438293 -0.0251386 0.000430597 0.00398058
0.0438293 -0.0251386 0.0440694 -0.0250904 0.000126416 0.336302
0.0437869 -0.0245145 0.0446821 -0.0249673 3.67316e-05 0.0235893
0.0437869 -0.0245145 0.0438103 -0.0248594 0.000478669 0.0128815
-0.0312417 -0.0419235 -0.0207753 -0.0381995 0.000325991 0.624247
-0.0207753 -0.0381995 -0.0162276 -0.043272 5.43168e-05 0.00822737
0.0124523 -0.00469219 0.0161591 -0.00619204 9.3056e-05 0.0080379
0.0124523 -0.00469219 0.0160235 -0.00571791 7.05636e-05 0.00755929
-0.0168058 -0.0357093 -0.0172736 -0.0295896 8.98616e-05 0.00697534
-0.0168058 -0.0357093 -0.0102404 -0.0340624 0.000120822 0.0871479
-0.00243879 -0.00112928 0.00651414 -0.00565849 3.65359e-05 0.0143082
-0.00243879 -0.00112928 -0.00070239 -0.000913913 0.000114495 0.207074
-0.017431 0.00645512 -0.00916965 0.0022758 3.75364e-05 0.00810206
-0.017431 0.00645512 -0.0168351 0.00715826 0.000302084 0.724728
-0.0202413 0.009229 -0.0161305 0.00798981 0.000373956 1.11282
-0.0202413 0.009229 -0.0205842 0.0137145 0.000118067 0.0813721
-0.0231712 0.0101122 -0.0202413 0.009229 0.000375288 1.12453
-0.0231712 0.0101122 -0.0206601 0.0137445 7.97118e-05 0.0716135
-0.0205938 0.0138404 -0.020612 0.0140781 0.000106457 0.163697
-0.0205938 0.0138404 -0.0205055 0.0139682 7.54929e-05 0.129828
0.0181373 0.0238556 0.0193919 0.0202638 0.00031874 0.0510397
0.0193919 0.0202638 0.0218346 0.0194136 0.000300301 0.482824
0.0221123 0.0190799 0.0243782 0.0185281 0.00021666 0.281073
0.0218346 0.0194136 0.0221123 0.0190799 3.87349e-05 0.00176582
-0.0079627 0.0321109 -0.00642169 0.0309798 8.65555e-05 0.0353198
-0.00642169 0.0309798 -0.00167286 0.0352268 0.000271329 0.505373
-7.21369e-06 0.0270167 0.00740212 0.0244375 0.000218284 0.207398
-7.21369e-06 0.0270167 0.00419724 0.0319783 0.00040304 1.25242
-0.00193877 0.027689 -0.000396682 0.0265571 9.93228e-05 0.0555018
-0.000396682 0.0265571 -7.21369e-06 0.0270167 0.000269868 0.423322
0.00498158 0.0329039 0.00502328 0.032758 3.6283e-05 0.00131858
0.00493436 0.0328482 0.00502328 0.032758 0.00087475 0.645933
-0.0231368 0.0471047 -0.00466419 0.0368821 0.000135416 0.079623
-0.00466419 0.0368821 -0.00126987 0.0417919 6.65346e-05 0.0358837
-0.00466419 0.0368821 -0.00167286 0.0352268 0.000125905 0.0746989
-0.00167286 0.0352268 0.00223883 0.0387251 0.000253805 0.411016
-0.00167286 0.0352268 0.00419724 0.0319783 0.000177996 0.237136
0.00419724 0.0319783 0.00493436 0.0328482 0.000400954 1.32901
0.0232593 0.00919225 0.0256937 0.00740522 7.89565e-05 0.0431055
0.0256937 0.00740522 0.0282438 0.00878432 0.00062796 0.947026
0.0256937 0.00740522 0.0272691 0.00624878 7.53565e-05 0.0369097
0.0282438 0.00878432 0.0272691 0.00624878 9.58474e-05 0.019409
0.0338746 0.00337478 0.0350615 0.00352199 0.000116419 0.108267
0.0331377 0.0019409 0.0338746 0.00337478 3.40516e-05 0.000125521
0.0247164 -0.0198224 0.0282205 -0.0207668 2.63325e-05 0.00346325
0.0234044 -0.0224804 0.0247164 -0.0198224 8.48637e-05 0.0577202
0.0275068 -0.0090161 0.0287646 -0.00656861 3.38229e-05 0.00869211
0.0287646 -0.00656861 0.0284573 -0.00568901 0.000300499 0.303791
0.0292206 -0.00568115 0.0311627 -0.00190211 4.22689e-05 0.0131045
0.0311627 -0.00190211 0.0330199 -0.00300032 0.000363062 1.14319
0.0266737 -0.015857 0.0288249 -0.011499 8.31121e-05 0.0581351
0.0284509 -0.0111656 0.0288249 -0.011499 0.000160957 0.00991165
0.0288998 -0.0113472 0.0297346 -0.00965597 7.92794e-05 0.0482271
0.0297346 -0.00965597 0.0298551 -0.00969057 7.09663e-05 0.0202258
0.0297981 -0.00952739 0.0311641 -0.00675996 8.56551e-05 0.0951709
0.0311641 -0.00675996 0.0432496 -0.0115417 0.000134415 0.160108
0.0311641 -0.00675996 0.0313759 -0.00633085 8.60285e-05 0.104945
0.0313759 -0.00633085 0.0435821 -0.0100104 0.000293744 0.903041
0.0290139 0.0107879 0.0299248 0.00969347 4.47039e-05 0.0114411
0.0299248 0.00969347 0.0333401 0.0115405 0.000625683 0.950054
0.0343745 0.00434743 0.0350615 0.00352199 3.13908e-05 0.0113993
0.0350615 0.00352199 0.0363161 0.00367761 0.00011607 0.109062
0.0428417 -0.0134206 0.0432496 -0.0115417 8.10607e-05 0.213401
0.0432496 -0.0115417 0.0497351 -0.0141077 0.000132026 0.230802
0.0462178 -0.0108049 0.0472434 -0.0111141 0.000357346 1.32776
0.0462178 -0.0108049 0.0477308 -0.0116996 0.000283013 0.758513
-0.0079627 0.0321109 -0.00466419 0.0368821 5.42705e-05 0.0186155
-0.0224412 0.042739 -0.0079627 0.0321109 6.3442e-05 0.0152981
0.00873655 0.00914773 0.0121161 0.00794934 0.000139088 0.118226
0.00904148 0.0111793 0.00873655 0.00914773 9.57464e-05 0.0181243
-0.00774825 0.0211078 -0.0061909 0.0197194 0.0001771 0.176785
-0.0061909 0.0197194 -0.00592698 0.0200308 0.000256663 0.321309
0.00221908 -0.000551554 0.00699088 -0.00248235 0.000106849 0.180674
0.00221908 -0.000551554 0.00737671 8.81628e-05 0.000101873 0.107257
0.00651414 -0.00565849 0.00689861 -0.00309706 0.000100621 0.166407
0.00651414 -0.00565849 0.0176116 -0.0112726 3.2252e-05 0.00144652
0.0405268 -0.0240839 0.0438179 -0.0249709 2.64843e-05 0.0128409
0.0401368 -0.0258803 0.0405268 -0.0240839 8.41694e-05 0.0306746
0.0352305 -0.0226563 0.0405268 -0.0240839 2.76634e-05 0.0109603
0.0352305 -0.0226563 0.0384951 -0.0218374 0.000115467 0.189233
0.0189592 -0.0267379 0.0205122 -0.0283397 0.000276775 0.114542
0.0189592 -0.0267379 0.0216341 -0.0260669 0.000112353 0.105389
0.0167894 -0.0298705 0.0183164 -0.0268991 3.69874e-05 0.00996722
0.0183164 -0.0268991 0.0189592 -0.0267379 0.000110037 0.094833
0.0170303 -0.0247483 0.0185933 -0.0263604 0.000278822 0.118854
0.0150887 -0.0254391 0.0170303 -0.0247483 0.000320653 0.79827
0.00714719 -0.0263067 0.00438304 -0.0198564 0.000115808 0.00612357
0.00714719 -0.0263067 0.00866106 -0.0277261 0.000151322 0.0685019
0.0117229 -0.0285531 0.0136947 -0.0290658 5.25976e-05 0.0142856
0.0117229 -0.0285531 0.0141232 -0.0279509 0.000111738 0.094194
0.0100032 -0.0289844 0.012593 -0.0314127 0.000153554 0.0356707
0.0100032 -0.0289844 0.0117229 -0.0285531 0.000112061 0.0937596
0.00863331 -0.0277497 0.0087066 -0.0277688 5.49083e-05 0.0150874
0.00863331 -0.0277497 0.00994201 -0.0289998 0.000109873 0.0169733
0.00994201 -0.0289998 0.0100032 -0.0289844 0.000111138 0.0927077
0.00994201 -0.0289998 0.0124898 -0.0314334 0.000108215 0.0167938
0.0306862 -0.0120701 0.0298551 -0.00969057 0.000302242 0.323865
0.0409692 -0.0162308 0.0306862 -0.0120701 8.63762e-05 0.000641862
0.0399979 -0.0214604 0.0411596 -0.021169 0.000111722 0.195466
0.0365775 -0.0184109 0.0399979 -0.0214604 0.000170655 0.409449
0.0401368 -0.0258803 0.0438293 -0.0251386 0.000127305 0.302777
0.0383635 -0.0340489 0.0401368 -0.0258803 7.79679e-05 0.0518384
0.000762129 0.0447311 0.00135499 0.0455887 5.41243e-05 0.00205738
0.000762129 0.0447311 -0.00309095 0.0493605 2.63146e-05 6.14587e-05
0.000762129 0.0447311 0.00203864 0.0431975 2.74493e-05 0.000641381
0.00135499 0.0455887 0.00203864 0.0431975 2.15545e-05 0.000180529
0.000327051 0.0491842 0.00371968 0.0490092 3.09266e-05 0.000524882
0.0198986 0.0232893 0.0313775 0.0169369 0.000140527 0.0846051
0.0313775 0.0169369 0.0350957 0.0266099 8.6673e-05 0.0131265
0.0394669 0.014854 0.0397398 0.0147875 0.00013014 0.337366
0.0394669 0.014854 0.0398921 0.015084 0.000448111 0.0693373
0.00581157 -0.0250544 0.00716424 -0.0263465 0.000106352 0.0342465
0.00581157 -0.0250544 0.00714719 -0.0263067 0.000151615 0.0711945
0.0254374 0.00148353 0.0260859 0.00110009 0.000409807 0.886806
0.025707 0.00218477 0.0254374 0.00148353 7.90067e-05 0.00620678
0.0256477 0.00235438 0.0257784 0.00237058 0.000113065 0.10278
0.0253302 0.00326358 0.0256477 0.00235438 0.000312234 0.420977
0.0131918 0.0485206 0.0145618 0.0497459 0.000161201 0.00108337
0.0117214 0.0485964 0.0131918 0.0485206 3.09266e-05 3.65524e-05
0.0121161 0.00794934 0.0138625 0.00184068 2.30447e-05 0.00315553
0.00837422 0.00673381 0.0138625 0.00184068 0.000164253 0.189469
0.0144448 0.00132159 0.0203295 0.00450413 0.000669236 0.808349
0.0138625 0.00184068 0.0144448 0.00132159 0.000163831 0.189901
0.0259314 -0.00468961 0.0284573 -0.00568901 0.000132886 0.0610732
0.0259314 -0.00468961 0.0283644 -0.00542305 0.000291867 0.342505
0.023443 -0.00370508 0.0259314 -0.00468961 0.00018305 0.130907
0.023443 -0.00370508 0.0254374 0.00148353 9.28588e-05 0.00955563
0.017402 -0.00131493 0.023443 -0.00370508 0.000188016 0.130835
0.0147961 0.00100841 0.017402 -0.00131493 0.000236999 0.179789
0.0245446 -0.01478 0.0267548 -0.0104793 3.48145e-05 0.0106831
0.0267548 -0.0104793 0.0284509 -0.0111656 9.42351e-05 0.024293
0.0267548 -0.0104793 0.0270459 -0.00991294 3.92672e-05 0.0100377
0.0253428 -0.00839457 0.0270459 -0.00991294 0.000148278 0.0100744
0.0266737 -0.015857 0.0267349 -0.015888 3.68115e-05 0.00349002
0.026667 -0.0158706 0.0266737 -0.015857 8.34101e-05 0.0581775
0.0245446 -0.01478 0.0266737 -0.015857 3.33646e-05 0.0032254
0.0242964 -0.0152629 0.0245446 -0.01478 3.53984e-05 0.0111181
0.0169039 -0.0356497 0.0169698 -0.0355163 7.83639e-05 0.0479259
0.0169698 -0.0355163 0.0273164 -0.0452172 0.000141866 0.0391064
0.021715 -0.0295804 0.0227844 -0.0293656 0.000130114 0.164083
0.021715 -0.0295804 0.0233188 -0.0312346 0.000267987 0.0947656
-0.00179886 0.0249024 0.00367248 0.0235701 0.000138848 0.0953219
-0.00179886 0.0249024 -0.000396682 0.0265571 0.000266734 0.409894
-0.00592698 0.0200308 0.00904148 0.0111793 0.000274554 0.464332
-0.00592698 0.0200308 -0.00179886 0.0249024 0.000270477 0.393042
-0.0158391 0.0283212 -0.0126117 0.0254439 0.000181408 0.170693
-0.0126117 0.0254439 -0.0125074 0.0255371 0.000194567 0.246343
-0.00815148 0.0012256 -0.00570439 0.000522754 7.87513e-05 0.0600346
-0.00815148 0.0012256 -0.00550027 -0.00150901 0.0002895 0.247762
-0.0198142 0.00364269 -0.0198871 0.00459629 9.99399e-05 0.0181178
-0.0198142 0.00364269 -0.0191786 0.00439278 0.000302463 0.720034
-0.0228853 0.00545744 -0.0205196 0.00281026 0.000339802 0.472811
-0.0205196 0.00281026 -0.0198142 0.00364269 0.000304393 0.715625
0.0135888 0.000858667 0.014069 0.00111839 0.000698101 0.796226
0.0135888 0.000858667 0.0141243 0.000925088 0.000153938 0.0614431
0.0123094 0.00069998 0.0135888 0.000858667 0.000100986 0.0518207
0.0123094 0.00069998 0.0128788 0.000474693 0.00015592 0.208545
0.00873655 0.00914773 0.00837422 0.00673381 9.33019e-05 0.0286358
0.0036393 0.0109552 0.00837422 0.00673381 0.000164912 0.183063
-0.0168351 0.00715826 -0.0120106 0.00520616 0.00011439 0.0849506
-0.0168351 0.00715826 -0.0161305 0.00798981 0.000303108 0.7373
0.01489 -0.0335663 0.0163886 -0.0306503 3.79868e-05 0.0106064
0.0163886 -0.0306503 0.0183068 -0.030265 0.000127492 0.122403
0.01489 -0.0335663 0.0169698 -0.0355163 0.00015133 0.0381135
0.014835 -0.0336735 0.01489 -0.0335663 3.62803e-05 0.0107492
-0.0161305 0.00798981 -0.0141226 0.00738455 0.000304173 0.700355
-0.0161305 0.00798981 -0.0154677 0.00877195 0.000373367 1.14257
0.0218346 0.0194136 0.0243782 0.0185281 0.000299931 0.483429
0.0181373 0.0238556 0.0218346 0.0194136 2.96695e-05 0.00240087
0.00367658 0.0374684 0.00498158 0.0329039 3.25184e-05 0.0040496
0.00664838 0.0348709 0.00498158 0.0329039 0.000379719 0.0844693
0.00498158 0.0329039 0.00493436 0.0328482 0.000373586 0.0860804
0.0282438 0.00878432 0.0299248 0.00969347 0.000627517 0.947124
0.0290139 0.0107879 0.0282438 0.00878432 9.68105e-05 0.0155198
0.025707 0.00218477 0.0260859 0.00110009 0.000320913 0.423554
0.0260859 0.00110009 0.0311627 -0.00190211 0.000363759 1.14022
0.0284573 -0.00568901 0.0283644 -0.00542305 0.000297555 0.258659
0.0284573 -0.00568901 0.0290883 -0.00593867 0.000135397 0.165728
0.0290883 -0.00593867 0.0292206 -0.00568115 3.92828e-05 0.0203806
0.0292206 -0.00568115 0.0313759 -0.00633085 0.000294557 0.888646
0.0270459 -0.00991294 0.0284509 -0.0111656 0.000151562 0.0104935
0.0284509 -0.0111656 0.0288998 -0.0113472 9.04614e-05 0.0252518
0.0288249 -0.011499 0.0288998 -0.0113472 8.1359e-05 0.0509393
0.0288998 -0.0113472 0.0306862 -0.0120701 9.40301e-05 0.0277068
0.0221123 0.0190799 0.0290139 0.0107879 3.70286e-05 0.00728338
0.0303184 0.0141817 0.0290139 0.0107879 0.000116288 0.0149994
0.00135499 0.0455887 0.00371968 0.0490092 5.15789e-05 0.00201801
0.00135499 0.0455887 0.000327051 0.0491842 2.13905e-05 0.000157836
-0.00309095 0.0493605 0.000327051 0.0491842 3.09266e-05 0.000415714
0.0257784 0.00237058 0.0260267 0.00301657 7.95831e-05 0.00736193
0.0257784 0.00237058 0.027312 0.0025608 0.000113032 0.104946
0.025707 0.00218477 0.0257784 0.00237058 8.07608e-05 0.0102427
0.0256477 0.00235438 0.025707 0.00218477 0.00032093 0.427637
0.0283644 -0.00542305 0.0292206 -0.00568115 0.000294728 0.887292
0.0260859 0.00110009 0.0283644 -0.00542305 0.000381407 0.221754
0.0290883 -0.00593867 0.0311641 -0.00675996 0.000135506 0.165286
0.0287646 -0.00656861 0.0290883 -0.00593867 3.8704e-05 0.0196055
