# time=100000
x1 y1 x2 y2 aperture velocity
0.0443843 -0.00631477 0.05 -0.010437 5.06379e-05 0.020894
0.0440694 -0.0250904 0.05 -0.0303778 0.000148875 0.31676
-0.05 0.000316541 -0.04286 -0.00160796 2.22582e-05 0.00381236
-0.05 -0.0312056 -0.04959 -0.0314953 0.000274314 0.286455
0.0474957 0.00801726 0.05 0.0066314 0.000100565 0.146722
0.0458809 0.000579001 0.05 -0.00302134 0.000169551 0.280843
-0.05 0.0299759 -0.0423835 0.0272751 0.000125604 0.121569
-0.05 -0.0125039 -0.0419318 -0.0146018 4.557e-05 0.0149716
0.0450408 -0.0429945 0.05 -0.0416201 9.49645e-05 0.207954
0.0477065 0.0302897 0.05 0.0347524 3.3031e-05 0.0115554
-0.05 -0.043985 -0.0489825 -0.0437807 0.000109754 0.043544
-0.05 0.0229315 -0.0399407 0.0178426 3.11145e-05 0.00697017
-0.05 0.0272741 -0.046455 0.0239504 0.000133162 0.104595
-0.05 -0.00702845 -0.0488496 -0.00688577 9.3044e-05 0.0676752
0.0497351 -0.0141077 0.05 -0.014426 2.67061e-05 0.00601491
0.0490599 0.0294953 0.05 0.0313998 7.24192e-05 0.0698714
-0.05 0.025353 -0.046455 0.0239504 0.000114701 0.0989181
-0.05 0.0444191 -0.0461801 0.0430894 0.000199933 0.336047
-0.05 0.0366396 -0.0228218 0.0300215 0.000114757 0.11002
-0.05 0.0132453 -0.0320246 0.00808241 6.46759e-05 0.0321277
-0.05 0.00378124 -0.039767 0.00115824 2.26532e-05 0.00396586
0.0487448 0.0137711 0.05 0.0195529 7.23371e-05 0.0331016
-0.05 -0.0286948 -0.0496576 -0.0281995 4.88291e-05 0.00896404
-0.05 -0.0319792 -0.04959 -0.0314953 0.000223427 0.150445
-0.05 0.0181997 -0.0357353 0.0138996 0.000248064 0.475135
-0.05 -0.027879 -0.0496576 -0.0281995 0.000100828 0.0490638
-0.05 -0.00799343 -0.0488104 -0.00692954 0.000163776 0.157505
-0.05 -0.00560268 -0.0488496 -0.00688577 4.70573e-05 0.0116441
0.0487448 0.0137711 0.05 0.0125904 7.25855e-05 0.114433
-0.05 -0.0440359 -0.0489825 -0.0437807 9.49983e-05 0.0322744
-0.05 -0.0299924 -0.048906 -0.0306882 0.000108847 0.0603263
-0.05 0.0415005 -0.0461801 0.0430894 3.30736e-05 0.00899103
0.0453562 -0.0476437 0.05 -0.044689 8.12754e-05 0.14154
-0.05 -0.00877678 -0.0433793 -0.0129873 2.93384e-05 0.00541366
-0.05 0.0282563 -0.0448113 0.0233 9.31172e-05 0.0507976
-0.05 0.0205776 -0.0374354 0.0154937 8.38549e-05 0.0525834
0.0490599 0.0294953 0.05 0.0289434 3.58477e-05 0.0333573
0.0429283 0.0469867 0.05 0.046622 3.09266e-05 0.0235102
-0.05 0.0460933 -0.0454404 0.043397 0.000253866 0.494236
-0.0228246 0.0430204 -0.0224412 0.042739 5.25185e-05 0.00986211
-0.0224412 0.042739 -0.0228816 0.0437668 0.000110204 0.0200928
0.0101839 0.0187903 0.0232593 0.00919225 4.99272e-05 0.0117952
0.0205138 0.0170522 0.0232593 0.00919225 0.000269929 0.399008
0.0348415 0.000690202 0.0369482 -0.000856241 5.07043e-05 0.0232355
0.0369482 -0.000856241 0.0394415 -0.00174035 0.000129214 0.154357
0.0369482 -0.000856241 0.0414656 -0.00417222 5.07708e-05 0.0207239
0.0394415 -0.00174035 0.0414656 -0.00417222 2.67751e-05 0.00466644
0.0414656 -0.00417222 0.0443843 -0.00631477 5.0891e-05 0.0207244
0.0441494 -0.00739678 0.0443843 -0.00631477 7.42874e-05 0.00955607
-0.0221296 0.0339296 -0.0165246 0.0289324 0.000157529 0.11527
-0.0184557 0.0334386 -0.0165246 0.0289324 0.000110743 0.010794
0.0438103 -0.0248594 0.0439864 -0.0250164 0.000149005 0.308548
0.0439864 -0.0250164 0.0441792 -0.0250683 2.2721e-05 0.00943012
0.0439864 -0.0250164 0.0440694 -0.0250904 0.000149011 0.308619
0.0440694 -0.0250904 0.0441792 -0.0250683 0.000111948 0.235179
0.0017112 -0.0136216 -0.000285636 -0.00896189 0.000105604 0.00746032
0.0017112 -0.0136216 0.0051786 -0.0145562 2.24165e-05 0.00323995
0.00787526 -0.0280057 0.00765677 -0.0274958 0.000107458 0.00215882
0.00722648 -0.0282365 0.00787526 -0.0280057 0.000277825 0.578377
0.0111578 -0.0356656 0.0123643 -0.038481 0.000104585 0.00223071
0.00850765 -0.0459855 0.0123643 -0.038481 3.30298e-05 0.000322126
0.0123643 -0.038481 0.0138245 -0.0418884 0.000104584 0.00202567
0.011015 -0.0475801 0.0138245 -0.0418884 7.20998e-05 0.000327449
-0.0189195 -0.00806083 -0.00964767 -0.0105599 2.23086e-05 0.00261644
-0.0189195 -0.00806083 -0.0192217 -0.00410808 7.2943e-05 0.00816261
-0.0313376 -0.00471369 -0.0277213 -0.00568841 2.23826e-05 0.00361562
-0.0313376 -0.00471369 -0.0263736 -0.00409799 9.36984e-05 0.0657445
-0.0330937 -0.00424034 -0.0313376 -0.00471369 2.25292e-05 0.00360381
-0.0330937 -0.00424034 -0.0309279 -0.00110746 4.94244e-05 0.0114058
-0.04286 -0.00160796 -0.0330937 -0.00424034 2.23617e-05 0.00353011
-0.04286 -0.00160796 -0.039767 0.00115824 0.000163193 0.158756
0.0331156 -0.0190251 0.0325395 -0.0173759 0.000264792 0.226956
0.0330102 -0.0190626 0.0331156 -0.0190251 0.000277362 0.61997
0.0383635 -0.0340489 0.0389133 -0.0356231 0.000261448 0.0474162
0.0389133 -0.0356231 0.0446417 -0.0371126 4.61173e-05 0.0477217
0.0389133 -0.0356231 0.0418017 -0.0438922 0.00026158 0.0453051
0.0369058 -0.045249 0.0418017 -0.0438922 9.49711e-05 0.215788
-0.0359186 -0.0411567 -0.0355098 -0.0414455 0.000266098 0.194861
-0.0359186 -0.0411567 -0.035836 -0.0411401 0.000111127 0.0698656
-0.04959 -0.0314953 -0.0366005 -0.0406747 0.000266821 0.212953
-0.04959 -0.0314953 -0.048906 -0.0306882 0.000232026 0.238644
0.0331156 -0.0190251 0.0355687 -0.0181523 0.000277264 0.308153
0.0355687 -0.0181523 0.0365775 -0.0184109 2.34972e-05 0.00585506
0.0360825 -0.0179695 0.0409692 -0.0162308 0.000277117 0.137695
0.0409692 -0.0162308 0.0421297 -0.0167004 8.55142e-05 0.145244
0.0409692 -0.0162308 0.0423373 -0.015744 0.00027735 0.0923431
0.0423373 -0.015744 0.0421297 -0.0167004 7.36074e-05 0.128034
0.0179605 0.0243618 0.0198986 0.0232893 0.000100447 0.0431111
0.017648 0.0252564 0.0198986 0.0232893 0.000169115 0.0950207
0.0372793 0.0136709 0.0387482 0.0128581 0.000100818 0.157789
0.0387482 0.0128581 0.0366047 0.00868707 3.35552e-05 0.00289439
0.0387482 0.0128581 0.0403972 0.0119455 0.000100785 0.157962
0.0403972 0.0119455 0.0381305 0.00735337 7.48202e-05 0.00512811
0.0403972 0.0119455 0.0474957 0.00801726 0.000100783 0.153946
0.0468369 0.00498253 0.0474957 0.00801726 7.4463e-05 0.0029518
-0.0179426 -0.0208395 -0.0189195 -0.00806083 7.33153e-05 0.00812273
-0.0179426 -0.0208395 0.00340241 -0.0263896 4.58671e-05 0.0110824
-0.0162276 -0.043272 -0.0166847 -0.0372934 7.3235e-05 0.00463663
0.0257193 0.0182016 0.0259861 0.0179684 0.000168352 0.105893
0.0259861 0.0179684 0.031091 0.0161914 0.000199884 0.181472
0.0259861 0.0179684 0.0303184 0.0141817 0.000169647 0.136292
0.031091 0.0161914 0.0303184 0.0141817 6.72873e-05 0.00567694
0.0303184 0.0141817 0.0333401 0.0115405 0.000169443 0.137
0.0333401 0.0115405 0.0372793 0.0136709 0.000432344 0.364929
0.0381305 0.00735337 0.0415878 0.00433147 0.000170576 0.31319
0.0415878 0.00433147 0.0468369 0.00498253 9.78033e-05 0.1215
0.0415878 0.00433147 0.0458809 0.000579001 0.000169611 0.287134
0.0458809 0.000579001 0.0449531 -0.0036948 7.32604e-05 0.00176327
0.0121161 0.00794934 0.0180793 0.00583476 0.000127269 0.0974002
0.0116303 0.00964834 0.0121161 0.00794934 2.19352e-05 0.00199844
-0.0423835 0.0272751 -0.0210423 0.0197074 0.000130815 0.140334
-0.05 0.0357977 -0.0423835 0.0272751 0.000260672 0.370168
-0.0405122 -0.0149709 -0.0400859 -0.0150818 4.56082e-05 0.0149779
-0.0405122 -0.0149709 -0.0404352 -0.0148596 4.90696e-05 0.0105019
-0.0419318 -0.0146018 -0.0405122 -0.0149709 4.57825e-05 0.0151652
-0.0419318 -0.0146018 -0.0409862 -0.0156566 4.70573e-05 0.0109478
0.0418017 -0.0438922 0.0450408 -0.0429945 9.49677e-05 0.340585
0.0450408 -0.0429945 0.0453562 -0.0476437 0.000418071 0.0275162
0.0397398 0.0147875 0.0390393 0.0134246 3.34988e-05 0.0125038
0.0397398 0.0147875 0.041579 0.0143397 0.000115743 0.24608
0.0398921 0.015084 0.0423221 0.0198124 3.30298e-05 0.0019868
0.0350957 0.0266099 0.0423221 0.0198124 7.26988e-05 0.0127266
0.0423221 0.0198124 0.0477065 0.0302897 3.33266e-05 0.0145933
0.0385714 0.0356521 0.0477065 0.0302897 3.56819e-05 0.01748
-0.0489825 -0.0437807 -0.0359186 -0.0411567 0.000109455 0.0432995
-0.0489825 -0.0437807 -0.0366005 -0.0406747 9.53486e-05 0.032573
-0.0399407 0.0178426 -0.0381487 0.0169361 3.13245e-05 0.00710065
-0.0399407 0.0178426 -0.0374354 0.0154937 0.000133088 0.104159
-0.046455 0.0239504 -0.0399407 0.0178426 0.000133117 0.104179
-0.046455 0.0239504 -0.0448113 0.0233 0.000114669 0.09947
-0.0487472 -0.00687306 -0.0336164 -0.00499634 9.39386e-05 0.0660775
-0.0487472 -0.00687306 -0.04286 -0.00160796 0.000163237 0.158676
-0.0488496 -0.00688577 -0.0487472 -0.00687306 9.29239e-05 0.0676697
-0.0488496 -0.00688577 -0.0488104 -0.00692954 4.72459e-05 0.0117807
0.0441494 -0.00739678 0.0472434 -0.0111141 2.69565e-05 0.00464055
0.0472434 -0.0111141 0.05 -0.011945 0.000241955 0.565119
0.0472434 -0.0111141 0.0477308 -0.0116996 2.75097e-05 0.00492428
0.0477308 -0.0116996 0.05 -0.0130415 0.000242598 0.509803
0.0477308 -0.0116996 0.0497351 -0.0141077 2.69045e-05 0.00446939
0.0497351 -0.0141077 0.05 -0.0142125 0.00011636 0.16597
0.0426945 0.0165995 0.0436595 0.0185545 7.24775e-05 0.0268337
0.0423221 0.0198124 0.0436595 0.0185545 7.21924e-05 0.00698812
0.0436595 0.0185545 0.0490599 0.0294953 7.24743e-05 0.0762675
0.0477065 0.0302897 0.0490599 0.0294953 3.58324e-05 0.0203273
0.0243782 0.0185281 0.0259861 0.0179684 0.000200921 0.206886
0.0243782 0.0185281 0.0257193 0.0182016 0.000118143 0.0748478
-0.0461801 0.0430894 -0.0431173 0.0420233 0.00019985 0.336028
-0.0461801 0.0430894 -0.0454404 0.043397 3.41452e-05 0.00963823
0.0160235 -0.00571791 0.0147674 -0.00132426 2.13905e-05 0.000266575
0.0160235 -0.00571791 0.0220085 -0.00743691 6.53134e-05 0.00664368
0.018314 -0.0137295 0.0176116 -0.0112726 2.15459e-05 0.00302875
0.018314 -0.0137295 0.0194753 -0.0140272 2.28164e-05 0.00249428
0.0188582 -0.0156327 0.018314 -0.0137295 2.1835e-05 0.00227544
0.0188582 -0.0156327 0.0194753 -0.0140272 6.58571e-05 0.0383023
0.0233188 -0.0312346 0.0227844 -0.0293656 2.18137e-05 0.00180457
0.0233188 -0.0312346 0.0237512 -0.0316807 0.000241765 0.078071
0.0273164 -0.0452172 0.0274652 -0.0457378 2.17967e-05 0.000384149
0.0274652 -0.0457378 0.0291917 -0.0473869 9.31652e-05 0.0175554
0.0274652 -0.0457378 0.0280288 -0.0477092 2.15118e-05 0.00108219
0.0106464 0.0218719 0.0173765 0.0202331 0.000117599 0.0560609
0.0106464 0.0218719 0.0108513 0.0232368 8.59873e-05 0.0154037
-0.0228218 0.0300215 -0.021812 0.0297757 0.000119101 0.130852
-0.0228218 0.0300215 -0.0217839 0.0294078 0.000246689 0.440069
-0.0228853 0.00545744 -0.0198871 0.00459629 6.7355e-05 0.0379513
-0.024861 0.00766809 -0.0228853 0.00545744 0.000258076 0.289063
-0.0275275 0.00679075 -0.0258088 0.00629711 6.67999e-05 0.0319349
-0.0275275 0.00679075 -0.0262868 0.00560566 9.46905e-05 0.043894
-0.0320246 0.00808241 -0.0284296 0.00704984 6.54298e-05 0.0298445
-0.0320246 0.00808241 -0.0307483 0.00922386 0.000163044 0.159701
-0.0128852 -0.00573227 -0.000285636 -0.00896189 2.29763e-05 0.00372906
-0.015546 -0.00275501 -0.0128852 -0.00573227 0.000253315 0.15868
-0.0192217 -0.00410808 -0.0155158 -0.00505798 2.2734e-05 0.00272973
-0.0192217 -0.00410808 -0.0192896 -0.00321934 7.2968e-05 0.00820029
-0.0215804 -0.00350347 -0.0192217 -0.00410808 2.33087e-05 0.00278915
-0.0215804 -0.00350347 -0.0192896 -0.00321934 9.66139e-05 0.0561
-0.0309279 -0.00110746 -0.0251044 -0.00260018 2.28807e-05 0.00371313
-0.0309279 -0.00110746 -0.0265237 0.00526295 4.92242e-05 0.0114423
-0.039767 0.00115824 -0.0309279 -0.00110746 2.28684e-05 0.00369394
-0.039767 0.00115824 -0.0320246 0.00808241 0.00016313 0.15885
0.0487448 0.0137711 0.0485023 0.0126538 7.24357e-05 0.0193576
0.0446268 0.0176446 0.0487448 0.0137711 7.26138e-05 0.166674
-0.0496576 -0.0281995 -0.0409862 -0.0156566 4.89561e-05 0.0101916
-0.0496576 -0.0281995 -0.0480626 -0.0296929 0.000100806 0.0484671
-0.0141226 0.00738455 -0.00627716 0.00501956 0.000246824 0.532687
-0.0141226 0.00738455 -0.0120106 0.00520616 0.00024554 0.187432
-0.0346169 0.0135625 -0.0284738 0.0117107 0.000245378 0.470372
-0.0346169 0.0135625 -0.0304004 0.00953495 9.76168e-05 0.0535394
-0.0357353 0.0138996 -0.0346169 0.0135625 0.000245888 0.471329
-0.0357353 0.0138996 -0.0307483 0.00922386 0.000140446 0.112173
0.0119722 -0.0335468 0.0127054 -0.0316394 6.56537e-05 0.0327519
0.0104497 -0.0318432 0.0119722 -0.0335468 0.00025025 0.0220202
0.00744961 -0.0453126 0.0111578 -0.0356656 6.47301e-05 0.00144617
0.00744961 -0.0453126 0.00850765 -0.0459855 2.93384e-05 0.00116737
-0.0488104 -0.00692954 -0.0487472 -0.00687306 0.000163739 0.157696
-0.0488104 -0.00692954 -0.0433793 -0.0129873 4.76338e-05 0.0111488
0.0119722 -0.0335468 0.0138311 -0.0356268 0.000249424 0.0148894
0.0123643 -0.038481 0.0138311 -0.0356268 3.30298e-05 0.000971402
0.0138311 -0.0356268 0.0158179 -0.0378499 0.000249256 0.0137214
0.0138245 -0.0418884 0.0158179 -0.0378499 7.21e-05 0.00326577
-0.0154677 0.00877195 -0.0141226 0.00738455 0.000256341 0.257147
-0.0154677 0.00877195 -0.0136158 0.0109574 0.000224488 0.292248
-0.0200574 0.0135061 -0.0154677 0.00877195 0.000250244 0.0997777
-0.0200574 0.0135061 -0.0136158 0.0109574 0.000117086 0.053673
-0.020612 0.0140781 -0.0205055 0.0139682 0.000249619 0.0399105
-0.0209133 0.0180196 -0.020612 0.0140781 7.48361e-05 0.0422391
0.0438103 -0.0248594 0.0438179 -0.0249709 0.000423391 0.00361553
0.0429468 -0.0240894 0.0438103 -0.0248594 0.000149064 0.29481
0.0434931 -0.0201836 0.0435198 -0.020577 0.000420243 0.000476175
0.0434931 -0.0201836 0.044282 -0.0203858 2.26532e-05 0.00828371
-0.0336307 -0.0427735 -0.0312417 -0.0419235 0.000278821 0.470616
-0.0332804 -0.0406268 -0.0312417 -0.0419235 0.00010997 0.0369342
-0.0332804 -0.0406268 -0.0208395 -0.0381279 0.000111769 0.0755002
-0.048906 -0.0306882 -0.0429602 -0.03447 0.000114725 0.0424848
-0.048906 -0.0306882 -0.0480626 -0.0296929 0.000230453 0.247616
0.00695375 -0.00272968 0.00723125 -0.00257961 0.000431214 0.0551711
0.00699088 -0.00248235 0.00695375 -0.00272968 8.73808e-05 0.101344
0.00649095 -0.00297997 0.00695375 -0.00272968 0.00042955 0.0186201
0.00689861 -0.00309706 0.00649095 -0.00297997 6.6688e-05 0.0427269
0.00116224 -0.0413141 0.00744961 -0.0453126 2.95375e-05 0.00432871
0.00116224 -0.0413141 0.00233931 -0.0334722 8.31451e-05 0.000400804
-0.00984838 -0.0343117 -0.00792624 -0.0355342 3.03349e-05 0.00384032
-0.0167256 -0.0367587 -0.00984838 -0.0343117 0.000278409 0.483116
-0.0172736 -0.0295896 -0.0102404 -0.0340624 2.96661e-05 0.00348886
-0.0172736 -0.0295896 -0.0179426 -0.0208395 7.35559e-05 0.00806678
-0.0400859 -0.0150818 -0.0372237 -0.016902 2.93862e-05 0.0053809
-0.0400859 -0.0150818 -0.0364765 -0.0160203 4.56289e-05 0.0149977
-0.0404352 -0.0148596 -0.0400859 -0.0150818 2.9455e-05 0.00540965
-0.0404352 -0.0148596 -0.0336164 -0.00499634 4.90378e-05 0.0105767
-0.0433793 -0.0129873 -0.0404352 -0.0148596 2.95674e-05 0.00550171
-0.0433793 -0.0129873 -0.0419318 -0.0146018 4.73717e-05 0.0111294
-0.0360532 0.0149344 -0.0346169 0.0135625 9.34255e-05 0.0508538
-0.0360532 0.0149344 -0.0286934 0.0119564 8.41268e-05 0.0534376
-0.0381487 0.0169361 -0.0360532 0.0149344 9.34702e-05 0.050915
-0.0381487 0.0169361 -0.0290135 0.0123146 3.12616e-05 0.00709012
-0.0448113 0.0233 -0.0381487 0.0169361 9.34863e-05 0.050898
-0.0448113 0.0233 -0.0355598 0.0196396 0.000114428 0.0994333
-0.0374354 0.0154937 -0.0360532 0.0149344 8.4158e-05 0.0533228
-0.0374354 0.0154937 -0.0357353 0.0138996 0.000132882 0.103733
0.0173765 0.0202331 0.0205138 0.0170522 0.000503242 0.24806
0.0205138 0.0170522 0.019591 0.0196938 0.000269871 0.0634757
-0.0103577 0.0497353 -0.00309095 0.0493605 3.09266e-05 0.000442872
0.0180047 0.0482723 0.0429283 0.0469867 3.09266e-05 0.00588108
-0.0431173 0.0420233 -0.0228218 0.0300215 0.000247998 0.449678
-0.0431173 0.0420233 -0.0235794 0.0352221 0.000206727 0.38929
-0.0454404 0.043397 -0.0431173 0.0420233 0.000253588 0.492299
-0.0454404 0.043397 -0.0367862 0.0469967 3.52272e-05 0.0271823
-0.0313319 0.0492653 -0.0228246 0.0430204 4.92662e-05 0.00465043
-0.0228246 0.0430204 -0.0228816 0.0437668 7.62394e-05 0.0275586
-0.0228816 0.0437668 -0.0246774 0.0479573 0.000110453 0.0236239
-0.0228816 0.0437668 -0.0231368 0.0471047 7.55698e-05 0.0225751
0.00367248 0.0235701 0.00870661 0.0198747 5.09841e-05 0.0119021
0.00794775 0.022529 0.00870661 0.0198747 2.13905e-05 0.00108937
0.00870661 0.0198747 0.0101839 0.0187903 5.04254e-05 0.0119805
0.0106464 0.0218719 0.0101839 0.0187903 8.52929e-05 0.00304425
0.0315732 0.00308933 0.0331377 0.0019409 5.09022e-05 0.022161
0.0325092 0.000717867 0.0331377 0.0019409 3.41861e-05 0.000249699
0.0331377 0.0019409 0.0348415 0.000690202 5.07364e-05 0.0222338
0.0345057 9.88431e-06 0.0348415 0.000690202 7.45998e-05 0.00131438
0.0394415 -0.00174035 0.0449531 -0.0036948 0.000129092 0.154777
0.0358009 0.00263369 0.0394415 -0.00174035 2.67301e-05 0.00600188
0.0437291 -0.00933319 0.0441494 -0.00739678 7.48177e-05 0.00952395
0.0414656 -0.00417222 0.0441494 -0.00739678 2.66765e-05 0.00458938
-0.0235794 0.0352221 -0.0221296 0.0339296 0.000158552 0.112557
-0.0221296 0.0339296 -0.0221915 0.034739 7.84149e-05 0.0157402
-0.0184557 0.0334386 -0.0224412 0.042739 0.000110715 0.0196477
-0.0184557 0.0334386 -0.00925826 0.030237 0.000204968 0.287032
0.0441792 -0.0250683 0.0456829 -0.0254736 2.30132e-05 0.00969318
0.0441792 -0.0250683 0.0446821 -0.0249673 0.000111941 0.235116
-0.0140892 0.0232492 -0.0110535 0.0161654 0.000108249 0.0345981
-0.0110535 0.0161654 -0.00963023 0.0156607 0.000128228 0.122067
-0.00416004 7.91886e-05 -0.00517119 0.00243874 0.00010735 0.0146641
-0.00416004 7.91886e-05 -0.00070239 -0.000913913 6.68799e-05 0.0540286
-0.000285636 -0.00896189 -0.00187863 -0.00524458 0.000105293 0.00756241
-0.000285636 -0.00896189 0.00239031 -0.00964781 2.27785e-05 0.00339141
0.0282205 -0.0207668 0.034296 -0.0224044 2.24643e-05 0.00376733
0.0234044 -0.0224804 0.0282205 -0.0207668 0.000277436 0.620338
0.0196669 -0.0184613 0.0222895 -0.0191682 2.23775e-05 0.00221009
0.0196669 -0.0184613 0.0188582 -0.0156327 2.1654e-05 0.00225316
0.00784604 -0.0152752 0.0179489 -0.0179983 2.24738e-05 0.00360888
0.00784604 -0.0152752 0.0158301 -0.0235104 0.000242838 0.12104
0.0051786 -0.0145562 0.00784604 -0.0152752 2.25564e-05 0.00300073
0.0051786 -0.0145562 0.00544276 -0.0127963 8.42532e-05 0.0367724
0.00765677 -0.0274958 0.00716424 -0.0263465 0.000105785 0.00223692
0.00765677 -0.0274958 0.00861096 -0.0277439 4.64522e-05 0.0127307
-0.00984838 -0.0343117 -0.00653594 -0.0331332 0.000278332 0.48324
-0.00653594 -0.0331332 0.00273943 -0.0308065 9.7625e-05 0.0590787
0.0028938 -0.0297781 0.00722648 -0.0282365 0.000278182 0.484222
0.00623387 -0.0271258 0.00722648 -0.0282365 0.000252983 0.154501
0.00866303 -0.0298439 0.00846053 -0.0293714 0.000107041 0.0208177
0.00828097 -0.0294164 0.00866303 -0.0298439 0.000253122 0.0464641
0.00959347 -0.0320152 0.0111578 -0.0356656 0.000106487 0.00463125
0.0111578 -0.0356656 0.0119722 -0.0335468 6.5816e-05 0.00537076
0.00850765 -0.0459855 0.011015 -0.0475801 2.93384e-05 0.000804712
-0.0092509 -0.0106669 -0.00822913 -0.0109423 2.33654e-05 0.0030908
-0.0092509 -0.0106669 -0.00395127 -0.015729 9.50638e-05 0.0270114
-0.00964767 -0.0105599 -0.0092509 -0.0106669 2.26514e-05 0.00271783
-0.00964767 -0.0105599 -0.00300402 -0.016789 0.000135943 0.056017
-0.0277213 -0.00568841 -0.0189195 -0.00806083 2.26107e-05 0.00257635
-0.0277213 -0.00568841 -0.0263736 -0.00409799 0.000228534 0.261268
-0.0263736 -0.00409799 -0.0215804 -0.00350347 9.65186e-05 0.0561086
-0.0263736 -0.00409799 -0.0251044 -0.00260018 0.000227744 0.265443
0.0241711 0.00658176 0.0253302 0.00326358 0.000267072 0.306865
0.0253302 0.00326358 0.0260267 0.00301657 0.000129368 0.132453
0.0298551 -0.00969057 0.0297981 -0.00952739 0.000266381 0.244424
0.0298551 -0.00969057 0.0428417 -0.0134206 6.58998e-05 0.0278872
0.0325395 -0.0173759 0.0312384 -0.0136508 0.000264473 0.227368
0.0325395 -0.0173759 0.0355687 -0.0181523 2.30278e-05 0.000810957
0.0282205 -0.0207668 0.0330102 -0.0190626 0.000277391 0.62033
0.0330102 -0.0190626 0.0331542 -0.0191354 3.17368e-05 0.00667018
0.0358135 -0.0267486 0.0383635 -0.0340489 0.000261624 0.0456465
0.0380694 -0.0354037 0.0383635 -0.0340489 7.29096e-05 0.0491368
0.0446417 -0.0371126 0.05 -0.0385058 4.59007e-05 0.0451249
0.0450408 -0.0429945 0.0446417 -0.0371126 0.000416115 0.00262562
0.0358697 -0.0455362 0.0369058 -0.045249 9.43243e-05 0.0499636
-0.0355098 -0.0414455 -0.0336307 -0.0427735 0.000266218 0.193481
-0.0355098 -0.0414455 -0.0339645 -0.0428923 0.000101723 0.0245463
-0.035836 -0.0411401 -0.0332804 -0.0406268 0.000111031 0.0716724
-0.035836 -0.0411401 -0.0355098 -0.0414455 0.000102203 0.0210647
-0.0366005 -0.0406747 -0.0359186 -0.0411567 0.000266521 0.2059
-0.0366005 -0.0406747 -0.0363896 -0.0406218 9.66113e-05 0.0522664
0.0414853 -0.0196689 0.0434931 -0.0201836 2.29109e-05 0.0169248
0.0414853 -0.0196689 0.0411596 -0.021169 7.30139e-05 0.0602122
0.0365775 -0.0184109 0.0414853 -0.0196689 2.31846e-05 0.00652144
0.0360825 -0.0179695 0.0365775 -0.0184109 0.000149007 0.296599
0.0355687 -0.0181523 0.0360825 -0.0179695 0.000277235 0.307756
0.0360825 -0.0179695 0.0312384 -0.0136508 0.000148671 0.0199633
0.0421297 -0.0167004 0.0485758 -0.0193087 8.5711e-05 0.200812
0.0421297 -0.0167004 0.0414853 -0.0196689 7.30122e-05 0.0634536
0.00770911 0.0300349 0.0115525 0.027908 0.00010173 0.0127403
0.0115525 0.027908 0.0119076 0.030274 8.52532e-05 0.000778752
0.0175072 0.0246126 0.0179605 0.0243618 9.99967e-05 0.0169086
0.017648 0.0252564 0.0179605 0.0243618 0.000265263 0.0347512
-0.00126987 0.0417919 0.00223883 0.0387251 0.000165827 0.0054189
0.00223883 0.0387251 0.00309769 0.0394932 0.000161329 0.0644734
0.00367658 0.0374684 0.00664838 0.0348709 0.000174881 0.126487
0.00664838 0.0348709 0.00781914 0.0362525 0.000236379 0.0376487
0.0119076 0.030274 0.015165 0.0274268 0.00017316 0.0448685
0.0120432 0.0311774 0.015165 0.0274268 2.62911e-05 0.000939909
0.015165 0.0274268 0.017648 0.0252564 0.000172631 0.0450057
0.0131062 0.0382591 0.017648 0.0252564 0.00026587 0.0658906
0.0317427 0.0167348 0.0354949 0.0146584 0.000100567 0.0455097
0.0354949 0.0146584 0.0376915 0.0138938 0.000199802 0.179171
0.0354949 0.0146584 0.0372793 0.0136709 9.98994e-05 0.0469071
0.0372793 0.0136709 0.0376915 0.0138938 0.000431973 0.339264
0.0366047 0.00868707 0.0343745 0.00434743 3.44464e-05 0.00189889
0.0333401 0.0115405 0.0366047 0.00868707 0.000170541 0.314303
0.0381305 0.00735337 0.0363161 0.00367761 7.48632e-05 0.00793615
0.0366047 0.00868707 0.0381305 0.00735337 0.000170462 0.314634
0.0458809 0.000579001 0.0468369 0.00498253 7.4812e-05 0.0127593
0.0468369 0.00498253 0.05 0.00537486 9.76625e-05 0.129198
0.00340241 -0.0263896 0.00623387 -0.0271258 4.67079e-05 0.0113982
0.00340241 -0.0263896 0.00371497 -0.0243073 8.46146e-05 0.0209151
-0.0166847 -0.0372934 -0.0167256 -0.0367587 7.49807e-05 0.00584047
-0.0166847 -0.0372934 -0.00792624 -0.0355342 0.000112333 0.0784841
0.0198986 0.0232893 0.0257193 0.0182016 0.000168738 0.0970191
0.0257193 0.0182016 0.0313377 0.0168335 0.000118249 0.0624645
0.031091 0.0161914 0.0354949 0.0146584 0.000199755 0.17976
0.0313377 0.0168335 0.031091 0.0161914 6.4639e-05 0.000256429
0.0443843 -0.00631477 0.0449531 -0.0036948 7.36125e-05 0.00959824
0.0449531 -0.0036948 0.05 -0.00548444 0.000128928 0.161455
0.0180793 0.00583476 0.0209244 0.00482588 0.000127883 0.093774
0.0180793 0.00583476 0.0203295 0.00450413 0.000243846 0.362874
0.00978205 0.0161131 0.0116303 0.00964834 2.14242e-05 0.00139855
0.0116303 0.00964834 0.0180793 0.00583476 0.000244079 0.360872
-0.0195985 0.0191954 -0.0174246 0.0184246 0.000128272 0.127227
-0.0195985 0.0191954 -0.0143597 0.0238806 0.000167753 0.173325
-0.0210423 0.0197074 -0.0195985 0.0191954 0.000130417 0.138632
-0.0217839 0.0294078 -0.0210423 0.0197074 7.33988e-05 0.0030753
-0.0409862 -0.0156566 -0.0385093 -0.0184192 4.71269e-05 0.0108213
-0.0409862 -0.0156566 -0.0405122 -0.0149709 4.88291e-05 0.0103245
0.0390393 0.0134246 0.0387482 0.0128581 3.41612e-05 0.00320035
0.0390393 0.0134246 0.0408212 0.0128043 0.000202546 0.676381
0.041579 0.0143397 0.0485023 0.0126538 0.000115522 0.270877
0.041579 0.0143397 0.0408212 0.0128043 7.31194e-05 0.0418748
0.0398921 0.015084 0.0397398 0.0147875 3.32031e-05 0.0164665
0.0398921 0.015084 0.0426945 0.0165995 0.000417536 0.0550796
0.00945447 0.0487133 0.0117214 0.0485964 3.09266e-05 0.000148004
0.0124794 0.0478835 0.0142945 0.0461761 7.21898e-05 0.00441161
0.0146352 0.0484461 0.0142945 0.0461761 8.30702e-05 0.00185848
0.0142945 0.0461761 0.0153706 0.0451639 7.21898e-05 0.00412014
0.0153706 0.0451639 0.0176949 0.0479067 0.000219052 0.00172084
0.0153706 0.0451639 0.0350957 0.0266099 7.22032e-05 0.0184506
0.0350957 0.0266099 0.0385714 0.0356521 6.46485e-05 0.0143398
0.0148086 0.049601 0.0169823 0.0483251 3.56763e-05 0.000832487
0.0146352 0.0484461 0.0169823 0.0483251 3.09266e-05 0.000553267
0.0169823 0.0483251 0.0176949 0.0479067 3.56763e-05 0.000855941
0.0176949 0.0479067 0.0180047 0.0482723 0.000219052 0.000756022
0.0176949 0.0479067 0.0385714 0.0356521 3.56763e-05 0.00677993
0.0385714 0.0356521 0.0429283 0.0469867 6.4639e-05 0.00843469
-0.0336164 -0.00499634 -0.0313376 -0.00471369 9.37298e-05 0.0657197
-0.0336164 -0.00499634 -0.0330937 -0.00424034 4.95938e-05 0.0114122
0.0426945 0.0165995 0.041579 0.0143397 7.25567e-05 0.0809285
0.0426945 0.0165995 0.0446268 0.0176446 0.000417449 0.036366
0.014069 0.00111839 0.0141243 0.000925088 2.3092e-05 0.00130379
0.0141243 0.000925088 0.0147961 0.00100841 9.77513e-05 0.0244162
0.0144284 -0.000138394 0.0147674 -0.00132426 2.25728e-05 0.00116343
0.0147674 -0.00132426 0.0187637 -0.00252893 0.000234728 0.163073
0.0220085 -0.00743691 0.0253428 -0.00839457 6.51431e-05 0.0113413
0.0220085 -0.00743691 0.0225854 -0.0059362 6.50072e-05 0.0208506
0.0161591 -0.00619204 0.0160235 -0.00571791 2.17121e-05 0.0018329
0.0161591 -0.00619204 0.0216353 -0.00840786 8.4359e-05 0.00643448
0.0176116 -0.0112726 0.0161591 -0.00619204 2.13988e-05 0.00320667
0.0176116 -0.0112726 0.0200584 -0.0125104 3.12723e-05 0.0012546
0.0194753 -0.0140272 0.0242964 -0.0152629 2.28374e-05 0.00209944
0.0194753 -0.0140272 0.0200584 -0.0125104 6.57912e-05 0.0384769
0.0207342 -0.0221945 0.0196669 -0.0184613 2.17967e-05 0.00203558
0.0199569 -0.023707 0.0207342 -0.0221945 3.37577e-05 0.00952012
0.0217653 -0.025801 0.0210549 -0.0233163 2.18113e-05 0.00094471
0.0216341 -0.0260669 0.0217653 -0.025801 7.40096e-05 0.0374195
0.0218274 -0.0260184 0.0217653 -0.025801 2.13905e-05 0.000567455
0.0218274 -0.0260184 0.0344522 -0.0228515 9.71123e-05 0.0829015
0.0227844 -0.0293656 0.0218274 -0.0260184 2.17492e-05 0.00112478
0.0227844 -0.0293656 0.0358135 -0.0267486 0.000112253 0.120981
0.0237512 -0.0316807 0.0361102 -0.0444284 0.000241488 0.0768845
0.0237512 -0.0316807 0.0380694 -0.0354037 4.6219e-05 0.0182629
0.0234218 -0.031595 0.0233188 -0.0312346 2.20116e-05 0.00131884
0.0234218 -0.031595 0.0237512 -0.0316807 4.61972e-05 0.011601
0.0273164 -0.0452172 0.0234218 -0.031595 2.14413e-05 0.00112674
0.0273164 -0.0452172 0.0295304 -0.047293 0.000133353 0.0349554
0.0280288 -0.0477092 0.0291917 -0.0473869 9.38579e-05 0.000248033
0.0173765 0.0202331 0.019591 0.0196938 0.000119116 0.0424238
0.0162766 0.0213483 0.0173765 0.0202331 0.000504163 0.244553
0.0108513 0.0232368 0.0113219 0.0263719 8.55013e-05 0.0405499
0.0108513 0.0232368 0.0162766 0.0213483 0.000198807 0.163038
-0.0113401 0.0272257 -0.0107736 0.0270877 0.000122135 0.113989
-0.0113401 0.0272257 -0.00925826 0.030237 5.2278e-05 0.0169068
-0.0163121 0.0284364 -0.0158391 0.0283212 0.00011927 0.117717
-0.0165246 0.0289324 -0.0163121 0.0284364 0.000111918 0.00809916
-0.021812 0.0297757 -0.0163121 0.0284364 0.000119064 0.126292
-0.021812 0.0297757 -0.0221296 0.0339296 7.51328e-05 0.0205841
-0.0132999 0.0243908 -0.00774825 0.0211078 0.000246342 0.404098
-0.0132999 0.0243908 -0.0125871 0.0254219 5.05557e-05 0.0154888
-0.0150123 0.0254034 -0.0135945 0.024565 0.000246532 0.426734
-0.0163121 0.0284364 -0.0150123 0.0254034 0.000108956 0.0174666
-0.0217839 0.0294078 -0.0150123 0.0254034 0.000246834 0.434849
-0.0217839 0.0294078 -0.021812 0.0297757 7.5185e-05 0.0132832
-0.0198871 0.00459629 -0.0191786 0.00439278 6.73868e-05 0.038003
-0.0198871 0.00459629 -0.0201337 0.00782243 7.53327e-05 0.0113761
-0.0284738 0.0117107 -0.0282489 0.0114591 0.000260189 0.326172
-0.0282489 0.0114591 -0.0280952 0.0115966 0.000170389 0.239883
-0.0282489 0.0114591 -0.024861 0.00766809 0.0002581 0.290245
-0.024861 0.00766809 -0.023557 0.00955423 5.07171e-05 0.0195894
-0.0258088 0.00629711 -0.0228853 0.00545744 6.64361e-05 0.0315675
-0.0258088 0.00629711 -0.024861 0.00766809 5.03624e-05 0.0135239
-0.0149788 -0.00519563 -0.0092509 -0.0106669 9.55335e-05 0.0269902
-0.0149788 -0.00519563 -0.0128852 -0.00573227 2.34818e-05 0.00309658
-0.0194662 -0.000909324 -0.0173055 -0.00297324 9.5476e-05 0.0276799
-0.0194662 -0.000909324 -0.0196786 0.00186924 7.44357e-05 0.00923652
-0.0262868 0.00560566 -0.0217903 0.00131067 9.44831e-05 0.0435845
-0.0262868 0.00560566 -0.0258088 0.00629711 4.97662e-05 0.012962
-0.0284296 0.00704984 -0.0275275 0.00679075 6.5275e-05 0.030254
-0.0284296 0.00704984 -0.0265237 0.00526295 0.00013339 0.0881792
-0.0304004 0.00953495 -0.0282489 0.0114591 0.000167529 0.184563
-0.0304004 0.00953495 -0.0275275 0.00679075 9.58766e-05 0.0450034
-0.0307483 0.00922386 -0.0304004 0.00953495 0.000167106 0.179575
-0.0307483 0.00922386 -0.0284296 0.00704984 0.000133371 0.0883577
-0.0196786 0.00186924 -0.015546 -0.00275501 0.000253092 0.166094
-0.015546 -0.00275501 -0.00550027 -0.00150901 9.46063e-05 0.0800155
-0.0155158 -0.00505798 -0.0149788 -0.00519563 2.43845e-05 0.00316299
-0.0155158 -0.00505798 -0.00964767 -0.0105599 0.000136312 0.0558892
-0.0192896 -0.00321934 -0.0194296 -0.00138849 7.4912e-05 0.0078189
-0.0192896 -0.00321934 -0.0176886 -0.00302077 9.60113e-05 0.0565836
-0.0251044 -0.00260018 -0.0215804 -0.00350347 2.36827e-05 0.00293578
-0.0251044 -0.00260018 -0.0220197 0.00104 0.000227687 0.265578
-0.0265237 0.00526295 -0.0262868 0.00560566 4.92485e-05 0.0123196
-0.0265237 0.00526295 -0.0220197 0.00104 0.000133351 0.0878793
0.0474957 0.00801726 0.047993 0.0103078 7.50248e-05 0.0130592
0.047993 0.0103078 0.05 0.0096092 0.000202288 0.694805
0.047993 0.0103078 0.0485023 0.0126538 7.52369e-05 0.0067846
0.0485023 0.0126538 0.05 0.0122891 0.000115514 0.287454
0.0446268 0.0176446 0.0436595 0.0185545 7.26103e-05 0.0423922
-0.0429602 -0.03447 -0.0363896 -0.0406218 0.000105599 0.0264544
-0.0429602 -0.03447 -0.0341654 -0.0400639 0.000113263 0.0427912
-0.0480626 -0.0296929 -0.0429602 -0.03447 0.000105078 0.0263251
-0.0480626 -0.0296929 -0.0385093 -0.0184192 0.00022935 0.258048
0.0114189 -0.000314861 0.0147674 -0.00132426 0.000234782 0.1629
0.0114189 -0.000314861 0.0128788 0.000474693 0.000442066 0.288702
0.00749381 0.000868339 0.00929331 0.000325885 0.000245973 0.544753
0.00773991 0.00250792 0.00749381 0.000868339 8.49109e-05 0.0211926
-0.00627716 0.00501956 0.00749381 0.000868339 0.000246307 0.551543
-0.00784293 0.00867334 -0.00627716 0.00501956 0.000106949 0.0375115
-0.0120106 0.00520616 -0.00916965 0.0022758 0.000245599 0.183583
-0.0120106 0.00520616 -0.00517119 0.00243874 8.63975e-05 0.0621176
-0.0269532 0.0112523 -0.0268552 0.0112228 0.000243698 0.499613
-0.0269532 0.0112523 -0.0267553 0.0111722 8.72537e-05 0.0597262
-0.0284738 0.0117107 -0.0280952 0.0115966 0.000242588 0.49561
-0.0286934 0.0119564 -0.0284738 0.0117107 0.000256469 0.349658
0.0150887 -0.0254391 0.0158301 -0.0235104 6.63045e-05 0.0267604
0.00866106 -0.0277261 0.0150887 -0.0254391 0.000277655 0.599942
0.0136947 -0.0290658 0.0141232 -0.0279509 6.61495e-05 0.0297017
0.0136947 -0.0290658 0.0167894 -0.0298705 4.64505e-05 0.0116431
0.0127054 -0.0316394 0.0127397 -0.0315502 6.5989e-05 0.0315411
0.0127054 -0.0316394 0.014835 -0.0336735 9.41856e-05 0.0141237
0.00866303 -0.0298439 0.0104497 -0.0318432 0.000252893 0.0415469
0.0104497 -0.0318432 0.0124898 -0.0314334 0.000112178 0.096119
-0.0136158 0.0109574 -0.0104318 0.0147147 0.000224501 0.263645
-0.0136158 0.0109574 -0.00784293 0.00867334 0.000116746 0.108801
-0.0205055 0.0139682 -0.0200574 0.0135061 0.000250022 0.0529933
-0.0174246 0.0184246 -0.0205055 0.0139682 4.91028e-05 0.000706877
-0.0210423 0.0197074 -0.0209133 0.0180196 7.5439e-05 0.00667441
-0.0209133 0.0180196 -0.0195985 0.0191954 0.00016617 0.164384
0.0438179 -0.0249709 0.0438293 -0.0251386 0.000422704 0.00357137
0.0438179 -0.0249709 0.0439864 -0.0250164 2.29364e-05 0.00987591
0.0409182 -0.0222809 0.0429468 -0.0240894 0.000149091 0.294865
0.0429468 -0.0240894 0.0437869 -0.0245145 3.195e-05 0.016612
0.0435198 -0.020577 0.0437869 -0.0245145 0.000423096 0.00845353
0.0435198 -0.020577 0.044282 -0.0203858 9.70418e-05 0.157531
0.044282 -0.0203858 0.05 -0.0218515 2.30905e-05 0.00952363
0.044282 -0.0203858 0.0485758 -0.0193087 9.70116e-05 0.157247
-0.0339645 -0.0428923 -0.0336307 -0.0427735 0.000281951 0.282709
-0.0202296 -0.0380054 -0.0166847 -0.0372934 0.000112578 0.0791867
-0.0207753 -0.0381995 -0.0202296 -0.0380054 0.000278559 0.485131
-0.0208395 -0.0381279 -0.0202296 -0.0380054 0.000111675 0.0760408
-0.0208395 -0.0381279 -0.0207753 -0.0381995 4.79943e-05 0.00411817
0.00723125 -0.00257961 0.0114189 -0.000314861 0.000429307 0.073397
0.00723125 -0.00257961 0.0124523 -0.00469219 8.56516e-05 0.00560833
0.00749381 0.000868339 0.00737671 8.81628e-05 8.79605e-05 0.0415241
0.00737671 8.81628e-05 0.00929331 0.000325885 9.54241e-05 0.0598323
0.00737671 8.81628e-05 0.00699088 -0.00248235 8.55105e-05 0.0773548
0.00699088 -0.00248235 0.00723125 -0.00257961 8.54019e-05 0.0960125
0.00689861 -0.00309706 0.0124523 -0.00469219 6.64722e-05 0.00652075
0.00689861 -0.00309706 0.00695375 -0.00272968 8.54673e-05 0.081163
0.00273943 -0.0308065 0.0028938 -0.0297781 8.54438e-05 0.0226041
0.00273943 -0.0308065 0.00828097 -0.0294164 9.74379e-05 0.0552932
0.00233931 -0.0334722 0.00273943 -0.0308065 8.56504e-05 0.0181141
0.00233931 -0.0334722 0.00959347 -0.0320152 0.000111753 0.0649062
-0.00792624 -0.0355342 0.00116224 -0.0413141 2.99551e-05 0.00538086
-0.00792624 -0.0355342 0.00233931 -0.0334722 0.000112186 0.0781883
-0.0202296 -0.0380054 -0.0167256 -0.0367587 0.000278692 0.483382
-0.0167256 -0.0367587 -0.0168058 -0.0357093 7.47915e-05 0.00867756
-0.0102404 -0.0340624 -0.00984838 -0.0343117 3.03576e-05 0.00376006
-0.0102404 -0.0340624 -0.00653594 -0.0331332 9.77682e-05 0.0596365
-0.0372237 -0.016902 -0.0172736 -0.0295896 2.96652e-05 0.00322783
-0.0372237 -0.016902 -0.0364765 -0.0160203 0.000228987 0.259892
-0.0364765 -0.0160203 -0.0179426 -0.0208395 4.7014e-05 0.010858
-0.0364765 -0.0160203 -0.0277213 -0.00568841 0.000228788 0.260879
-0.0280045 0.0116777 -0.0269532 0.0112523 8.72817e-05 0.0604902
-0.0280045 0.0116777 -0.0279142 0.0117585 0.000167856 0.235224
-0.0286934 0.0119564 -0.0280045 0.0116777 8.67214e-05 0.0616589
-0.0290135 0.0123146 -0.0286934 0.0119564 0.000256891 0.352399
-0.00397527 -0.000351996 -0.00243879 -0.00112928 3.19843e-05 0.0098043
-0.00397527 -0.000351996 -0.00416004 7.91886e-05 0.00010785 0.0207118
-0.00570439 0.000522754 -0.00397527 -0.000351996 3.26263e-05 0.00830835
-0.00570439 0.000522754 -0.00416004 7.91886e-05 6.67479e-05 0.0442538
-0.0201337 0.00782243 -0.017431 0.00645512 3.18806e-05 0.00734256
-0.0201337 0.00782243 -0.0201866 0.00851437 7.49882e-05 0.0114684
-0.023557 0.00955423 -0.0201337 0.00782243 3.19082e-05 0.00743126
-0.023557 0.00955423 -0.023382 0.00980732 5.07089e-05 0.0199032
-0.0268552 0.0112228 -0.0267553 0.0111722 3.24652e-05 0.00766031
-0.0268552 0.0112228 -0.0231712 0.0101122 0.000243681 0.499645
-0.0279142 0.0117585 -0.0268552 0.0112228 3.21552e-05 0.00771545
-0.0279142 0.0117585 -0.0241497 0.0151252 0.000167986 0.235124
-0.0290135 0.0123146 -0.0279142 0.0117585 3.21995e-05 0.00813866
-0.0355598 0.0196396 -0.0290135 0.0123146 0.000257066 0.352316
-0.0205842 0.0137145 -0.0200574 0.0135061 0.000119128 0.151129
-0.0205842 0.0137145 -0.0205938 0.0138404 7.71396e-05 0.0870769
-0.0206601 0.0137445 -0.0205842 0.0137145 0.000122835 0.179085
-0.0206601 0.0137445 -0.0205938 0.0138404 5.16818e-05 0.0645627
-0.0241497 0.0151252 -0.0206601 0.0137445 0.000119891 0.197994
-0.0241497 0.0151252 -0.0209133 0.0180196 0.000166432 0.180092
-0.0355598 0.0196396 -0.0241497 0.0151252 0.000118765 0.119676
-0.0423835 0.0272751 -0.0355598 0.0196396 0.000258593 0.3612
0.0179605 0.0243618 0.0181373 0.0238556 0.000263476 0.0249686
0.0175072 0.0246126 0.0181373 0.0238556 2.78712e-05 0.000843253
0.019591 0.0196938 0.0193919 0.0202638 0.000266581 0.0464879
0.019591 0.0196938 0.0221123 0.0190799 0.000120838 0.0810246
0.0169823 0.0483251 0.0180047 0.0482723 3.09266e-05 0.00052621
-0.0235794 0.0352221 -0.0221915 0.034739 0.000205192 0.308778
-0.0367862 0.0469967 -0.0235794 0.0352221 0.000149755 0.00486426
-0.0367862 0.0469967 -0.0313319 0.0492653 3.30736e-05 0.00692725
-0.0246774 0.0479573 -0.0231368 0.0471047 0.000101439 0.0257229
-0.00642169 0.0309798 -0.00193877 0.027689 5.26113e-05 0.0147331
-0.00193877 0.027689 -7.21369e-06 0.0270167 0.000203986 0.287666
-0.000396682 0.0265571 0.00367248 0.0235701 5.12923e-05 0.00806067
0.00367248 0.0235701 0.00794775 0.022529 0.000117911 0.0695753
0.00544336 0.0312887 0.00502328 0.032758 2.21255e-05 0.00161213
0.00419724 0.0319783 0.00544336 0.0312887 0.000101719 0.0325047
0.00740212 0.0244375 0.00544336 0.0312887 2.15398e-05 0.00137823
0.00740212 0.0244375 0.0108513 0.0232368 0.000198756 0.17386
0.00794775 0.022529 0.00740212 0.0244375 2.13905e-05 0.000162343
0.00794775 0.022529 0.0106464 0.0218719 0.000117775 0.0694284
0.0272691 0.00624878 0.0315732 0.00308933 5.15412e-05 0.023272
0.0315732 0.00308933 0.0338746 0.00337478 9.57798e-05 0.0671234
0.0207342 -0.0221945 0.0222895 -0.0191682 3.35866e-05 0.0094898
0.0222895 -0.0191682 0.0247164 -0.0198224 2.24966e-05 0.00222312
0.0311627 -0.00190211 0.0325092 0.000717867 3.41249e-05 0.00330886
0.0325092 0.000717867 0.0345057 9.88431e-06 0.000129292 0.144953
0.0217653 -0.025801 0.0234044 -0.0224804 7.39449e-05 0.0373377
0.0210549 -0.0233163 0.0234044 -0.0224804 0.000277459 0.622318
0.0297346 -0.00965597 0.0297981 -0.00952739 7.29659e-05 0.0392695
0.0297981 -0.00952739 0.0287646 -0.00656861 0.000263991 0.238382
0.0313759 -0.00633085 0.0330199 -0.00300032 7.36023e-05 0.0376623
0.0330199 -0.00300032 0.0437291 -0.00933319 0.000247545 0.501722
0.0330199 -0.00300032 0.0345057 9.88431e-06 7.50459e-05 0.0156673
0.0345057 9.88431e-06 0.0369482 -0.000856241 0.000129233 0.153359
0.0299248 0.00969347 0.0343745 0.00434743 2.68311e-05 0.00658637
0.0343745 0.00434743 0.0338746 0.00337478 3.33579e-05 0.00167342
0.0350615 0.00352199 0.0358009 0.00263369 2.7087e-05 0.00589987
0.0348415 0.000690202 0.0358009 0.00263369 7.25283e-05 0.000661486
0.0423373 -0.015744 0.0428417 -0.0134206 7.36345e-05 0.21983
0.0428417 -0.0134206 0.05 -0.0154766 6.68094e-05 0.0888737
0.0432496 -0.0115417 0.0435821 -0.0100104 7.3116e-05 0.0799394
0.0435821 -0.0100104 0.0462178 -0.0108049 0.000237805 0.56702
0.0435821 -0.0100104 0.0437291 -0.00933319 7.36093e-05 0.0282579
0.0437291 -0.00933319 0.0462178 -0.0108049 0.000247357 0.50763
-0.0221915 0.034739 -0.0228246 0.0430204 7.72868e-05 0.0309228
-0.0221915 0.034739 -0.0184557 0.0334386 0.000205168 0.303182
-0.0078143 0.0297343 -0.00193877 0.027689 0.00020417 0.287461
-0.0078143 0.0297343 -0.00642169 0.0309798 0.000171166 0.208624
-0.00925826 0.030237 -0.0078143 0.0297343 0.000204798 0.286774
-0.00925826 0.030237 -0.0079627 0.0321109 5.23113e-05 0.0188414
0.0456829 -0.0254736 0.05 -0.0266372 2.27499e-05 0.00960192
0.0456829 -0.0254736 0.05 -0.0276576 3.20193e-05 0.0175781
0.0446821 -0.0249673 0.05 -0.0238991 0.000111908 0.235083
0.0446821 -0.0249673 0.0456829 -0.0254736 3.21283e-05 0.0173744
-0.0150123 0.0254034 -0.0143597 0.0238806 0.000108883 0.0370611
-0.0143597 0.0238806 -0.0135945 0.024565 0.000167703 0.174953
-0.0143597 0.0238806 -0.0140892 0.0232492 0.000108702 0.0346914
-0.0140892 0.0232492 -0.0132999 0.0243908 5.04528e-05 0.0122001
0.0036393 0.0109552 0.00873655 0.00914773 0.000127399 0.103261
-0.0061909 0.0197194 0.0036393 0.0109552 0.000149137 0.131595
-0.00963023 0.0156607 0.0036393 0.0109552 0.000127541 0.121827
-0.00963023 0.0156607 -0.0061909 0.0197194 0.000224635 0.261062
-0.00517119 0.00243874 -0.00627716 0.00501956 0.00010674 0.00334025
-0.00517119 0.00243874 0.00221908 -0.000551554 8.61135e-05 0.0764625
-0.00070239 -0.000913913 0.00649095 -0.00297997 6.73048e-05 0.0765015
-0.00070239 -0.000913913 0.00221908 -0.000551554 9.57481e-05 0.13084
-0.00358144 -0.00127101 -0.00397527 -0.000351996 0.000107868 0.0211025
-0.00358144 -0.00127101 -0.00243879 -0.00112928 9.60612e-05 0.146766
-0.00187863 -0.00524458 -0.00358144 -0.00127101 0.000108112 0.0357093
-0.00187863 -0.00524458 0.00239031 -0.00964781 0.000243966 0.148451
0.00578474 -0.0105179 0.018314 -0.0137295 2.29375e-05 0.00316003
0.00578474 -0.0105179 0.00651414 -0.00565849 8.57658e-05 0.115587
0.00239031 -0.00964781 0.00578474 -0.0105179 2.31837e-05 0.00718818
0.00239031 -0.00964781 0.00544276 -0.0127963 0.000243848 0.148156
0.034296 -0.0224044 0.0352305 -0.0226563 2.26931e-05 0.00610955
0.0331542 -0.0191354 0.034296 -0.0224044 0.000264567 0.0993989
0.0179489 -0.0179983 0.0196669 -0.0184613 2.26943e-05 0.00237403
0.0179489 -0.0179983 0.0188582 -0.0156327 6.59078e-05 0.0382864
0.0185933 -0.0263604 0.0189592 -0.0267379 0.000243189 0.0931543
0.0183164 -0.0268991 0.0185933 -0.0263604 3.37536e-05 0.00804266
0.0158301 -0.0235104 0.0170303 -0.0247483 0.000242711 0.118129
0.0158301 -0.0235104 0.0179489 -0.0179983 6.60242e-05 0.0378066
0.00544276 -0.0127963 0.00578474 -0.0105179 8.57039e-05 0.114572
0.00544276 -0.0127963 0.00784604 -0.0152752 0.000243035 0.120997
0.00716424 -0.0263465 0.00714719 -0.0263067 0.000106694 0.00340834
0.00716424 -0.0263465 0.00862282 -0.0277397 9.43541e-05 0.0249832
0.0087066 -0.0277688 0.0117229 -0.0285531 4.66286e-05 0.011354
0.0087066 -0.0277688 0.0100032 -0.0289844 0.000135543 0.0298745
0.00861096 -0.0277439 0.00863331 -0.0277497 4.66129e-05 0.011097
0.00787526 -0.0280057 0.00861096 -0.0277439 0.000277809 0.585119
-0.00653594 -0.0331332 0.0028938 -0.0297781 0.000278286 0.483546
0.0028938 -0.0297781 0.00340241 -0.0263896 8.532e-05 0.0210243
-0.0128852 -0.00573227 -0.00822913 -0.0109423 0.000253294 0.158642
-0.00822913 -0.0109423 0.0017112 -0.0136216 2.25237e-05 0.00350899
-0.00822913 -0.0109423 -0.00395127 -0.015729 0.000253071 0.158755
-0.00395127 -0.015729 0.00387979 -0.0232092 9.46816e-05 0.0275536
-0.00395127 -0.015729 -0.00300402 -0.016789 0.000252973 0.158654
-0.00300402 -0.016789 0.00387531 -0.023239 0.000134701 0.0569792
0.00371497 -0.0243073 0.00623387 -0.0271258 0.00025304 0.154718
0.00623387 -0.0271258 0.00765677 -0.0274958 4.62453e-05 0.0128882
0.00846053 -0.0293714 0.00787526 -0.0280057 0.000107108 0.0195675
0.00846053 -0.0293714 0.00994201 -0.0289998 9.72857e-05 0.070508
0.00722648 -0.0282365 0.00828097 -0.0294164 0.000253272 0.0517244
0.00828097 -0.0294164 0.00846053 -0.0293714 9.73483e-05 0.0691015
0.00959347 -0.0320152 0.00866303 -0.0298439 0.00010676 0.00912508
0.00959347 -0.0320152 0.0104497 -0.0318432 0.000111627 0.0518344
0.0232593 0.00919225 0.0241711 0.00658176 0.000269759 0.398168
0.0241711 0.00658176 0.0256937 0.00740522 0.000433739 0.43489
0.027312 0.0025608 0.0325092 0.000717867 0.000129388 0.144039
0.027312 0.0025608 0.0315732 0.00308933 9.57073e-05 0.066428
0.0260267 0.00301657 0.027312 0.0025608 0.000129286 0.138668
0.0272691 0.00624878 0.0260267 0.00301657 6.61171e-05 0.00544991
0.0312384 -0.0136508 0.0306862 -0.0120701 0.00026457 0.242031
0.0288249 -0.011499 0.0312384 -0.0136508 0.000148332 0.00629418
0.0407652 -0.0229858 0.0429468 -0.0240894 3.18666e-05 0.0161431
0.0405268 -0.0240839 0.0407652 -0.0229858 7.36968e-05 0.0222076
0.0384951 -0.0218374 0.0407652 -0.0229858 3.1828e-05 0.0134888
0.0384951 -0.0218374 0.0399979 -0.0214604 9.78167e-05 0.127749
0.0331542 -0.0191354 0.0384951 -0.0218374 3.18904e-05 0.0104879
0.0331156 -0.0190251 0.0331542 -0.0191354 0.000264647 0.0998328
0.034296 -0.0224044 0.0344522 -0.0228515 0.000264924 0.099061
0.0344522 -0.0228515 0.0352305 -0.0226563 9.78285e-05 0.128959
0.0344522 -0.0228515 0.0358135 -0.0267486 0.000263337 0.0823223
0.0358135 -0.0267486 0.0401368 -0.0258803 0.000112176 0.20786
0.0295304 -0.047293 0.0358697 -0.0455362 9.44971e-05 0.0668829
0.0358697 -0.0455362 0.0361102 -0.0444284 7.26754e-05 0.0221183
0.0361102 -0.0444284 0.0369058 -0.045249 0.000240875 0.0655146
0.0361102 -0.0444284 0.0380694 -0.0354037 7.32874e-05 0.0599459
0.0380694 -0.0354037 0.0389133 -0.0356231 4.69195e-05 0.0352696
-0.05 -0.0485977 -0.0339645 -0.0428923 0.000282479 0.273341
-0.0218692 -0.0369794 -0.0168058 -0.0357093 9.82044e-05 0.0589922
-0.0218692 -0.0369794 -0.0208395 -0.0381279 4.86662e-05 0.00515553
-0.0363896 -0.0406218 -0.0341654 -0.0400639 9.79581e-05 0.0561085
-0.0363896 -0.0406218 -0.035836 -0.0411401 0.000101959 0.0230171
0.0407652 -0.0229858 0.0409182 -0.0222809 7.35678e-05 0.0210897
0.0399979 -0.0214604 0.0409182 -0.0222809 0.0001491 0.288421
0.0409182 -0.0222809 0.0411596 -0.021169 7.33833e-05 0.00808199
0.0411596 -0.021169 0.0435198 -0.020577 9.71724e-05 0.192067
0.0485758 -0.0193087 0.05 -0.0198849 8.48474e-05 0.147474
0.0485758 -0.0193087 0.05 -0.0189514 9.76455e-05 0.20435
0.00544336 0.0312887 0.00770911 0.0300349 0.000101505 0.032514
0.00502328 0.032758 0.00770911 0.0300349 0.000507929 0.211826
0.0142945 0.0461761 0.0138782 0.0434027 8.30702e-05 0.00211177
0.0138782 0.0434027 0.0153706 0.0451639 0.000219114 0.00644284
0.0120432 0.0311774 0.0119076 0.030274 8.31616e-05 0.00121125
0.00664838 0.0348709 0.0119076 0.030274 0.000174274 0.043623
0.0115525 0.027908 0.0175072 0.0246126 0.000100581 0.0167985
0.015165 0.0274268 0.0175072 0.0246126 2.70527e-05 0.000914144
-0.00126987 0.0417919 -0.0103577 0.0497353 0.000161953 8.45714e-05
-0.00126987 0.0417919 0.000762129 0.0447311 4.98639e-05 0.00217291
0.00425806 0.0405309 0.0103954 0.0460197 0.000161319 0.0640465
0.00203864 0.0431975 0.00425806 0.0405309 2.62963e-05 0.000626616
0.00309769 0.0394932 0.00425806 0.0405309 0.000161327 0.0643207
0.00309769 0.0394932 0.00203864 0.0431975 2.13905e-05 8.35346e-05
0.00223883 0.0387251 0.00367658 0.0374684 0.000175688 0.12601
0.00309769 0.0394932 0.00367658 0.0374684 2.13905e-05 0.0010742
0.00781914 0.0362525 0.0120593 0.0412562 0.000234877 0.0380445
0.00425806 0.0405309 0.00781914 0.0362525 2.63434e-05 0.00232468
0.00781914 0.0362525 0.0120432 0.0311774 2.66272e-05 0.000929361
0.0131062 0.0382591 0.0120432 0.0311774 8.38653e-05 0.00120067
0.00371968 0.0490092 0.00945447 0.0487133 3.09684e-05 0.00346662
0.00945447 0.0487133 0.0103954 0.0460197 0.000258088 0.000398229
0.0103954 0.0460197 0.0124794 0.0478835 0.000161201 0.00319534
0.0103954 0.0460197 0.0120593 0.0412562 0.000258217 0.0384158
0.0120593 0.0412562 0.0138782 0.0434027 0.000219123 0.00690163
0.0120593 0.0412562 0.0131062 0.0382591 0.000266511 0.0650745
0.0138782 0.0434027 0.0131062 0.0382591 8.30702e-05 0.00332269
0.0313775 0.0169369 0.0317427 0.0167348 9.99786e-05 0.038744
0.0317427 0.0167348 0.0394669 0.014854 0.000117371 0.053691
0.0376915 0.0138938 0.0390393 0.0134246 0.000202594 0.674694
0.0376915 0.0138938 0.0394669 0.014854 0.000418887 0.109009
0.0358009 0.00263369 0.0363161 0.00367761 7.32856e-05 0.000646177
0.0363161 0.00367761 0.0415878 0.00433147 9.55385e-05 0.0749579
0.00438304 -0.0198564 0.0051786 -0.0145562 8.44101e-05 0.0366456
0.00438304 -0.0198564 0.0017112 -0.0136216 0.000106288 0.00735201
0.00387979 -0.0232092 0.00438304 -0.0198564 8.46964e-05 0.0372096
0.00387979 -0.0232092 0.00581157 -0.0250544 9.44284e-05 0.0261734
0.00387531 -0.023239 0.00387979 -0.0232092 8.46722e-05 0.0355989
0.00387531 -0.023239 0.00581157 -0.0250544 0.000134685 0.0546162
0.00371497 -0.0243073 0.00387531 -0.023239 8.49873e-05 0.0317118
-0.00300402 -0.016789 0.00371497 -0.0243073 0.00025327 0.158231
0.0313377 0.0168335 0.0317427 0.0167348 0.00011851 0.0591087
0.0313377 0.0168335 0.0313775 0.0169369 6.66969e-05 0.0054693
0.0209244 0.00482588 0.0253302 0.00326358 0.000129836 0.0815073
0.0209244 0.00482588 0.0241711 0.00658176 0.000431781 0.377911
0.0242566 0.00218183 0.0254374 0.00148353 0.000248808 0.30203
0.0242566 0.00218183 0.0256477 0.00235438 9.6958e-05 0.0363988
0.0203295 0.00450413 0.0242566 0.00218183 0.000248868 0.303322
0.0203295 0.00450413 0.0209244 0.00482588 0.000432269 0.374224
0.00870661 0.0198747 0.00978205 0.0161131 2.17746e-05 0.00119389
0.0101839 0.0187903 0.00978205 0.0161131 8.48797e-05 0.00323842
-0.0174246 0.0184246 -0.0110535 0.0161654 0.000128308 0.122325
-0.0174246 0.0184246 -0.0140892 0.0232492 5.012e-05 0.0117659
-0.0385093 -0.0184192 -0.0218692 -0.0369794 4.77771e-05 0.00510021
-0.0385093 -0.0184192 -0.0372237 -0.016902 0.000229057 0.259541
0.0408212 0.0128043 0.047993 0.0103078 0.000202377 0.692182
0.0403972 0.0119455 0.0408212 0.0128043 7.33831e-05 0.000291705
0.0117214 0.0485964 0.0124794 0.0478835 7.21898e-05 4.80318e-05
0.0124794 0.0478835 0.0131918 0.0485206 0.000161201 0.00124122
0.0145618 0.0497459 0.0148086 0.049601 3.56763e-05 0.00481017
0.0148086 0.049601 0.0146352 0.0484461 8.30702e-05 0.0017083
0.0131918 0.0485206 0.0146352 0.0484461 3.09266e-05 0.000956641
0.0138625 0.00184068 0.014069 0.00111839 2.18851e-05 0.00298849
0.014069 0.00111839 0.0144448 0.00132159 0.000440146 0.313038
0.0147961 0.00100841 0.0242566 0.00218183 9.76329e-05 0.0326708
0.0144448 0.00132159 0.0147961 0.00100841 0.000153349 0.0765204
0.0141243 0.000925088 0.0144284 -0.000138394 2.34742e-05 0.00120159
0.0144284 -0.000138394 0.017402 -0.00131493 0.000120452 0.0449222
0.0233622 -0.00391516 0.0259314 -0.00468961 0.000236574 0.204877
0.0233622 -0.00391516 0.023443 -0.00370508 6.56631e-05 0.00578846
0.0187637 -0.00252893 0.0233622 -0.00391516 0.000236867 0.198506
0.017402 -0.00131493 0.0187637 -0.00252893 0.00015299 0.0675934
0.0275068 -0.0090161 0.0297346 -0.00965597 6.491e-05 0.015244
0.0270459 -0.00991294 0.0275068 -0.0090161 3.32281e-05 0.00817757
0.0253428 -0.00839457 0.0275068 -0.0090161 6.49112e-05 0.0151802
0.0225854 -0.0059362 0.0253428 -0.00839457 0.00014586 0.00771744
0.0225854 -0.0059362 0.0233622 -0.00391516 6.50632e-05 0.0281137
0.0187637 -0.00252893 0.0225854 -0.0059362 0.000146316 0.0109311
0.0216353 -0.00840786 0.0267548 -0.0104793 8.53663e-05 0.0162537
0.0216353 -0.00840786 0.0220085 -0.00743691 6.50535e-05 0.0255225
0.0267349 -0.015888 0.0330102 -0.0190626 3.1447e-05 0.00299189
0.0267349 -0.015888 0.0325395 -0.0173759 2.28131e-05 0.00241738
0.0200584 -0.0125104 0.0245446 -0.01478 3.1827e-05 0.00206198
0.0200584 -0.0125104 0.0216353 -0.00840786 6.56988e-05 0.0381293
0.026667 -0.0158706 0.0267349 -0.015888 2.3183e-05 0.00249703
0.0247164 -0.0198224 0.026667 -0.0158706 7.3867e-05 0.0449442
0.0242964 -0.0152629 0.026667 -0.0158706 2.28171e-05 0.00212048
0.0222895 -0.0191682 0.0242964 -0.0152629 3.34358e-05 0.00951597
0.0185933 -0.0263604 0.0199569 -0.023707 3.36256e-05 0.00818061
0.0170303 -0.0247483 0.0199569 -0.023707 0.000277467 0.622543
0.0210549 -0.0233163 0.0207342 -0.0221945 2.16728e-05 0.00192508
0.0199569 -0.023707 0.0210549 -0.0233163 0.000277445 0.622425
0.0169698 -0.0355163 0.0194191 -0.0305542 7.34626e-05 0.0392363
0.0194191 -0.0305542 0.0234218 -0.031595 4.6351e-05 0.0116676
0.0194191 -0.0305542 0.0197 -0.0299852 7.34109e-05 0.0393685
0.0197 -0.0299852 0.021715 -0.0295804 0.000111635 0.0956105
0.0197 -0.0299852 0.0205122 -0.0283397 7.3851e-05 0.0390579
0.0205122 -0.0283397 0.021715 -0.0295804 0.00024286 0.0896701
0.0205122 -0.0283397 0.0216341 -0.0260669 7.36783e-05 0.0419959
0.0216341 -0.0260669 0.0218274 -0.0260184 9.71923e-05 0.0827064
0.0291917 -0.0473869 0.0295304 -0.047293 9.41323e-05 0.0176224
0.00770911 0.0300349 0.0113219 0.0263719 0.000507355 0.216016
0.0113219 0.0263719 0.0115525 0.027908 8.69261e-05 0.00529178
0.0113219 0.0263719 0.0162766 0.0213483 0.000506543 0.222299
0.0162766 0.0213483 0.0193919 0.0202638 0.000201818 0.107631
-0.0107736 0.0270877 -0.00179886 0.0249024 0.000119188 0.105708
-0.0107736 0.0270877 -0.0078143 0.0297343 0.000170361 0.209377
-0.0158391 0.0283212 -0.0113401 0.0272257 0.000122644 0.114329
-0.0165246 0.0289324 -0.0158391 0.0283212 0.000157022 0.117482
0.00904148 0.0111793 0.0116303 0.00964834 0.000244144 0.360833
0.00978205 0.0161131 0.00904148 0.0111793 8.40123e-05 0.00322465
-0.00774825 0.0211078 -0.00592698 0.0200308 0.000246455 0.401218
-0.0125871 0.0254219 -0.00774825 0.0211078 0.000151457 0.1251
-0.0125074 0.0255371 -0.0113401 0.0272257 5.10229e-05 0.0153685
-0.0125074 0.0255371 -0.0107736 0.0270877 0.000168925 0.203325
-0.0125871 0.0254219 -0.0125074 0.0255371 5.09647e-05 0.015163
-0.0126117 0.0254439 -0.0125871 0.0254219 0.000151572 0.124937
-0.0135945 0.024565 -0.0132999 0.0243908 0.000246377 0.404721
-0.0135945 0.024565 -0.0126117 0.0254439 0.000167924 0.207413
-0.0191786 0.00439278 -0.00815148 0.0012256 6.73486e-05 0.032257
-0.0191786 0.00439278 -0.017431 0.00645512 0.000228522 0.428919
-0.0280952 0.0115966 -0.0280045 0.0116777 0.000168009 0.234608
-0.0280952 0.0115966 -0.0269532 0.0112523 0.000243792 0.49914
-0.0173055 -0.00297324 -0.0149788 -0.00519563 9.58837e-05 0.0268456
-0.0173055 -0.00297324 -0.015546 -0.00275501 9.55117e-05 0.0599832
-0.0196786 0.00186924 -0.0198142 0.00364269 7.39349e-05 0.0170869
-0.0205196 0.00281026 -0.0196786 0.00186924 0.000253147 0.168332
-0.0217903 0.00131067 -0.0194662 -0.000909324 9.55783e-05 0.0279054
-0.0217903 0.00131067 -0.0205196 0.00281026 0.000226235 0.290404
-0.00550027 -0.00150901 -0.00358144 -0.00127101 9.61556e-05 0.130146
-0.00550027 -0.00150901 -0.00187863 -0.00524458 0.000244354 0.160756
-0.0194296 -0.00138849 -0.0194662 -0.000909324 7.5013e-05 0.00884073
-0.0194296 -0.00138849 -0.0176886 -0.00302077 0.000136703 0.0575054
-0.0176886 -0.00302077 -0.0173055 -0.00297324 9.58198e-05 0.0590732
-0.0176886 -0.00302077 -0.0155158 -0.00505798 0.00013655 0.0559021
-0.0220197 0.00104 -0.0217903 0.00131067 0.000226452 0.283718
-0.0220197 0.00104 -0.0194296 -0.00138849 0.000136728 0.0580612
-0.0341654 -0.0400639 -0.0332804 -0.0406268 0.000111648 0.0406852
-0.0341654 -0.0400639 -0.0218692 -0.0369794 9.85777e-05 0.0588422
0.0128788 0.000474693 0.0135888 0.000858667 0.000440741 0.308427
0.0128788 0.000474693 0.0144284 -0.000138394 0.000121165 0.0446417
0.00929331 0.000325885 0.0114189 -0.000314861 0.000245679 0.546899
0.00929331 0.000325885 0.0123094 0.00069998 9.76818e-05 0.054697
0.00837422 0.00673381 0.00773991 0.00250792 8.46608e-05 0.014586
0.00773991 0.00250792 0.0123094 0.00069998 0.000116356 0.108056
-0.0110535 0.0161654 -0.0104318 0.0147147 0.000107653 0.0351887
-0.0104318 0.0147147 -0.00963023 0.0156607 0.000224449 0.260768
-0.0104318 0.0147147 -0.00784293 0.00867334 0.000107092 0.0415286
-0.00784293 0.00867334 0.00773991 0.00250792 0.000116583 0.112689
-0.00916965 0.0022758 -0.00815148 0.0012256 0.000245476 0.183419
-0.00916965 0.0022758 -0.00570439 0.000522754 3.20951e-05 0.00789091
-0.0201866 0.00851437 -0.0168351 0.00715826 8.68453e-05 0.0584892
-0.0201866 0.00851437 -0.0202413 0.009229 7.54246e-05 0.0125673
-0.023382 0.00980732 -0.0201866 0.00851437 8.70151e-05 0.0593853
-0.023382 0.00980732 -0.0231712 0.0101122 5.08189e-05 0.020642
-0.0267553 0.0111722 -0.023382 0.00980732 8.71759e-05 0.0597316
-0.0267553 0.0111722 -0.023557 0.00955423 3.25751e-05 0.00776267
0.00861096 -0.0277439 0.00862282 -0.0277397 0.000277802 0.585401
0.00862282 -0.0277397 0.00863331 -0.0277497 9.52413e-05 0.0140702
0.00862282 -0.0277397 0.00866106 -0.0277261 0.000277757 0.589158
0.00866106 -0.0277261 0.0087066 -0.0277688 0.000135539 0.0298755
0.0141232 -0.0279509 0.0150887 -0.0254391 6.61043e-05 0.029028
0.0141232 -0.0279509 0.0183164 -0.0268991 9.71927e-05 0.072486
0.0183068 -0.030265 0.0194191 -0.0305542 4.66861e-05 0.0117482
0.0183068 -0.030265 0.0197 -0.0299852 0.00011186 0.0953679
0.0167894 -0.0298705 0.0183068 -0.030265 4.63877e-05 0.0117658
0.0163886 -0.0306503 0.0167894 -0.0298705 3.37844e-05 0.00822702
0.0128093 -0.0313692 0.0136947 -0.0290658 6.61373e-05 0.0297664
0.0128093 -0.0313692 0.0163886 -0.0306503 0.000111971 0.0952232
0.0127397 -0.0315502 0.0128093 -0.0313692 6.63894e-05 0.0306251
0.0127397 -0.0315502 0.01489 -0.0335663 0.000135173 0.0310823
0.0169039 -0.0356497 0.0274652 -0.0457378 9.32739e-05 0.0176948
0.0158179 -0.0378499 0.0169039 -0.0356497 7.25126e-05 0.0504135
0.014835 -0.0336735 0.0169039 -0.0356497 9.37493e-05 0.0142392
0.0138311 -0.0356268 0.014835 -0.0336735 3.3199e-05 0.00981042
0.012593 -0.0314127 0.0128093 -0.0313692 0.000111911 0.0946976
0.012593 -0.0314127 0.0127397 -0.0315502 0.000137587 0.0301867
0.0124898 -0.0314334 0.012593 -0.0314127 0.000112089 0.0964378
0.0124898 -0.0314334 0.0127054 -0.0316394 9.5136e-05 0.0132582
0.0446417 -0.0371126 0.0438293 -0.0251386 0.000414989 0.00294476
0.0438293 -0.0251386 0.0440694 -0.0250904 0.000111808 0.245938
0.0437869 -0.0245145 0.0446821 -0.0249673 3.21117e-05 0.0170295
0.0437869 -0.0245145 0.0438103 -0.0248594 0.000421862 0.0084401
-0.0312417 -0.0419235 -0.0207753 -0.0381995 0.000278615 0.485543
-0.0207753 -0.0381995 -0.0162276 -0.043272 4.79148e-05 0.00708681
0.0124523 -0.00469219 0.0161591 -0.00619204 8.50027e-05 0.00604668
0.0124523 -0.00469219 0.0160235 -0.00571791 6.55949e-05 0.0060954
-0.0168058 -0.0357093 -0.0172736 -0.0295896 7.44813e-05 0.00807056
-0.0168058 -0.0357093 -0.0102404 -0.0340624 9.80287e-05 0.0595866
-0.00243879 -0.00112928 0.00651414 -0.00565849 3.19166e-05 0.0109305
-0.00243879 -0.00112928 -0.00070239 -0.000913913 9.60331e-05 0.146441
-0.017431 0.00645512 -0.00916965 0.0022758 3.17797e-05 0.00599309
-0.017431 0.00645512 -0.0168351 0.00715826 0.000228492 0.429168
-0.0202413 0.009229 -0.0161305 0.00798981 0.000243574 0.490328
-0.0202413 0.009229 -0.0205842 0.0137145 7.60408e-05 0.0358085
-0.0231712 0.0101122 -0.0202413 0.009229 0.000243613 0.497534
-0.0231712 0.0101122 -0.0206601 0.0137445 5.12139e-05 0.0311812
-0.0205938 0.0138404 -0.020612 0.0140781 7.70722e-05 0.0882475
-0.0205938 0.0138404 -0.0205055 0.0139682 5.17846e-05 0.0628057
0.0181373 0.0238556 0.0193919 0.0202638 0.00026326 0.0249028
0.0193919 0.0202638 0.0218346 0.0194136 0.000200016 0.203336
0.0221123 0.0190799 0.0243782 0.0185281 0.000120907 0.0804918
0.0218346 0.0194136 0.0221123 0.0190799 2.68343e-05 0.00142361
-0.0079627 0.0321109 -0.00642169 0.0309798 5.25851e-05 0.0116816
-0.00642169 0.0309798 -0.00167286 0.0352268 0.000171047 0.207829
-7.21369e-06 0.0270167 0.00740212 0.0244375 0.00019888 0.173883
-7.21369e-06 0.0270167 0.00419724 0.0319783 0.000231118 0.420356
-0.00193877 0.027689 -0.000396682 0.0265571 5.24195e-05 0.0149981
-0.000396682 0.0265571 -7.21369e-06 0.0270167 0.000228288 0.320008
0.00498158 0.0329039 0.00502328 0.032758 2.13905e-05 0.000409084
0.00493436 0.0328482 0.00502328 0.032758 0.000507924 0.211741
-0.0231368 0.0471047 -0.00466419 0.0368821 0.00010043 0.0429679
-0.00466419 0.0368821 -0.00126987 0.0417919 5.05347e-05 0.020197
-0.00466419 0.0368821 -0.00167286 0.0352268 9.96648e-05 0.0415878
-0.00167286 0.0352268 0.00223883 0.0387251 0.000169995 0.186131
-0.00167286 0.0352268 0.00419724 0.0319783 0.000102845 0.0782917
0.00419724 0.0319783 0.00493436 0.0328482 0.000231185 0.440762
0.0232593 0.00919225 0.0256937 0.00740522 5.18534e-05 0.0170349
0.0256937 0.00740522 0.0282438 0.00878432 0.00043373 0.434916
0.0256937 0.00740522 0.0272691 0.00624878 5.13444e-05 0.0170686
0.0282438 0.00878432 0.0272691 0.00624878 6.78238e-05 0.0100765
0.0338746 0.00337478 0.0350615 0.00352199 9.56894e-05 0.0678591
0.0331377 0.0019409 0.0338746 0.00337478 3.3341e-05 0.00025533
0.0247164 -0.0198224 0.0282205 -0.0207668 2.26993e-05 0.00240143
0.0234044 -0.0224804 0.0247164 -0.0198224 7.40314e-05 0.0449051
0.0275068 -0.0090161 0.0287646 -0.00656861 3.31764e-05 0.008066
0.0287646 -0.00656861 0.0284573 -0.00568901 0.000263938 0.237607
0.0292206 -0.00568115 0.0311627 -0.00190211 3.33658e-05 0.00783734
0.0311627 -0.00190211 0.0330199 -0.00300032 0.000247725 0.494913
0.0266737 -0.015857 0.0288249 -0.011499 7.37031e-05 0.0446382
0.0284509 -0.0111656 0.0288249 -0.011499 0.000147115 0.00407866
0.0288998 -0.0113472 0.0297346 -0.00965597 7.32399e-05 0.0397989
0.0297346 -0.00965597 0.0298551 -0.00969057 6.5556e-05 0.0158493
0.0297981 -0.00952739 0.0311641 -0.00675996 7.40118e-05 0.0681581
0.0311641 -0.00675996 0.0432496 -0.0115417 0.000116784 0.112261
0.0311641 -0.00675996 0.0313759 -0.00633085 7.38873e-05 0.07236
0.0313759 -0.00633085 0.0435821 -0.0100104 0.000237921 0.55092
0.0290139 0.0107879 0.0299248 0.00969347 2.66263e-05 0.00330783
0.0299248 0.00969347 0.0333401 0.0115405 0.000433541 0.434014
0.0343745 0.00434743 0.0350615 0.00352199 2.67025e-05 0.00697714
0.0350615 0.00352199 0.0363161 0.00367761 9.56044e-05 0.0681965
0.0428417 -0.0134206 0.0432496 -0.0115417 7.32217e-05 0.165077
0.0432496 -0.0115417 0.0497351 -0.0141077 0.000116391 0.166273
0.0462178 -0.0108049 0.0472434 -0.0111141 0.000242537 0.563805
0.0462178 -0.0108049 0.0477308 -0.0116996 0.000242597 0.509743
-0.0079627 0.0321109 -0.00466419 0.0368821 5.01833e-05 0.0169436
-0.0224412 0.042739 -0.0079627 0.0321109 5.06981e-05 0.00944699
0.00873655 0.00914773 0.0121161 0.00794934 0.000127345 0.0974659
0.00904148 0.0111793 0.00873655 0.00914773 8.53065e-05 0.0141577
-0.00774825 0.0211078 -0.0061909 0.0197194 0.000150986 0.129889
-0.0061909 0.0197194 -0.00592698 0.0200308 0.000225453 0.260051
0.00221908 -0.000551554 0.00699088 -0.00248235 8.71756e-05 0.119764
0.00221908 -0.000551554 0.00737671 8.81628e-05 9.43667e-05 0.0918927
0.00651414 -0.00565849 0.00689861 -0.00309706 8.55534e-05 0.119453
0.00651414 -0.00565849 0.0176116 -0.0112726 3.13808e-05 0.00135739
0.0405268 -0.0240839 0.0438179 -0.0249709 2.28316e-05 0.00899481
0.0401368 -0.0258803 0.0405268 -0.0240839 7.38077e-05 0.0227392
0.0352305 -0.0226563 0.0405268 -0.0240839 2.2916e-05 0.00714248
0.0352305 -0.0226563 0.0384951 -0.0218374 9.77861e-05 0.128759
0.0189592 -0.0267379 0.0205122 -0.0283397 0.000243097 0.0904457
0.0189592 -0.0267379 0.0216341 -0.0260669 9.74002e-05 0.0791954
0.0167894 -0.0298705 0.0183164 -0.0268991 3.36073e-05 0.00812276
0.0183164 -0.0268991 0.0189592 -0.0267379 9.70828e-05 0.0725837
0.0170303 -0.0247483 0.0185933 -0.0263604 0.000243234 0.0931517
0.0150887 -0.0254391 0.0170303 -0.0247483 0.000277751 0.600256
0.00714719 -0.0263067 0.00438304 -0.0198564 0.0001063 0.00680327
0.00714719 -0.0263067 0.00866106 -0.0277261 0.000134482 0.0519297
0.0117229 -0.0285531 0.0136947 -0.0290658 4.67096e-05 0.0114947
0.0117229 -0.0285531 0.0141232 -0.0279509 9.72375e-05 0.0719809
0.0100032 -0.0289844 0.012593 -0.0314127 0.000135234 0.0291449
0.0100032 -0.0289844 0.0117229 -0.0285531 9.75465e-05 0.0718297
0.00863331 -0.0277497 0.0087066 -0.0277688 4.68828e-05 0.0112929
0.00863331 -0.0277497 0.00994201 -0.0289998 9.49635e-05 0.0139831
0.00994201 -0.0289998 0.0100032 -0.0289844 9.72402e-05 0.0709464
0.00994201 -0.0289998 0.0124898 -0.0314334 9.48348e-05 0.0135865
0.0306862 -0.0120701 0.0298551 -0.00969057 0.000264255 0.249413
0.0409692 -0.0162308 0.0306862 -0.0120701 8.40363e-05 0.00149641
0.0399979 -0.0214604 0.0411596 -0.021169 9.74345e-05 0.140343
0.0365775 -0.0184109 0.0399979 -0.0214604 0.000149087 0.296349
0.0401368 -0.0258803 0.0438293 -0.0251386 0.000111942 0.221241
0.0383635 -0.0340489 0.0401368 -0.0258803 7.28279e-05 0.0429484
0.000762129 0.0447311 0.00135499 0.0455887 4.93158e-05 0.00192411
0.000762129 0.0447311 -0.00309095 0.0493605 2.63146e-05 3.28151e-05
0.000762129 0.0447311 0.00203864 0.0431975 2.64836e-05 0.000475657
0.00135499 0.0455887 0.00203864 0.0431975 2.14389e-05 9.76584e-05
0.000327051 0.0491842 0.00371968 0.0490092 3.09266e-05 0.000567719
0.0198986 0.0232893 0.0313775 0.0169369 0.000100348 0.0401491
0.0313775 0.0169369 0.0350957 0.0266099 6.62238e-05 0.00785317
0.0394669 0.014854 0.0397398 0.0147875 0.000115755 0.24495
0.0394669 0.014854 0.0398921 0.015084 0.000417563 0.0565425
0.00581157 -0.0250544 0.00716424 -0.0263465 9.45073e-05 0.0262869
0.00581157 -0.0250544 0.00714719 -0.0263067 0.000134548 0.0545766
0.0254374 0.00148353 0.0260859 0.00110009 0.000248748 0.304414
0.025707 0.00218477 0.0254374 0.00148353 6.67187e-05 0.00348123
0.0256477 0.00235438 0.0257784 0.00237058 9.60589e-05 0.0724257
0.0253302 0.00326358 0.0256477 0.00235438 0.000267046 0.282358
0.0131918 0.0485206 0.0145618 0.0497459 0.000161201 0.00106457
0.0117214 0.0485964 0.0131918 0.0485206 3.09266e-05 3.58867e-05
0.0121161 0.00794934 0.0138625 0.00184068 2.17585e-05 0.00273945
0.00837422 0.00673381 0.0138625 0.00184068 0.000148975 0.15254
0.0144448 0.00132159 0.0203295 0.00450413 0.000437826 0.339786
0.0138625 0.00184068 0.0144448 0.00132159 0.000148814 0.152666
0.0259314 -0.00468961 0.0284573 -0.00568901 0.000115593 0.04227
0.0259314 -0.00468961 0.0283644 -0.00542305 0.000237375 0.209041
0.023443 -0.00370508 0.0259314 -0.00468961 0.000119285 0.0506235
0.023443 -0.00370508 0.0254374 0.00148353 6.74018e-05 0.00508344
0.017402 -0.00131493 0.023443 -0.00370508 0.000119996 0.0500115
0.0147961 0.00100841 0.017402 -0.00131493 0.000153351 0.0712832
0.0245446 -0.01478 0.0267548 -0.0104793 3.33002e-05 0.00938233
0.0267548 -0.0104793 0.0284509 -0.0111656 8.49168e-05 0.0172543
0.0267548 -0.0104793 0.0270459 -0.00991294 3.37967e-05 0.00694664
0.0253428 -0.00839457 0.0270459 -0.00991294 0.000146037 0.00601971
0.0266737 -0.015857 0.0267349 -0.015888 3.14822e-05 0.00290148
0.026667 -0.0158706 0.0266737 -0.015857 7.37364e-05 0.0448949
0.0245446 -0.01478 0.0266737 -0.015857 3.14378e-05 0.00225619
0.0242964 -0.0152629 0.0245446 -0.01478 3.33647e-05 0.00952313
0.0169039 -0.0356497 0.0169698 -0.0355163 7.25937e-05 0.0460104
0.0169698 -0.0355163 0.0273164 -0.0452172 0.000133521 0.0351551
0.021715 -0.0295804 0.0227844 -0.0293656 0.000112297 0.1208
0.021715 -0.0295804 0.0233188 -0.0312346 0.000241822 0.0780955
-0.00179886 0.0249024 0.00367248 0.0235701 0.000118091 0.0711066
-0.00179886 0.0249024 -0.000396682 0.0265571 0.0002283 0.318359
-0.00592698 0.0200308 0.00904148 0.0111793 0.000244259 0.364498
-0.00592698 0.0200308 -0.00179886 0.0249024 0.000228185 0.300105
-0.0158391 0.0283212 -0.0126117 0.0254439 0.000153462 0.120326
-0.0126117 0.0254439 -0.0125074 0.0255371 0.000168931 0.203386
-0.00815148 0.0012256 -0.00570439 0.000522754 6.6876e-05 0.0444353
-0.00815148 0.0012256 -0.00550027 -0.00150901 0.000245486 0.180156
-0.0198142 0.00364269 -0.0198871 0.00459629 7.60743e-05 0.0113274
-0.0198142 0.00364269 -0.0191786 0.00439278 0.000228548 0.427171
-0.0228853 0.00545744 -0.0205196 0.00281026 0.000257839 0.287547
-0.0205196 0.00281026 -0.0198142 0.00364269 0.000228653 0.425219
0.0135888 0.000858667 0.014069 0.00111839 0.00044016 0.312948
0.0135888 0.000858667 0.0141243 0.000925088 9.78596e-05 0.0243698
0.0123094 0.00069998 0.0135888 0.000858667 9.44133e-05 0.0444417
0.0123094 0.00069998 0.0128788 0.000474693 0.000117754 0.116514
0.00873655 0.00914773 0.00837422 0.00673381 8.49351e-05 0.0229745
0.0036393 0.0109552 0.00837422 0.00673381 0.000149029 0.147677
-0.0168351 0.00715826 -0.0120106 0.00520616 8.70844e-05 0.0508997
-0.0168351 0.00715826 -0.0161305 0.00798981 0.00022842 0.432135
0.01489 -0.0335663 0.0163886 -0.0306503 3.39128e-05 0.00844032
0.0163886 -0.0306503 0.0183068 -0.030265 0.000111917 0.095343
0.01489 -0.0335663 0.0169698 -0.0355163 0.000134924 0.0313976
0.014835 -0.0336735 0.01489 -0.0335663 3.36218e-05 0.00954815
-0.0161305 0.00798981 -0.0141226 0.00738455 0.00024217 0.46077
-0.0161305 0.00798981 -0.0154677 0.00877195 0.00023055 0.462175
0.0218346 0.0194136 0.0243782 0.0185281 0.000199981 0.203412
0.0181373 0.0238556 0.0218346 0.0194136 2.63981e-05 0.00175007
0.00367658 0.0374684 0.00498158 0.0329039 2.24027e-05 0.00184209
0.00664838 0.0348709 0.00498158 0.0329039 0.00023654 0.0237521
0.00498158 0.0329039 0.00493436 0.0328482 0.00023528 0.0240173
0.0282438 0.00878432 0.0299248 0.00969347 0.000433612 0.434147
0.0290139 0.0107879 0.0282438 0.00878432 6.60076e-05 0.00452723
0.025707 0.00218477 0.0260859 0.00110009 0.000267087 0.266581
0.0260859 0.00110009 0.0311627 -0.00190211 0.000247825 0.494114
0.0284573 -0.00568901 0.0283644 -0.00542305 0.000263512 0.205603
0.0284573 -0.00568901 0.0290883 -0.00593867 0.000116824 0.114878
0.0290883 -0.00593867 0.0292206 -0.00568115 3.39678e-05 0.0145224
0.0292206 -0.00568115 0.0313759 -0.00633085 0.000237876 0.540201
0.0270459 -0.00991294 0.0284509 -0.0111656 0.000146388 0.00575287
0.0284509 -0.0111656 0.0288998 -0.0113472 8.47903e-05 0.0201355
0.0288249 -0.011499 0.0288998 -0.0113472 7.347e-05 0.0402392
0.0288998 -0.0113472 0.0306862 -0.0120701 8.51802e-05 0.0205306
0.0221123 0.0190799 0.0290139 0.0107879 2.71418e-05 0.00357562
0.0303184 0.0141817 0.0290139 0.0107879 6.67558e-05 0.00434206
0.00135499 0.0455887 0.00371968 0.0490092 4.90628e-05 0.00183027
0.00135499 0.0455887 0.000327051 0.0491842 2.13905e-05 0.000140135
-0.00309095 0.0493605 0.000327051 0.0491842 3.09266e-05 0.000470794
0.0257784 0.00237058 0.0260267 0.00301657 6.68652e-05 0.00646736
0.0257784 0.00237058 0.027312 0.0025608 9.60678e-05 0.0735594
0.025707 0.00218477 0.0257784 0.00237058 6.72346e-05 0.0080615
0.0256477 0.00235438 0.025707 0.00218477 0.000267108 0.269458
0.0283644 -0.00542305 0.0292206 -0.00568115 0.000237881 0.539215
0.0260859 0.00110009 0.0283644 -0.00542305 0.000265622 0.0921197
0.0290883 -0.00593867 0.0311641 -0.00675996 0.000116797 0.114834
0.0287646 -0.00656861 0.0290883 -0.00593867 3.38073e-05 0.014346
