# time=300000
x1 y1 x2 y2 aperture velocity
0.0443843 -0.00631477 0.05 -0.010437 5.39029e-05 0.0246051
0.0440694 -0.0250904 0.05 -0.0303778 0.000156133 0.357453
-0.05 0.000316541 -0.04286 -0.00160796 2.22582e-05 0.0036892
-0.05 -0.0312056 -0.04959 -0.0314953 0.000299291 0.327487
0.0474957 0.00801726 0.05 0.0066314 0.000110816 0.185772
0.0458809 0.000579001 0.05 -0.00302134 0.000188013 0.358997
-0.05 0.0299759 -0.0423835 0.0272751 0.00012759 0.121171
-0.05 -0.0125039 -0.0419318 -0.0146018 4.557e-05 0.0143694
0.0450408 -0.0429945 0.05 -0.0416201 9.73177e-05 0.224067
0.0477065 0.0302897 0.05 0.0347524 3.30349e-05 0.0120346
-0.05 -0.043985 -0.0489825 -0.0437807 0.000110552 0.0427504
-0.05 0.0229315 -0.0399407 0.0178426 3.11145e-05 0.00674671
-0.05 0.0272741 -0.046455 0.0239504 0.000135306 0.104406
-0.05 -0.00702845 -0.0488496 -0.00688577 9.37863e-05 0.0664481
0.0497351 -0.0141077 0.05 -0.014426 2.81152e-05 0.00681988
0.0490599 0.0294953 0.05 0.0313998 7.35819e-05 0.0747447
-0.05 0.025353 -0.046455 0.0239504 0.000115618 0.0971697
-0.05 0.0444191 -0.0461801 0.0430894 0.000214678 0.374035
-0.05 0.0366396 -0.0228218 0.0300215 0.00011606 0.109273
-0.05 0.0132453 -0.0320246 0.00808241 6.46759e-05 0.0311393
-0.05 0.00378124 -0.039767 0.00115824 2.26532e-05 0.00384029
0.0487448 0.0137711 0.05 0.0195529 7.37303e-05 0.035516
-0.05 -0.0286948 -0.0496576 -0.0281995 4.88291e-05 0.0085825
-0.05 -0.0319792 -0.04959 -0.0314953 0.000231343 0.154905
-0.05 0.0181997 -0.0357353 0.0138996 0.000284848 0.606702
-0.05 -0.027879 -0.0496576 -0.0281995 0.000101619 0.0477156
-0.05 -0.00799343 -0.0488104 -0.00692954 0.00016777 0.159726
-0.05 -0.00560268 -0.0488496 -0.00688577 4.70573e-05 0.0112527
0.0487448 0.0137711 0.05 0.0125904 7.396e-05 0.122702
-0.05 -0.0440359 -0.0489825 -0.0437807 9.49983e-05 0.0312302
-0.05 -0.0299924 -0.048906 -0.0306882 0.000109709 0.0586579
-0.05 0.0415005 -0.0461801 0.0430894 3.30736e-05 0.00867993
0.0453562 -0.0476437 0.05 -0.044689 8.32983e-05 0.152544
-0.05 -0.00877678 -0.0433793 -0.0129873 2.93384e-05 0.00518484
-0.05 0.0282563 -0.0448113 0.0233 9.36144e-05 0.0496437
-0.05 0.0205776 -0.0374354 0.0154937 8.4088e-05 0.0512008
0.0490599 0.0294953 0.05 0.0289434 3.6492e-05 0.0358185
0.0429283 0.0469867 0.05 0.046622 3.09266e-05 0.0243571
-0.05 0.0460933 -0.0454404 0.043397 0.000295077 0.643861
-0.0228246 0.0430204 -0.0224412 0.042739 6.17771e-05 0.0128029
-0.0224412 0.042739 -0.0228816 0.0437668 0.000125181 0.023591
0.0101839 0.0187903 0.0232593 0.00919225 5.16394e-05 0.0129076
0.0205138 0.0170522 0.0232593 0.00919225 0.00029992 0.511202
0.0348415 0.000690202 0.0369482 -0.000856241 5.37877e-05 0.0269788
0.0369482 -0.000856241 0.0394415 -0.00174035 0.000138802 0.182934
0.0369482 -0.000856241 0.0414656 -0.00417222 5.43422e-05 0.0243515
0.0394415 -0.00174035 0.0414656 -0.00417222 2.84185e-05 0.00538322
0.0414656 -0.00417222 0.0443843 -0.00631477 5.43156e-05 0.0245785
0.0441494 -0.00739678 0.0443843 -0.00631477 8.00393e-05 0.010792
-0.0221296 0.0339296 -0.0165246 0.0289324 0.000196202 0.178214
-0.0184557 0.0334386 -0.0165246 0.0289324 0.000128313 0.0162646
0.0438103 -0.0248594 0.0439864 -0.0250164 0.000156943 0.349397
0.0439864 -0.0250164 0.0441792 -0.0250683 2.37001e-05 0.0105371
0.0439864 -0.0250164 0.0440694 -0.0250904 0.000156548 0.350401
0.0440694 -0.0250904 0.0441792 -0.0250683 0.000117459 0.265591
0.0017112 -0.0136216 -0.000285636 -0.00896189 0.00010735 0.00754155
0.0017112 -0.0136216 0.0051786 -0.0145562 2.27051e-05 0.00333323
0.00787526 -0.0280057 0.00765677 -0.0274958 0.000111594 0.00148523
0.00722648 -0.0282365 0.00787526 -0.0280057 0.00029268 0.638784
0.0111578 -0.0356656 0.0123643 -0.038481 0.000104588 0.00222892
0.00850765 -0.0459855 0.0123643 -0.038481 3.30298e-05 0.000327281
0.0123643 -0.038481 0.0138245 -0.0418884 0.000104585 0.00202448
0.011015 -0.0475801 0.0138245 -0.0418884 7.20998e-05 0.000331514
-0.0189195 -0.00806083 -0.00964767 -0.0105599 2.24819e-05 0.00265308
-0.0189195 -0.00806083 -0.0192217 -0.00410808 7.40425e-05 0.00896637
-0.0313376 -0.00471369 -0.0277213 -0.00568841 2.27375e-05 0.00362943
-0.0313376 -0.00471369 -0.0263736 -0.00409799 9.54514e-05 0.0664696
-0.0330937 -0.00424034 -0.0313376 -0.00471369 2.29038e-05 0.0036239
-0.0330937 -0.00424034 -0.0309279 -0.00110746 5.00736e-05 0.0113708
-0.04286 -0.00160796 -0.0330937 -0.00424034 2.2576e-05 0.00347188
-0.04286 -0.00160796 -0.039767 0.00115824 0.000166366 0.160009
0.0331156 -0.0190251 0.0325395 -0.0173759 0.000278253 0.249424
0.0330102 -0.0190626 0.0331156 -0.0190251 0.000291511 0.689888
0.0383635 -0.0340489 0.0389133 -0.0356231 0.000268262 0.0513697
0.0389133 -0.0356231 0.0446417 -0.0371126 4.73891e-05 0.0514113
0.0389133 -0.0356231 0.0418017 -0.0438922 0.000268558 0.0494212
0.0369058 -0.045249 0.0418017 -0.0438922 9.74383e-05 0.229935
-0.0359186 -0.0411567 -0.0355098 -0.0414455 0.00027018 0.195733
-0.0359186 -0.0411567 -0.035836 -0.0411401 0.000113135 0.0695884
-0.04959 -0.0314953 -0.0366005 -0.0406747 0.000271573 0.213738
-0.04959 -0.0314953 -0.048906 -0.0306882 0.000261547 0.289832
0.0331156 -0.0190251 0.0355687 -0.0181523 0.00029129 0.345176
0.0355687 -0.0181523 0.0365775 -0.0184109 2.46399e-05 0.00655977
0.0360825 -0.0179695 0.0409692 -0.0162308 0.000291 0.154578
0.0409692 -0.0162308 0.0421297 -0.0167004 8.96797e-05 0.163522
0.0409692 -0.0162308 0.0423373 -0.015744 0.000291137 0.103767
0.0423373 -0.015744 0.0421297 -0.0167004 7.72782e-05 0.144475
0.0179605 0.0243618 0.0198986 0.0232893 0.000112401 0.0549754
0.017648 0.0252564 0.0198986 0.0232893 0.00019125 0.124242
0.0372793 0.0136709 0.0387482 0.0128581 0.000112273 0.198758
0.0387482 0.0128581 0.0366047 0.00868707 3.5989e-05 0.00342925
0.0387482 0.0128581 0.0403972 0.0119455 0.000111503 0.200185
0.0403972 0.0119455 0.0381305 0.00735337 8.22136e-05 0.00617583
0.0403972 0.0119455 0.0474957 0.00801726 0.000111722 0.194842
0.0468369 0.00498253 0.0474957 0.00801726 8.22143e-05 0.00322476
-0.0179426 -0.0208395 -0.0189195 -0.00806083 7.53228e-05 0.00875865
-0.0179426 -0.0208395 0.00340241 -0.0263896 4.65541e-05 0.0114889
-0.0162276 -0.043272 -0.0166847 -0.0372934 7.50043e-05 0.00500867
0.0257193 0.0182016 0.0259861 0.0179684 0.000186746 0.136306
0.0259861 0.0179684 0.031091 0.0161914 0.000219202 0.225271
0.0259861 0.0179684 0.0303184 0.0141817 0.000191103 0.179333
0.031091 0.0161914 0.0303184 0.0141817 7.27871e-05 0.00716365
0.0303184 0.0141817 0.0333401 0.0115405 0.000190139 0.180737
0.0333401 0.0115405 0.0372793 0.0136709 0.000475171 0.450737
0.0381305 0.00735337 0.0415878 0.00433147 0.000191375 0.406208
0.0415878 0.00433147 0.0468369 0.00498253 0.000110931 0.161812
0.0415878 0.00433147 0.0458809 0.000579001 0.000188455 0.366
0.0458809 0.000579001 0.0449531 -0.0036948 7.88363e-05 0.00215224
0.0121161 0.00794934 0.0180793 0.00583476 0.000131702 0.105452
0.0116303 0.00964834 0.0121161 0.00794934 2.29331e-05 0.00217687
-0.0423835 0.0272751 -0.0210423 0.0197074 0.000146122 0.170234
-0.05 0.0357977 -0.0423835 0.0272751 0.000290759 0.444853
-0.0405122 -0.0149709 -0.0400859 -0.0150818 4.56811e-05 0.0145138
-0.0405122 -0.0149709 -0.0404352 -0.0148596 4.94291e-05 0.0102885
-0.0419318 -0.0146018 -0.0405122 -0.0149709 4.61126e-05 0.0148487
-0.0419318 -0.0146018 -0.0409862 -0.0156566 4.70573e-05 0.0105633
0.0418017 -0.0438922 0.0450408 -0.0429945 9.74936e-05 0.365941
0.0450408 -0.0429945 0.0453562 -0.0476437 0.00042864 0.0296442
0.0397398 0.0147875 0.0390393 0.0134246 3.49288e-05 0.014036
0.0397398 0.0147875 0.041579 0.0143397 0.00012042 0.274506
0.0398921 0.015084 0.0423221 0.0198124 3.33684e-05 0.00199529
0.0350957 0.0266099 0.0423221 0.0198124 7.50001e-05 0.0144013
0.0423221 0.0198124 0.0477065 0.0302897 3.46101e-05 0.0162291
0.0385714 0.0356521 0.0477065 0.0302897 3.56877e-05 0.0180904
-0.0489825 -0.0437807 -0.0359186 -0.0411567 0.000109702 0.0421397
-0.0489825 -0.0437807 -0.0366005 -0.0406747 9.59976e-05 0.0319815
-0.0399407 0.0178426 -0.0381487 0.0169361 3.1501e-05 0.00695389
-0.0399407 0.0178426 -0.0374354 0.0154937 0.000134212 0.102726
-0.046455 0.0239504 -0.0399407 0.0178426 0.000134309 0.10272
-0.046455 0.0239504 -0.0448113 0.0233 0.000116487 0.0992822
-0.0487472 -0.00687306 -0.0336164 -0.00499634 9.60119e-05 0.0666947
-0.0487472 -0.00687306 -0.04286 -0.00160796 0.000166523 0.159836
-0.0488496 -0.00688577 -0.0487472 -0.00687306 9.35865e-05 0.0663516
-0.0488496 -0.00688577 -0.0488104 -0.00692954 4.76543e-05 0.01158
0.0441494 -0.00739678 0.0472434 -0.0111141 2.90193e-05 0.00561662
0.0472434 -0.0111141 0.05 -0.011945 0.000266116 0.703425
0.0472434 -0.0111141 0.0477308 -0.0116996 2.97579e-05 0.00596688
0.0477308 -0.0116996 0.05 -0.0130415 0.000254336 0.575807
0.0477308 -0.0116996 0.0497351 -0.0141077 2.80801e-05 0.00500685
0.0497351 -0.0141077 0.05 -0.0142125 0.000122123 0.187011
0.0426945 0.0165995 0.0436595 0.0185545 7.3849e-05 0.0283335
0.0423221 0.0198124 0.0436595 0.0185545 7.23836e-05 0.0080818
0.0436595 0.0185545 0.0490599 0.0294953 7.37013e-05 0.0813719
0.0477065 0.0302897 0.0490599 0.0294953 3.65565e-05 0.0221501
0.0243782 0.0185281 0.0259861 0.0179684 0.000222559 0.261487
0.0243782 0.0185281 0.0257193 0.0182016 0.000128564 0.0910391
-0.0461801 0.0430894 -0.0431173 0.0420233 0.000214729 0.373454
-0.0461801 0.0430894 -0.0454404 0.043397 3.67288e-05 0.0106905
0.0160235 -0.00571791 0.0147674 -0.00132426 2.13905e-05 0.000286855
0.0160235 -0.00571791 0.0220085 -0.00743691 6.65111e-05 0.00724468
0.018314 -0.0137295 0.0176116 -0.0112726 2.16287e-05 0.00307056
0.018314 -0.0137295 0.0194753 -0.0140272 2.29649e-05 0.0026108
0.0188582 -0.0156327 0.018314 -0.0137295 2.21052e-05 0.00229174
0.0188582 -0.0156327 0.0194753 -0.0140272 6.86548e-05 0.0417027
0.0233188 -0.0312346 0.0227844 -0.0293656 2.22044e-05 0.00188524
0.0233188 -0.0312346 0.0237512 -0.0316807 0.000251039 0.0838898
0.0273164 -0.0452172 0.0274652 -0.0457378 2.17967e-05 0.000401634
0.0274652 -0.0457378 0.0291917 -0.0473869 9.39773e-05 0.0178914
0.0274652 -0.0457378 0.0280288 -0.0477092 2.15118e-05 0.00108393
0.0106464 0.0218719 0.0173765 0.0202331 0.00012555 0.0642559
0.0106464 0.0218719 0.0108513 0.0232368 9.21768e-05 0.0179379
-0.0228218 0.0300215 -0.021812 0.0297757 0.000127921 0.145611
-0.0228218 0.0300215 -0.0217839 0.0294078 0.000262613 0.487852
-0.0228853 0.00545744 -0.0198871 0.00459629 7.3577e-05 0.0443258
-0.024861 0.00766809 -0.0228853 0.00545744 0.000283512 0.340711
-0.0275275 0.00679075 -0.0258088 0.00629711 7.25633e-05 0.0367832
-0.0275275 0.00679075 -0.0262868 0.00560566 9.93465e-05 0.047097
-0.0320246 0.00808241 -0.0284296 0.00704984 6.66753e-05 0.0301133
-0.0320246 0.00808241 -0.0307483 0.00922386 0.000165813 0.160601
-0.0128852 -0.00573227 -0.000285636 -0.00896189 2.3584e-05 0.00389307
-0.015546 -0.00275501 -0.0128852 -0.00573227 0.00026589 0.172751
-0.0192217 -0.00410808 -0.0155158 -0.00505798 2.29408e-05 0.00275518
-0.0192217 -0.00410808 -0.0192896 -0.00321934 7.42035e-05 0.00910475
-0.0215804 -0.00350347 -0.0192217 -0.00410808 2.46834e-05 0.00303515
-0.0215804 -0.00350347 -0.0192896 -0.00321934 0.00010542 0.0654957
-0.0309279 -0.00110746 -0.0251044 -0.00260018 2.30671e-05 0.00368658
-0.0309279 -0.00110746 -0.0265237 0.00526295 4.96586e-05 0.0114344
-0.039767 0.00115824 -0.0309279 -0.00110746 2.30519e-05 0.00362132
-0.039767 0.00115824 -0.0320246 0.00808241 0.000166263 0.160129
0.0487448 0.0137711 0.0485023 0.0126538 7.39623e-05 0.0207607
0.0446268 0.0176446 0.0487448 0.0137711 7.40373e-05 0.178682
-0.0496576 -0.0281995 -0.0409862 -0.0156566 4.92481e-05 0.00990525
-0.0496576 -0.0281995 -0.0480626 -0.0296929 0.000101517 0.0470867
-0.0141226 0.00738455 -0.00627716 0.00501956 0.000283486 0.698489
-0.0141226 0.00738455 -0.0120106 0.00520616 0.000263006 0.212321
-0.0346169 0.0135625 -0.0284738 0.0117107 0.00027647 0.581067
-0.0346169 0.0135625 -0.0304004 0.00953495 0.000110816 0.0671179
-0.0357353 0.0138996 -0.0346169 0.0135625 0.000278192 0.58717
-0.0357353 0.0138996 -0.0307483 0.00922386 0.000161035 0.143416
0.0119722 -0.0335468 0.0127054 -0.0316394 6.78732e-05 0.0345728
0.0104497 -0.0318432 0.0119722 -0.0335468 0.000255768 0.022587
0.00744961 -0.0453126 0.0111578 -0.0356656 6.48597e-05 0.00147778
0.00744961 -0.0453126 0.00850765 -0.0459855 2.93384e-05 0.00118316
-0.0488104 -0.00692954 -0.0487472 -0.00687306 0.000167669 0.1599
-0.0488104 -0.00692954 -0.0433793 -0.0129873 4.85931e-05 0.0110885
0.0119722 -0.0335468 0.0138311 -0.0356268 0.000253492 0.0151069
0.0123643 -0.038481 0.0138311 -0.0356268 3.30299e-05 0.000974781
0.0138311 -0.0356268 0.0158179 -0.0378499 0.000252827 0.0139387
0.0138245 -0.0418884 0.0158179 -0.0378499 7.21004e-05 0.00326813
-0.0154677 0.00877195 -0.0141226 0.00738455 0.000305907 0.363078
-0.0154677 0.00877195 -0.0136158 0.0109574 0.000233913 0.310159
-0.0200574 0.0135061 -0.0154677 0.00877195 0.000281216 0.125796
-0.0200574 0.0135061 -0.0136158 0.0109574 0.000124775 0.060069
-0.020612 0.0140781 -0.0205055 0.0139682 0.000278913 0.0495511
-0.0209133 0.0180196 -0.020612 0.0140781 8.00006e-05 0.048061
0.0438103 -0.0248594 0.0438179 -0.0249709 0.000442701 0.00379682
0.0429468 -0.0240894 0.0438103 -0.0248594 0.000156681 0.333149
0.0434931 -0.0201836 0.0435198 -0.020577 0.000445798 0.000607263
0.0434931 -0.0201836 0.044282 -0.0203858 2.26532e-05 0.00849128
-0.0336307 -0.0427735 -0.0312417 -0.0419235 0.00029532 0.51517
-0.0332804 -0.0406268 -0.0312417 -0.0419235 0.000111641 0.0379483
-0.0332804 -0.0406268 -0.0208395 -0.0381279 0.000116054 0.0795751
-0.048906 -0.0306882 -0.0429602 -0.03447 0.00012929 0.0510161
-0.048906 -0.0306882 -0.0480626 -0.0296929 0.000256742 0.29463
0.00695375 -0.00272968 0.00723125 -0.00257961 0.000467888 0.0658819
0.00699088 -0.00248235 0.00695375 -0.00272968 9.69104e-05 0.125647
0.00649095 -0.00297997 0.00695375 -0.00272968 0.000461281 0.021797
0.00689861 -0.00309706 0.00649095 -0.00297997 7.12052e-05 0.0493183
0.00116224 -0.0413141 0.00744961 -0.0453126 2.98159e-05 0.0043789
0.00116224 -0.0413141 0.00233931 -0.0334722 8.32778e-05 0.000501008
-0.00984838 -0.0343117 -0.00792624 -0.0355342 3.13406e-05 0.00386445
-0.0167256 -0.0367587 -0.00984838 -0.0343117 0.000293938 0.528687
-0.0172736 -0.0295896 -0.0102404 -0.0340624 3.06638e-05 0.00382616
-0.0172736 -0.0295896 -0.0179426 -0.0208395 7.61182e-05 0.00782948
-0.0400859 -0.0150818 -0.0372237 -0.016902 2.93955e-05 0.0052066
-0.0400859 -0.0150818 -0.0364765 -0.0160203 4.57749e-05 0.0145891
-0.0404352 -0.0148596 -0.0400859 -0.0150818 2.97034e-05 0.00531441
-0.0404352 -0.0148596 -0.0336164 -0.00499634 4.93481e-05 0.0104291
-0.0433793 -0.0129873 -0.0404352 -0.0148596 2.99777e-05 0.00546955
-0.0433793 -0.0129873 -0.0419318 -0.0146018 4.78615e-05 0.0110104
-0.0360532 0.0149344 -0.0346169 0.0135625 9.42255e-05 0.0503001
-0.0360532 0.0149344 -0.0286934 0.0119564 8.5192e-05 0.0533151
-0.0381487 0.0169361 -0.0360532 0.0149344 9.475e-05 0.0507899
-0.0381487 0.0169361 -0.0290135 0.0123146 3.15566e-05 0.00702398
-0.0448113 0.0233 -0.0381487 0.0169361 9.48504e-05 0.0507635
-0.0448113 0.0233 -0.0355598 0.0196396 0.000115731 0.098483
-0.0374354 0.0154937 -0.0360532 0.0149344 8.49175e-05 0.0526304
-0.0374354 0.0154937 -0.0357353 0.0138996 0.000133742 0.101862
0.0173765 0.0202331 0.0205138 0.0170522 0.000559514 0.314849
0.0205138 0.0170522 0.019591 0.0196938 0.000299147 0.0763582
-0.0103577 0.0497353 -0.00309095 0.0493605 3.09266e-05 0.000414461
0.0180047 0.0482723 0.0429283 0.0469867 3.09266e-05 0.00604523
-0.0431173 0.0420233 -0.0228218 0.0300215 0.000266068 0.50386
-0.0431173 0.0420233 -0.0235794 0.0352221 0.000248527 0.543528
-0.0454404 0.043397 -0.0431173 0.0420233 0.00029474 0.641077
-0.0454404 0.043397 -0.0367862 0.0469967 4.08223e-05 0.0350281
-0.0313319 0.0492653 -0.0228246 0.0430204 4.92662e-05 0.00448326
-0.0228246 0.0430204 -0.0228816 0.0437668 8.72217e-05 0.0333303
-0.0228816 0.0437668 -0.0246774 0.0479573 0.000125554 0.0290156
-0.0228816 0.0437668 -0.0231368 0.0471047 8.37461e-05 0.0264754
0.00367248 0.0235701 0.00870661 0.0198747 5.47022e-05 0.0135746
0.00794775 0.022529 0.00870661 0.0198747 2.24131e-05 0.00118045
0.00870661 0.0198747 0.0101839 0.0187903 5.32077e-05 0.0138611
0.0106464 0.0218719 0.0101839 0.0187903 9.00724e-05 0.00401633
0.0315732 0.00308933 0.0331377 0.0019409 5.46318e-05 0.0261682
0.0325092 0.000717867 0.0331377 0.0019409 3.42317e-05 0.00015278
0.0331377 0.0019409 0.0348415 0.000690202 5.43348e-05 0.0262512
0.0345057 9.88431e-06 0.0348415 0.000690202 7.99587e-05 0.000895478
0.0394415 -0.00174035 0.0449531 -0.0036948 0.000138318 0.183859
0.0358009 0.00263369 0.0394415 -0.00174035 2.8128e-05 0.00684595
0.0437291 -0.00933319 0.0441494 -0.00739678 8.24684e-05 0.0107372
0.0414656 -0.00417222 0.0441494 -0.00739678 2.7566e-05 0.0051258
-0.0235794 0.0352221 -0.0221296 0.0339296 0.000200788 0.177045
-0.0221296 0.0339296 -0.0221915 0.034739 9.74752e-05 0.0235765
-0.0184557 0.0334386 -0.0224412 0.042739 0.000127316 0.0219266
-0.0184557 0.0334386 -0.00925826 0.030237 0.000240858 0.39311
0.0441792 -0.0250683 0.0456829 -0.0254736 2.41175e-05 0.0107945
0.0441792 -0.0250683 0.0446821 -0.0249673 0.000117461 0.265498
-0.0140892 0.0232492 -0.0110535 0.0161654 0.000116429 0.0400865
-0.0110535 0.0161654 -0.00963023 0.0156607 0.000135437 0.135408
-0.00416004 7.91886e-05 -0.00517119 0.00243874 0.000112972 0.0161923
-0.00416004 7.91886e-05 -0.00070239 -0.000913913 7.18434e-05 0.062209
-0.000285636 -0.00896189 -0.00187863 -0.00524458 0.000106427 0.00771147
-0.000285636 -0.00896189 0.00239031 -0.00964781 2.30833e-05 0.0034957
0.0282205 -0.0207668 0.034296 -0.0224044 2.33965e-05 0.0041217
0.0234044 -0.0224804 0.0282205 -0.0207668 0.000291609 0.690249
0.0196669 -0.0184613 0.0222895 -0.0191682 2.26815e-05 0.00232144
0.0196669 -0.0184613 0.0188582 -0.0156327 2.23751e-05 0.00245096
0.00784604 -0.0152752 0.0179489 -0.0179983 2.28681e-05 0.00372184
0.00784604 -0.0152752 0.0158301 -0.0235104 0.000254745 0.135427
0.0051786 -0.0145562 0.00784604 -0.0152752 2.29915e-05 0.00313459
0.0051786 -0.0145562 0.00544276 -0.0127963 8.69061e-05 0.0391151
0.00765677 -0.0274958 0.00716424 -0.0263465 0.000109697 0.00160684
0.00765677 -0.0274958 0.00861096 -0.0277439 4.82301e-05 0.0137414
-0.00984838 -0.0343117 -0.00653594 -0.0331332 0.0002937 0.529246
-0.00653594 -0.0331332 0.00273943 -0.0308065 0.000102947 0.0646175
0.0028938 -0.0297781 0.00722648 -0.0282365 0.000293559 0.531899
0.00623387 -0.0271258 0.00722648 -0.0282365 0.000265229 0.171553
0.00866303 -0.0298439 0.00846053 -0.0293714 0.000111701 0.0228109
0.00828097 -0.0294164 0.00866303 -0.0298439 0.000264216 0.0495507
0.00959347 -0.0320152 0.0111578 -0.0356656 0.000110906 0.00483561
0.0111578 -0.0356656 0.0119722 -0.0335468 6.83582e-05 0.00583732
0.00850765 -0.0459855 0.011015 -0.0475801 2.93384e-05 0.000814702
-0.0092509 -0.0106669 -0.00822913 -0.0109423 2.50308e-05 0.00376678
-0.0092509 -0.0106669 -0.00395127 -0.015729 0.000101306 0.0310465
-0.00964767 -0.0105599 -0.0092509 -0.0106669 2.45665e-05 0.0030254
-0.00964767 -0.0105599 -0.00300402 -0.016789 0.000144894 0.063974
-0.0277213 -0.00568841 -0.0189195 -0.00806083 2.36217e-05 0.00270142
-0.0277213 -0.00568841 -0.0263736 -0.00409799 0.000250869 0.307884
-0.0263736 -0.00409799 -0.0215804 -0.00350347 0.000105614 0.0653278
-0.0263736 -0.00409799 -0.0251044 -0.00260018 0.000248034 0.309167
0.0241711 0.00658176 0.0253302 0.00326358 0.000285971 0.3628
0.0253302 0.00326358 0.0260267 0.00301657 0.000139355 0.156918
0.0298551 -0.00969057 0.0297981 -0.00952739 0.000279243 0.269199
0.0298551 -0.00969057 0.0428417 -0.0134206 6.9067e-05 0.0314526
0.0325395 -0.0173759 0.0312384 -0.0136508 0.000277819 0.249962
0.0325395 -0.0173759 0.0355687 -0.0181523 2.34029e-05 0.000869497
0.0282205 -0.0207668 0.0330102 -0.0190626 0.000291523 0.690346
0.0330102 -0.0190626 0.0331542 -0.0191354 3.33811e-05 0.0074027
0.0358135 -0.0267486 0.0383635 -0.0340489 0.000268505 0.0492827
0.0380694 -0.0354037 0.0383635 -0.0340489 7.50573e-05 0.0529777
0.0446417 -0.0371126 0.05 -0.0385058 4.65812e-05 0.0476827
0.0450408 -0.0429945 0.0446417 -0.0371126 0.000422265 0.0027578
0.0358697 -0.0455362 0.0369058 -0.045249 9.5655e-05 0.0517609
-0.0355098 -0.0414455 -0.0336307 -0.0427735 0.000270264 0.194512
-0.0355098 -0.0414455 -0.0339645 -0.0428923 0.000103224 0.0246551
-0.035836 -0.0411401 -0.0332804 -0.0406268 0.000112933 0.0715984
-0.035836 -0.0411401 -0.0355098 -0.0414455 0.000104081 0.0214393
-0.0366005 -0.0406747 -0.0359186 -0.0411567 0.000270969 0.207157
-0.0366005 -0.0406747 -0.0363896 -0.0406218 9.83155e-05 0.0506764
0.0414853 -0.0196689 0.0434931 -0.0201836 2.41451e-05 0.0191786
0.0414853 -0.0196689 0.0411596 -0.021169 7.55188e-05 0.065478
0.0365775 -0.0184109 0.0414853 -0.0196689 2.44518e-05 0.00741159
0.0360825 -0.0179695 0.0365775 -0.0184109 0.00015645 0.333384
0.0355687 -0.0181523 0.0360825 -0.0179695 0.000291181 0.34482
0.0360825 -0.0179695 0.0312384 -0.0136508 0.000155849 0.0209484
0.0421297 -0.0167004 0.0485758 -0.0193087 9.03233e-05 0.2281
0.0421297 -0.0167004 0.0414853 -0.0196689 7.54831e-05 0.0692428
0.00770911 0.0300349 0.0115525 0.027908 0.000113993 0.0155904
0.0115525 0.027908 0.0119076 0.030274 8.72369e-05 0.000279142
0.0175072 0.0246126 0.0179605 0.0243618 0.00010875 0.0209322
0.017648 0.0252564 0.0179605 0.0243618 0.000286808 0.0446029
-0.00126987 0.0417919 0.00223883 0.0387251 0.00017594 0.00681206
0.00223883 0.0387251 0.00309769 0.0394932 0.000161562 0.0651084
0.00367658 0.0374684 0.00664838 0.0348709 0.000210899 0.186594
0.00664838 0.0348709 0.00781914 0.0362525 0.000284433 0.0522465
0.0119076 0.030274 0.015165 0.0274268 0.000204605 0.0636054
0.0120432 0.0311774 0.015165 0.0274268 2.63189e-05 0.000959689
0.015165 0.0274268 0.017648 0.0252564 0.000202129 0.0643605
0.0131062 0.0382591 0.017648 0.0252564 0.000290708 0.0809911
0.0317427 0.0167348 0.0354949 0.0146584 0.000112456 0.0600089
0.0354949 0.0146584 0.0376915 0.0138938 0.000219204 0.225002
0.0354949 0.0146584 0.0372793 0.0136709 0.000109389 0.0587936
0.0372793 0.0136709 0.0376915 0.0138938 0.000474152 0.418206
0.0366047 0.00868707 0.0343745 0.00434743 3.6282e-05 0.0021044
0.0333401 0.0115405 0.0366047 0.00868707 0.000191941 0.406356
0.0381305 0.00735337 0.0363161 0.00367761 8.2462e-05 0.00986098
0.0366047 0.00868707 0.0381305 0.00735337 0.000191255 0.408059
0.0458809 0.000579001 0.0468369 0.00498253 8.17707e-05 0.0160033
0.0468369 0.00498253 0.05 0.00537486 0.000110572 0.171774
0.00340241 -0.0263896 0.00623387 -0.0271258 4.92754e-05 0.0126632
0.00340241 -0.0263896 0.00371497 -0.0243073 8.78851e-05 0.0221194
-0.0166847 -0.0372934 -0.0167256 -0.0367587 7.9507e-05 0.00726058
-0.0166847 -0.0372934 -0.00792624 -0.0355342 0.000118303 0.0849864
0.0198986 0.0232893 0.0257193 0.0182016 0.000190076 0.127225
0.0257193 0.0182016 0.0313377 0.0168335 0.000131614 0.0792636
0.031091 0.0161914 0.0354949 0.0146584 0.000218541 0.224234
0.0313377 0.0168335 0.031091 0.0161914 7.1969e-05 0.0020293
0.0443843 -0.00631477 0.0449531 -0.0036948 7.79113e-05 0.0111986
0.0449531 -0.0036948 0.05 -0.00548444 0.000137912 0.191956
0.0180793 0.00583476 0.0209244 0.00482588 0.000133924 0.103942
0.0180793 0.00583476 0.0203295 0.00450413 0.000255292 0.402213
0.00978205 0.0161131 0.0116303 0.00964834 2.17034e-05 0.00152289
0.0116303 0.00964834 0.0180793 0.00583476 0.000256168 0.400963
-0.0195985 0.0191954 -0.0174246 0.0184246 0.000135086 0.139075
-0.0195985 0.0191954 -0.0143597 0.0238806 0.000183627 0.203727
-0.0210423 0.0197074 -0.0195985 0.0191954 0.000144706 0.16848
-0.0217839 0.0294078 -0.0210423 0.0197074 7.52679e-05 0.00306069
-0.0409862 -0.0156566 -0.0385093 -0.0184192 4.72893e-05 0.0105319
-0.0409862 -0.0156566 -0.0405122 -0.0149709 4.88291e-05 0.00997043
0.0390393 0.0134246 0.0387482 0.0128581 3.89198e-05 0.00332319
0.0390393 0.0134246 0.0408212 0.0128043 0.000227219 0.871047
0.041579 0.0143397 0.0485023 0.0126538 0.000119811 0.3005
0.041579 0.0143397 0.0408212 0.0128043 7.5819e-05 0.0457544
0.0398921 0.015084 0.0397398 0.0147875 3.38906e-05 0.0176824
0.0398921 0.015084 0.0426945 0.0165995 0.000426077 0.0588104
0.00945447 0.0487133 0.0117214 0.0485964 3.09266e-05 0.000149817
0.0124794 0.0478835 0.0142945 0.0461761 7.21899e-05 0.00445829
0.0146352 0.0484461 0.0142945 0.0461761 8.30702e-05 0.00187753
0.0142945 0.0461761 0.0153706 0.0451639 7.21898e-05 0.00417024
0.0153706 0.0451639 0.0176949 0.0479067 0.000219052 0.0017699
0.0153706 0.0451639 0.0350957 0.0266099 7.22173e-05 0.0188499
0.0350957 0.0266099 0.0385714 0.0356521 6.46585e-05 0.0149059
0.0148086 0.049601 0.0169823 0.0483251 3.56763e-05 0.00084276
0.0146352 0.0484461 0.0169823 0.0483251 3.09266e-05 0.000560316
0.0169823 0.0483251 0.0176949 0.0479067 3.56763e-05 0.000866562
0.0176949 0.0479067 0.0180047 0.0482723 0.000219052 0.000778257
0.0176949 0.0479067 0.0385714 0.0356521 3.56763e-05 0.00695521
0.0385714 0.0356521 0.0429283 0.0469867 6.4639e-05 0.00876135
-0.0336164 -0.00499634 -0.0313376 -0.00471369 9.55845e-05 0.0663721
-0.0336164 -0.00499634 -0.0330937 -0.00424034 5.04161e-05 0.0113852
0.0426945 0.0165995 0.041579 0.0143397 7.39806e-05 0.08673
0.0426945 0.0165995 0.0446268 0.0176446 0.000425915 0.0388551
0.014069 0.00111839 0.0141243 0.000925088 2.54986e-05 0.00161035
0.0141243 0.000925088 0.0147961 0.00100841 0.000111865 0.0323464
0.0144284 -0.000138394 0.0147674 -0.00132426 2.6404e-05 0.00167891
0.0147674 -0.00132426 0.0187637 -0.00252893 0.000238368 0.171841
0.0220085 -0.00743691 0.0253428 -0.00839457 6.60234e-05 0.0121941
0.0220085 -0.00743691 0.0225854 -0.0059362 6.57741e-05 0.0219371
0.0161591 -0.00619204 0.0160235 -0.00571791 2.24309e-05 0.00199217
0.0161591 -0.00619204 0.0216353 -0.00840786 8.61252e-05 0.00718193
0.0176116 -0.0112726 0.0161591 -0.00619204 2.14392e-05 0.00323673
0.0176116 -0.0112726 0.0200584 -0.0125104 3.12805e-05 0.00132306
0.0194753 -0.0140272 0.0242964 -0.0152629 2.32414e-05 0.00219774
0.0194753 -0.0140272 0.0200584 -0.0125104 6.84589e-05 0.0419517
0.0207342 -0.0221945 0.0196669 -0.0184613 2.27445e-05 0.00212741
0.0199569 -0.023707 0.0207342 -0.0221945 3.5605e-05 0.0101901
0.0217653 -0.025801 0.0210549 -0.0233163 2.27067e-05 0.00105968
0.0216341 -0.0260669 0.0217653 -0.025801 7.77771e-05 0.0416797
0.0218274 -0.0260184 0.0217653 -0.025801 2.26444e-05 0.00065991
0.0218274 -0.0260184 0.0344522 -0.0228515 0.000101638 0.0916065
0.0227844 -0.0293656 0.0218274 -0.0260184 2.27105e-05 0.0012331
0.0227844 -0.0293656 0.0358135 -0.0267486 0.000118034 0.134983
0.0237512 -0.0316807 0.0361102 -0.0444284 0.000250126 0.0828178
0.0237512 -0.0316807 0.0380694 -0.0354037 4.7576e-05 0.0195255
0.0234218 -0.031595 0.0233188 -0.0312346 2.26447e-05 0.00142986
0.0234218 -0.031595 0.0237512 -0.0316807 4.73577e-05 0.0123366
0.0273164 -0.0452172 0.0234218 -0.031595 2.15456e-05 0.00114679
0.0273164 -0.0452172 0.0295304 -0.047293 0.000135922 0.0364955
0.0280288 -0.0477092 0.0291917 -0.0473869 9.38579e-05 0.000248431
0.0173765 0.0202331 0.019591 0.0196938 0.000132326 0.0528671
0.0162766 0.0213483 0.0173765 0.0202331 0.000562472 0.311288
0.0108513 0.0232368 0.0113219 0.0263719 9.03388e-05 0.0451087
0.0108513 0.0232368 0.0162766 0.0213483 0.000209087 0.180977
-0.0113401 0.0272257 -0.0107736 0.0270877 0.000153578 0.179942
-0.0113401 0.0272257 -0.00925826 0.030237 6.77338e-05 0.0274489
-0.0163121 0.0284364 -0.0158391 0.0283212 0.000130655 0.136479
-0.0165246 0.0289324 -0.0163121 0.0284364 0.000139583 0.0177023
-0.021812 0.0297757 -0.0163121 0.0284364 0.000127781 0.140797
-0.021812 0.0297757 -0.0221296 0.0339296 8.08008e-05 0.0212333
-0.0132999 0.0243908 -0.00774825 0.0211078 0.000263676 0.459337
-0.0132999 0.0243908 -0.0125871 0.0254219 5.38894e-05 0.0168224
-0.0150123 0.0254034 -0.0135945 0.024565 0.000262314 0.475186
-0.0163121 0.0284364 -0.0150123 0.0254034 0.000116933 0.022495
-0.0217839 0.0294078 -0.0150123 0.0254034 0.000262806 0.482506
-0.0217839 0.0294078 -0.021812 0.0297757 8.21674e-05 0.0131464
-0.0198871 0.00459629 -0.0191786 0.00439278 7.40859e-05 0.0452762
-0.0198871 0.00459629 -0.0201337 0.00782243 8.11475e-05 0.013008
-0.0284738 0.0117107 -0.0282489 0.0114591 0.000293011 0.403412
-0.0282489 0.0114591 -0.0280952 0.0115966 0.000196048 0.311476
-0.0282489 0.0114591 -0.024861 0.00766809 0.000283614 0.342132
-0.024861 0.00766809 -0.023557 0.00955423 5.59279e-05 0.0232097
-0.0258088 0.00629711 -0.0228853 0.00545744 7.14139e-05 0.0358252
-0.0258088 0.00629711 -0.024861 0.00766809 5.46147e-05 0.0157471
-0.0149788 -0.00519563 -0.0092509 -0.0106669 0.000102733 0.0308097
-0.0149788 -0.00519563 -0.0128852 -0.00573227 2.46522e-05 0.00347621
-0.0194662 -0.000909324 -0.0173055 -0.00297324 0.000102567 0.0312369
-0.0194662 -0.000909324 -0.0196786 0.00186924 7.93302e-05 0.0107601
-0.0262868 0.00560566 -0.0217903 0.00131067 9.8263e-05 0.0461156
-0.0262868 0.00560566 -0.0258088 0.00629711 5.2692e-05 0.014221
-0.0284296 0.00704984 -0.0275275 0.00679075 6.61956e-05 0.0300101
-0.0284296 0.00704984 -0.0265237 0.00526295 0.000135279 0.0881783
-0.0304004 0.00953495 -0.0282489 0.0114591 0.00018397 0.216848
-0.0304004 0.00953495 -0.0275275 0.00679075 0.000104197 0.0514553
-0.0307483 0.00922386 -0.0304004 0.00953495 0.000181906 0.207894
-0.0307483 0.00922386 -0.0284296 0.00704984 0.000135145 0.0881088
-0.0196786 0.00186924 -0.015546 -0.00275501 0.000264782 0.178517
-0.015546 -0.00275501 -0.00550027 -0.00150901 9.88976e-05 0.0865494
-0.0155158 -0.00505798 -0.0149788 -0.00519563 2.64531e-05 0.00357254
-0.0155158 -0.00505798 -0.00964767 -0.0105599 0.00014621 0.0634986
-0.0192896 -0.00321934 -0.0194296 -0.00138849 8.16204e-05 0.00964574
-0.0192896 -0.00321934 -0.0176886 -0.00302077 0.000103716 0.065495
-0.0251044 -0.00260018 -0.0215804 -0.00350347 2.50867e-05 0.00318667
-0.0251044 -0.00260018 -0.0220197 0.00104 0.000247808 0.309469
-0.0265237 0.00526295 -0.0262868 0.00560566 4.98303e-05 0.0120784
-0.0265237 0.00526295 -0.0220197 0.00104 0.00013509 0.0880495
0.0474957 0.00801726 0.047993 0.0103078 8.28447e-05 0.0174646
0.047993 0.0103078 0.05 0.0096092 0.000225765 0.895379
0.047993 0.0103078 0.0485023 0.0126538 8.35258e-05 0.00878768
0.0485023 0.0126538 0.05 0.0122891 0.000119804 0.319462
0.0446268 0.0176446 0.0436595 0.0185545 7.40549e-05 0.0448292
-0.0429602 -0.03447 -0.0363896 -0.0406218 0.000117421 0.032547
-0.0429602 -0.03447 -0.0341654 -0.0400639 0.00012458 0.0507946
-0.0480626 -0.0296929 -0.0429602 -0.03447 0.00011659 0.0304816
-0.0480626 -0.0296929 -0.0385093 -0.0184192 0.000253464 0.303279
0.0114189 -0.000314861 0.0147674 -0.00132426 0.000238317 0.171666
0.0114189 -0.000314861 0.0128788 0.000474693 0.000510902 0.387189
0.00749381 0.000868339 0.00929331 0.000325885 0.000280562 0.711928
0.00773991 0.00250792 0.00749381 0.000868339 8.85966e-05 0.0235916
-0.00627716 0.00501956 0.00749381 0.000868339 0.000281711 0.720962
-0.00784293 0.00867334 -0.00627716 0.00501956 0.000111409 0.0413599
-0.0120106 0.00520616 -0.00916965 0.0022758 0.000263373 0.209294
-0.0120106 0.00520616 -0.00517119 0.00243874 9.26313e-05 0.0708663
-0.0269532 0.0112523 -0.0268552 0.0112228 0.000270983 0.606024
-0.0269532 0.0112523 -0.0267553 0.0111722 9.70284e-05 0.0716967
-0.0284738 0.0117107 -0.0280952 0.0115966 0.000264889 0.577976
-0.0286934 0.0119564 -0.0284738 0.0117107 0.000277236 0.39914
0.0150887 -0.0254391 0.0158301 -0.0235104 6.96941e-05 0.0293776
0.00866106 -0.0277261 0.0150887 -0.0254391 0.000292265 0.663726
0.0136947 -0.0290658 0.0141232 -0.0279509 6.89596e-05 0.0324939
0.0136947 -0.0290658 0.0167894 -0.0298705 4.83562e-05 0.0125299
0.0127054 -0.0316394 0.0127397 -0.0315502 6.86289e-05 0.0340825
0.0127054 -0.0316394 0.014835 -0.0336735 9.68357e-05 0.014753
0.00866303 -0.0298439 0.0104497 -0.0318432 0.000263589 0.0441748
0.0104497 -0.0318432 0.0124898 -0.0314334 0.000118126 0.105259
-0.0136158 0.0109574 -0.0104318 0.0147147 0.000233821 0.280838
-0.0136158 0.0109574 -0.00784293 0.00867334 0.000121938 0.117924
-0.0205055 0.0139682 -0.0200574 0.0135061 0.00028098 0.0666072
-0.0174246 0.0184246 -0.0205055 0.0139682 4.98201e-05 0.000895432
-0.0210423 0.0197074 -0.0209133 0.0180196 8.38728e-05 0.00864654
-0.0209133 0.0180196 -0.0195985 0.0191954 0.000176274 0.180497
0.0438179 -0.0249709 0.0438293 -0.0251386 0.000440827 0.00375363
0.0438179 -0.0249709 0.0439864 -0.0250164 2.41195e-05 0.0111477
0.0409182 -0.0222809 0.0429468 -0.0240894 0.000156793 0.33317
0.0429468 -0.0240894 0.0437869 -0.0245145 3.38687e-05 0.0191077
0.0435198 -0.020577 0.0437869 -0.0245145 0.000443264 0.00972142
0.0435198 -0.020577 0.044282 -0.0203858 0.000101222 0.175684
0.044282 -0.0203858 0.05 -0.0218515 2.38315e-05 0.0104092
0.044282 -0.0203858 0.0485758 -0.0193087 0.000101141 0.175272
-0.0339645 -0.0428923 -0.0336307 -0.0427735 0.000306178 0.325205
-0.0202296 -0.0380054 -0.0166847 -0.0372934 0.000118979 0.0861976
-0.0207753 -0.0381995 -0.0202296 -0.0380054 0.00029445 0.530663
-0.0208395 -0.0381279 -0.0202296 -0.0380054 0.000115792 0.0806993
-0.0208395 -0.0381279 -0.0207753 -0.0381995 4.96412e-05 0.00509823
0.00723125 -0.00257961 0.0114189 -0.000314861 0.00046023 0.0858237
0.00723125 -0.00257961 0.0124523 -0.00469219 8.95824e-05 0.00600997
0.00749381 0.000868339 0.00737671 8.81628e-05 0.000100465 0.0542786
0.00737671 8.81628e-05 0.00929331 0.000325885 0.000103592 0.0708414
0.00737671 8.81628e-05 0.00699088 -0.00248235 9.01471e-05 0.0863445
0.00699088 -0.00248235 0.00723125 -0.00257961 8.85399e-05 0.10404
0.00689861 -0.00309706 0.0124523 -0.00469219 6.97505e-05 0.00715052
0.00689861 -0.00309706 0.00695375 -0.00272968 9.14136e-05 0.0940157
0.00273943 -0.0308065 0.0028938 -0.0297781 8.98849e-05 0.0257697
0.00273943 -0.0308065 0.00828097 -0.0294164 0.000102314 0.0603787
0.00233931 -0.0334722 0.00273943 -0.0308065 9.03025e-05 0.0203947
0.00233931 -0.0334722 0.00959347 -0.0320152 0.00011669 0.0702973
-0.00792624 -0.0355342 0.00116224 -0.0413141 3.07851e-05 0.00559632
-0.00792624 -0.0355342 0.00233931 -0.0334722 0.000117737 0.0849602
-0.0202296 -0.0380054 -0.0167256 -0.0367587 0.00029445 0.527568
-0.0167256 -0.0367587 -0.0168058 -0.0357093 7.84082e-05 0.00661447
-0.0102404 -0.0340624 -0.00984838 -0.0343117 3.2371e-05 0.00488306
-0.0102404 -0.0340624 -0.00653594 -0.0331332 0.000104409 0.067756
-0.0372237 -0.016902 -0.0172736 -0.0295896 3.03742e-05 0.00327337
-0.0372237 -0.016902 -0.0364765 -0.0160203 0.000252674 0.305338
-0.0364765 -0.0160203 -0.0179426 -0.0208395 5.02745e-05 0.0119069
-0.0364765 -0.0160203 -0.0277213 -0.00568841 0.000251346 0.307226
-0.0280045 0.0116777 -0.0269532 0.0112523 9.47504e-05 0.0699359
-0.0280045 0.0116777 -0.0279142 0.0117585 0.000182782 0.271832
-0.0286934 0.0119564 -0.0280045 0.0116777 9.42153e-05 0.0711253
-0.0290135 0.0123146 -0.0286934 0.0119564 0.000278521 0.40505
-0.00397527 -0.000351996 -0.00243879 -0.00112928 3.40022e-05 0.0110062
-0.00397527 -0.000351996 -0.00416004 7.91886e-05 0.000115224 0.0231818
-0.00570439 0.000522754 -0.00397527 -0.000351996 3.52499e-05 0.0096926
-0.00570439 0.000522754 -0.00416004 7.91886e-05 7.15161e-05 0.0507225
-0.0201337 0.00782243 -0.017431 0.00645512 3.37433e-05 0.00812406
-0.0201337 0.00782243 -0.0201866 0.00851437 7.99867e-05 0.0132959
-0.023557 0.00955423 -0.0201337 0.00782243 3.40181e-05 0.00829149
-0.023557 0.00955423 -0.023382 0.00980732 5.57358e-05 0.0238876
-0.0268552 0.0112228 -0.0267553 0.0111722 3.63857e-05 0.00923515
-0.0268552 0.0112228 -0.0231712 0.0101122 0.000271238 0.605358
-0.0279142 0.0117585 -0.0268552 0.0112228 3.48405e-05 0.00889183
-0.0279142 0.0117585 -0.0241497 0.0151252 0.000182909 0.271891
-0.0290135 0.0123146 -0.0279142 0.0117585 3.59115e-05 0.00989131
-0.0355598 0.0196396 -0.0290135 0.0123146 0.000279096 0.404694
-0.0205842 0.0137145 -0.0200574 0.0135061 0.000131822 0.183244
-0.0205842 0.0137145 -0.0205938 0.0138404 8.84703e-05 0.113418
-0.0206601 0.0137445 -0.0205842 0.0137145 0.000137522 0.222076
-0.0206601 0.0137445 -0.0205938 0.0138404 5.85063e-05 0.081899
-0.0241497 0.0151252 -0.0206601 0.0137445 0.000134789 0.246118
-0.0241497 0.0151252 -0.0209133 0.0180196 0.000176798 0.197607
-0.0355598 0.0196396 -0.0241497 0.0151252 0.000130479 0.14086
-0.0423835 0.0272751 -0.0355598 0.0196396 0.000283941 0.422377
0.0179605 0.0243618 0.0181373 0.0238556 0.000278219 0.0319516
0.0175072 0.0246126 0.0181373 0.0238556 2.93726e-05 0.000997072
0.019591 0.0196938 0.0193919 0.0202638 0.000282281 0.0500645
0.019591 0.0196938 0.0221123 0.0190799 0.000141035 0.111361
0.0169823 0.0483251 0.0180047 0.0482723 3.09266e-05 0.00053286
-0.0235794 0.0352221 -0.0221915 0.034739 0.000241244 0.417592
-0.0367862 0.0469967 -0.0235794 0.0352221 0.000162386 0.00744556
-0.0367862 0.0469967 -0.0313319 0.0492653 3.30736e-05 0.00667824
-0.0246774 0.0479573 -0.0231368 0.0471047 0.00011469 0.0317641
-0.00642169 0.0309798 -0.00193877 0.027689 6.16776e-05 0.0203949
-0.00193877 0.027689 -7.21369e-06 0.0270167 0.000236844 0.387377
-0.000396682 0.0265571 0.00367248 0.0235701 5.44526e-05 0.00904717
0.00367248 0.0235701 0.00794775 0.022529 0.000126772 0.0797713
0.00544336 0.0312887 0.00502328 0.032758 2.41512e-05 0.00192301
0.00419724 0.0319783 0.00544336 0.0312887 0.000113886 0.040633
0.00740212 0.0244375 0.00544336 0.0312887 2.19719e-05 0.0014225
0.00740212 0.0244375 0.0108513 0.0232368 0.00020914 0.19251
0.00794775 0.022529 0.00740212 0.0244375 2.13905e-05 0.0001741
0.00794775 0.022529 0.0106464 0.0218719 0.000126252 0.0798608
0.0272691 0.00624878 0.0315732 0.00308933 5.63518e-05 0.0285221
0.0315732 0.00308933 0.0338746 0.00337478 0.000103123 0.0797125
0.0207342 -0.0221945 0.0222895 -0.0191682 3.49957e-05 0.0101589
0.0222895 -0.0191682 0.0247164 -0.0198224 2.29959e-05 0.00251778
0.0311627 -0.00190211 0.0325092 0.000717867 3.67222e-05 0.00371376
0.0325092 0.000717867 0.0345057 9.88431e-06 0.00013879 0.17155
0.0217653 -0.025801 0.0234044 -0.0224804 7.76265e-05 0.0416431
0.0210549 -0.0233163 0.0234044 -0.0224804 0.000291708 0.691974
0.0297346 -0.00965597 0.0297981 -0.00952739 7.46892e-05 0.0418469
0.0297981 -0.00952739 0.0287646 -0.00656861 0.000276245 0.261517
0.0313759 -0.00633085 0.0330199 -0.00300032 7.72924e-05 0.0421148
0.0330199 -0.00300032 0.0437291 -0.00933319 0.000272701 0.627189
0.0330199 -0.00300032 0.0345057 9.88431e-06 8.2617e-05 0.0184688
0.0345057 9.88431e-06 0.0369482 -0.000856241 0.000138817 0.181993
0.0299248 0.00969347 0.0343745 0.00434743 2.84845e-05 0.00751907
0.0343745 0.00434743 0.0338746 0.00337478 3.45481e-05 0.00207686
0.0350615 0.00352199 0.0358009 0.00263369 2.91102e-05 0.00700913
0.0348415 0.000690202 0.0358009 0.00263369 7.4311e-05 0.000630175
0.0423373 -0.015744 0.0428417 -0.0134206 7.72467e-05 0.246555
0.0428417 -0.0134206 0.05 -0.0154766 7.1244e-05 0.103725
0.0432496 -0.0115417 0.0435821 -0.0100104 7.56672e-05 0.0879582
0.0435821 -0.0100104 0.0462178 -0.0108049 0.000249891 0.644617
0.0435821 -0.0100104 0.0437291 -0.00933319 7.69957e-05 0.0309835
0.0437291 -0.00933319 0.0462178 -0.0108049 0.000271978 0.63437
-0.0221915 0.034739 -0.0228246 0.0430204 8.96994e-05 0.0387647
-0.0221915 0.034739 -0.0184557 0.0334386 0.000241644 0.412022
-0.0078143 0.0297343 -0.00193877 0.027689 0.000236901 0.387108
-0.0078143 0.0297343 -0.00642169 0.0309798 0.000201588 0.284978
-0.00925826 0.030237 -0.0078143 0.0297343 0.000240462 0.395416
-0.00925826 0.030237 -0.0079627 0.0321109 6.05514e-05 0.0241137
0.0456829 -0.0254736 0.05 -0.0266372 2.37617e-05 0.0107913
0.0456829 -0.0254736 0.05 -0.0276576 3.36551e-05 0.0200064
0.0446821 -0.0249673 0.05 -0.0238991 0.000117381 0.265411
0.0446821 -0.0249673 0.0456829 -0.0254736 3.40422e-05 0.019664
-0.0150123 0.0254034 -0.0143597 0.0238806 0.000115929 0.0413017
-0.0143597 0.0238806 -0.0135945 0.024565 0.000182742 0.204399
-0.0143597 0.0238806 -0.0140892 0.0232492 0.000118444 0.0409102
-0.0140892 0.0232492 -0.0132999 0.0243908 5.62143e-05 0.0148808
0.0036393 0.0109552 0.00873655 0.00914773 0.000132144 0.11153
-0.0061909 0.0197194 0.0036393 0.0109552 0.000155621 0.143759
-0.00963023 0.0156607 0.0036393 0.0109552 0.000132834 0.131891
-0.00963023 0.0156607 -0.0061909 0.0197194 0.000234818 0.280425
-0.00517119 0.00243874 -0.00627716 0.00501956 0.000111409 0.00433849
-0.00517119 0.00243874 0.00221908 -0.000551554 9.15588e-05 0.0863965
-0.00070239 -0.000913913 0.00649095 -0.00297997 7.28375e-05 0.0898277
-0.00070239 -0.000913913 0.00221908 -0.000551554 0.000102451 0.149959
-0.00358144 -0.00127101 -0.00397527 -0.000351996 0.000115322 0.0234446
-0.00358144 -0.00127101 -0.00243879 -0.00112928 0.000103497 0.168883
-0.00187863 -0.00524458 -0.00358144 -0.00127101 0.000115411 0.0402411
-0.00187863 -0.00524458 0.00239031 -0.00964781 0.000258607 0.167594
0.00578474 -0.0105179 0.018314 -0.0137295 2.33059e-05 0.00324852
0.00578474 -0.0105179 0.00651414 -0.00565849 9.21409e-05 0.132762
0.00239031 -0.00964781 0.00578474 -0.0105179 2.42889e-05 0.00788629
0.00239031 -0.00964781 0.00544276 -0.0127963 0.000258345 0.167335
0.034296 -0.0224044 0.0352305 -0.0226563 2.38764e-05 0.00688002
0.0331542 -0.0191354 0.034296 -0.0224044 0.000277826 0.111656
0.0179489 -0.0179983 0.0196669 -0.0184613 2.37163e-05 0.00249227
0.0179489 -0.0179983 0.0188582 -0.0156327 6.87602e-05 0.0415779
0.0185933 -0.0263604 0.0189592 -0.0267379 0.000255307 0.101548
0.0183164 -0.0268991 0.0185933 -0.0263604 3.50705e-05 0.00876072
0.0158301 -0.0235104 0.0170303 -0.0247483 0.000254358 0.132545
0.0158301 -0.0235104 0.0179489 -0.0179983 6.91792e-05 0.0409502
0.00544276 -0.0127963 0.00578474 -0.0105179 9.20028e-05 0.131703
0.00544276 -0.0127963 0.00784604 -0.0152752 0.000255252 0.135209
0.00716424 -0.0263465 0.00714719 -0.0263067 0.000111778 0.00298129
0.00716424 -0.0263465 0.00862282 -0.0277397 9.78921e-05 0.027347
0.0087066 -0.0277688 0.0117229 -0.0285531 4.87143e-05 0.0122763
0.0087066 -0.0277688 0.0100032 -0.0289844 0.000142483 0.0318349
0.00861096 -0.0277439 0.00863331 -0.0277497 4.93727e-05 0.0123122
0.00787526 -0.0280057 0.00861096 -0.0277439 0.000292649 0.646547
-0.00653594 -0.0331332 0.0028938 -0.0297781 0.000293631 0.530803
0.0028938 -0.0297781 0.00340241 -0.0263896 9.01925e-05 0.0225418
-0.0128852 -0.00573227 -0.00822913 -0.0109423 0.000265631 0.172896
-0.00822913 -0.0109423 0.0017112 -0.0136216 2.32441e-05 0.00370505
-0.00822913 -0.0109423 -0.00395127 -0.015729 0.000265219 0.173195
-0.00395127 -0.015729 0.00387979 -0.0232092 9.83116e-05 0.0297005
-0.00395127 -0.015729 -0.00300402 -0.016789 0.00026514 0.174096
-0.00300402 -0.016789 0.00387531 -0.023239 0.000141108 0.0625168
0.00371497 -0.0243073 0.00623387 -0.0271258 0.000265241 0.171731
0.00623387 -0.0271258 0.00765677 -0.0274958 4.82236e-05 0.0139617
0.00846053 -0.0293714 0.00787526 -0.0280057 0.000112276 0.0215357
0.00846053 -0.0293714 0.00994201 -0.0289998 0.000102369 0.07718
0.00722648 -0.0282365 0.00828097 -0.0294164 0.0002649 0.0554369
0.00828097 -0.0294164 0.00846053 -0.0293714 0.000102219 0.076021
0.00959347 -0.0320152 0.00866303 -0.0298439 0.000110933 0.0099153
0.00959347 -0.0320152 0.0104497 -0.0318432 0.000116705 0.056268
0.0232593 0.00919225 0.0241711 0.00658176 0.000299699 0.50964
0.0241711 0.00658176 0.0256937 0.00740522 0.000478998 0.539276
0.027312 0.0025608 0.0325092 0.000717867 0.000139095 0.170231
0.027312 0.0025608 0.0315732 0.00308933 0.000102918 0.0781455
0.0260267 0.00301657 0.027312 0.0025608 0.000139733 0.163746
0.0272691 0.00624878 0.0260267 0.00301657 6.98304e-05 0.00680839
0.0312384 -0.0136508 0.0306862 -0.0120701 0.000277694 0.26663
0.0288249 -0.011499 0.0312384 -0.0136508 0.000154261 0.00863896
0.0407652 -0.0229858 0.0429468 -0.0240894 3.34266e-05 0.0181441
0.0405268 -0.0240839 0.0407652 -0.0229858 7.73269e-05 0.0248709
0.0384951 -0.0218374 0.0407652 -0.0229858 3.39087e-05 0.0156395
0.0384951 -0.0218374 0.0399979 -0.0214604 0.000103518 0.146158
0.0331542 -0.0191354 0.0384951 -0.0218374 3.32859e-05 0.011633
0.0331156 -0.0190251 0.0331542 -0.0191354 0.000281445 0.110718
0.034296 -0.0224044 0.0344522 -0.0228515 0.000278422 0.111173
0.0344522 -0.0228515 0.0352305 -0.0226563 0.000103756 0.147592
0.0344522 -0.0228515 0.0358135 -0.0267486 0.00027403 0.0910494
0.0358135 -0.0267486 0.0401368 -0.0258803 0.000117947 0.234429
0.0295304 -0.047293 0.0358697 -0.0455362 9.59727e-05 0.0694493
0.0358697 -0.0455362 0.0361102 -0.0444284 7.40696e-05 0.023141
0.0361102 -0.0444284 0.0369058 -0.045249 0.000248456 0.0702468
0.0361102 -0.0444284 0.0380694 -0.0354037 7.61358e-05 0.0653526
0.0380694 -0.0354037 0.0389133 -0.0356231 4.90753e-05 0.0392918
-0.05 -0.0485977 -0.0339645 -0.0428923 0.000307993 0.315025
-0.0218692 -0.0369794 -0.0168058 -0.0357093 0.000106268 0.0678507
-0.0218692 -0.0369794 -0.0208395 -0.0381279 5.25337e-05 0.00689918
-0.0363896 -0.0406218 -0.0341654 -0.0400639 0.000104267 0.0609936
-0.0363896 -0.0406218 -0.035836 -0.0411401 0.000103464 0.0236252
0.0407652 -0.0229858 0.0409182 -0.0222809 7.74446e-05 0.0238494
0.0399979 -0.0214604 0.0409182 -0.0222809 0.000156802 0.32582
0.0409182 -0.0222809 0.0411596 -0.021169 7.67337e-05 0.00909014
0.0411596 -0.021169 0.0435198 -0.020577 0.000101645 0.214684
0.0485758 -0.0193087 0.05 -0.0198849 8.7531e-05 0.161265
0.0485758 -0.0193087 0.05 -0.0189514 0.000103212 0.234609
0.00544336 0.0312887 0.00770911 0.0300349 0.00011328 0.0407162
0.00502328 0.032758 0.00770911 0.0300349 0.000579886 0.279585
0.0142945 0.0461761 0.0138782 0.0434027 8.30703e-05 0.00212785
0.0138782 0.0434027 0.0153706 0.0451639 0.000219177 0.00660625
0.0120432 0.0311774 0.0119076 0.030274 8.3586e-05 0.00142023
0.00664838 0.0348709 0.0119076 0.030274 0.000207945 0.0618963
0.0115525 0.027908 0.0175072 0.0246126 0.000110571 0.0205805
0.015165 0.0274268 0.0175072 0.0246126 2.84227e-05 0.00105767
-0.00126987 0.0417919 -0.0103577 0.0497353 0.000162147 7.90509e-05
-0.00126987 0.0417919 0.000762129 0.0447311 5.29964e-05 0.00220298
0.00425806 0.0405309 0.0103954 0.0460197 0.000161535 0.064693
0.00203864 0.0431975 0.00425806 0.0405309 2.63188e-05 0.000694528
0.00309769 0.0394932 0.00425806 0.0405309 0.000161556 0.0649552
0.00309769 0.0394932 0.00203864 0.0431975 2.13905e-05 4.69758e-05
0.00223883 0.0387251 0.00367658 0.0374684 0.000212012 0.185814
0.00309769 0.0394932 0.00367658 0.0374684 2.16153e-05 0.0011141
0.00781914 0.0362525 0.0120593 0.0412562 0.000279712 0.0532489
0.00425806 0.0405309 0.00781914 0.0362525 2.63434e-05 0.00235366
0.00781914 0.0362525 0.0120432 0.0311774 2.78445e-05 0.00101525
0.0131062 0.0382591 0.0120432 0.0311774 8.73611e-05 0.00132439
0.00371968 0.0490092 0.00945447 0.0487133 3.11224e-05 0.00360813
0.00945447 0.0487133 0.0103954 0.0460197 0.000258301 0.000416802
0.0103954 0.0460197 0.0124794 0.0478835 0.000161201 0.00322934
0.0103954 0.0460197 0.0120593 0.0412562 0.000258554 0.0388209
0.0120593 0.0412562 0.0138782 0.0434027 0.000219213 0.00706962
0.0120593 0.0412562 0.0131062 0.0382591 0.000293389 0.0796958
0.0138782 0.0434027 0.0131062 0.0382591 8.30931e-05 0.0033526
0.0313775 0.0169369 0.0317427 0.0167348 0.000110425 0.0497094
0.0317427 0.0167348 0.0394669 0.014854 0.000128172 0.0672003
0.0376915 0.0138938 0.0390393 0.0134246 0.000226703 0.871438
0.0376915 0.0138938 0.0394669 0.014854 0.000428745 0.116753
0.0358009 0.00263369 0.0363161 0.00367761 7.48233e-05 0.000779213
0.0363161 0.00367761 0.0415878 0.00433147 0.000102752 0.0894039
0.00438304 -0.0198564 0.0051786 -0.0145562 8.72523e-05 0.0389185
0.00438304 -0.0198564 0.0017112 -0.0136216 0.000109054 0.00732796
0.00387979 -0.0232092 0.00438304 -0.0198564 8.78673e-05 0.0394712
0.00387979 -0.0232092 0.00581157 -0.0250544 9.85672e-05 0.028738
0.00387531 -0.023239 0.00387979 -0.0232092 8.85462e-05 0.0381829
0.00387531 -0.023239 0.00581157 -0.0250544 0.00014068 0.0600098
0.00371497 -0.0243073 0.00387531 -0.023239 8.8939e-05 0.0337484
-0.00300402 -0.016789 0.00371497 -0.0243073 0.00026589 0.175289
0.0313377 0.0168335 0.0317427 0.0167348 0.000131335 0.0751695
0.0313377 0.0168335 0.0313775 0.0169369 7.37026e-05 0.005614
0.0209244 0.00482588 0.0253302 0.00326358 0.000141047 0.0983539
0.0209244 0.00482588 0.0241711 0.00658176 0.000468423 0.446869
0.0242566 0.00218183 0.0254374 0.00148353 0.000279688 0.392077
0.0242566 0.00218183 0.0256477 0.00235438 0.000108458 0.046442
0.0203295 0.00450413 0.0242566 0.00218183 0.000279871 0.392824
0.0203295 0.00450413 0.0209244 0.00482588 0.000470083 0.445189
0.00870661 0.0198747 0.00978205 0.0161131 2.26224e-05 0.00139231
0.0101839 0.0187903 0.00978205 0.0161131 8.88313e-05 0.00487145
-0.0174246 0.0184246 -0.0110535 0.0161654 0.000135005 0.133952
-0.0174246 0.0184246 -0.0140892 0.0232492 5.23616e-05 0.0125701
-0.0385093 -0.0184192 -0.0218692 -0.0369794 4.98324e-05 0.0054371
-0.0385093 -0.0184192 -0.0372237 -0.016902 0.000252605 0.305209
0.0408212 0.0128043 0.047993 0.0103078 0.000226005 0.891274
0.0403972 0.0119455 0.0408212 0.0128043 7.82811e-05 0.000576557
0.0117214 0.0485964 0.0124794 0.0478835 7.21898e-05 4.8638e-05
0.0124794 0.0478835 0.0131918 0.0485206 0.000161201 0.00125458
0.0145618 0.0497459 0.0148086 0.049601 3.56763e-05 0.00486202
0.0148086 0.049601 0.0146352 0.0484461 8.30702e-05 0.00172616
0.0131918 0.0485206 0.0146352 0.0484461 3.09266e-05 0.000966891
0.0138625 0.00184068 0.014069 0.00111839 2.22477e-05 0.00312596
0.014069 0.00111839 0.0144448 0.00132159 0.000503763 0.412961
0.0147961 0.00100841 0.0242566 0.00218183 0.000110847 0.0429104
0.0144448 0.00132159 0.0147961 0.00100841 0.000174223 0.10014
0.0141243 0.000925088 0.0144284 -0.000138394 2.63255e-05 0.00154338
0.0144284 -0.000138394 0.017402 -0.00131493 0.000137349 0.0596816
0.0233622 -0.00391516 0.0259314 -0.00468961 0.000246111 0.228256
0.0233622 -0.00391516 0.023443 -0.00370508 6.85188e-05 0.00492964
0.0187637 -0.00252893 0.0233622 -0.00391516 0.00024678 0.221267
0.017402 -0.00131493 0.0187637 -0.00252893 0.000172642 0.08944
0.0275068 -0.0090161 0.0297346 -0.00965597 6.53311e-05 0.0159564
0.0270459 -0.00991294 0.0275068 -0.0090161 3.34155e-05 0.00840513
0.0253428 -0.00839457 0.0275068 -0.0090161 6.53929e-05 0.0159026
0.0225854 -0.0059362 0.0253428 -0.00839457 0.000146873 0.00906201
0.0225854 -0.0059362 0.0233622 -0.00391516 6.56908e-05 0.0290775
0.0187637 -0.00252893 0.0225854 -0.0059362 0.000147624 0.0121809
0.0216353 -0.00840786 0.0267548 -0.0104793 8.98151e-05 0.0188315
0.0216353 -0.00840786 0.0220085 -0.00743691 6.5862e-05 0.0268157
0.0267349 -0.015888 0.0330102 -0.0190626 3.2243e-05 0.00326342
0.0267349 -0.015888 0.0325395 -0.0173759 2.34585e-05 0.00262761
0.0200584 -0.0125104 0.0245446 -0.01478 3.2984e-05 0.00225574
0.0200584 -0.0125104 0.0216353 -0.00840786 6.82651e-05 0.0415871
0.026667 -0.0158706 0.0267349 -0.015888 2.40948e-05 0.0026597
0.0247164 -0.0198224 0.026667 -0.0158706 7.72473e-05 0.0491401
0.0242964 -0.0152629 0.026667 -0.0158706 2.32921e-05 0.00236139
0.0222895 -0.0191682 0.0242964 -0.0152629 3.44508e-05 0.0101673
0.0185933 -0.0263604 0.0199569 -0.023707 3.54934e-05 0.009185
0.0170303 -0.0247483 0.0199569 -0.023707 0.0002918 0.691939
0.0210549 -0.0233163 0.0207342 -0.0221945 2.25375e-05 0.00182291
0.0199569 -0.023707 0.0210549 -0.0233163 0.000291675 0.692109
0.0169698 -0.0355163 0.0194191 -0.0305542 7.61502e-05 0.0422555
0.0194191 -0.0305542 0.0234218 -0.031595 4.7715e-05 0.012405
0.0194191 -0.0305542 0.0197 -0.0299852 7.62673e-05 0.0429162
0.0197 -0.0299852 0.021715 -0.0295804 0.000116504 0.104555
0.0197 -0.0299852 0.0205122 -0.0283397 7.73939e-05 0.0431781
0.0205122 -0.0283397 0.021715 -0.0295804 0.000254376 0.0975202
0.0205122 -0.0283397 0.0216341 -0.0260669 7.70648e-05 0.0460987
0.0216341 -0.0260669 0.0218274 -0.0260184 0.000101905 0.0912392
0.0291917 -0.0473869 0.0295304 -0.047293 9.4904e-05 0.0179624
0.00770911 0.0300349 0.0113219 0.0263719 0.000578581 0.285115
0.0113219 0.0263719 0.0115525 0.027908 9.70782e-05 0.00538485
0.0113219 0.0263719 0.0162766 0.0213483 0.00057502 0.293147
0.0162766 0.0213483 0.0193919 0.0202638 0.00022713 0.137642
-0.0107736 0.0270877 -0.00179886 0.0249024 0.000127138 0.119535
-0.0107736 0.0270877 -0.0078143 0.0297343 0.000197409 0.273906
-0.0158391 0.0283212 -0.0113401 0.0272257 0.000155941 0.183085
-0.0165246 0.0289324 -0.0158391 0.0283212 0.000193543 0.178678
0.00904148 0.0111793 0.0116303 0.00964834 0.000256249 0.400903
0.00978205 0.0161131 0.00904148 0.0111793 8.60604e-05 0.00501024
-0.00774825 0.0211078 -0.00592698 0.0200308 0.000263505 0.45636
-0.0125871 0.0254219 -0.00774825 0.0211078 0.000161588 0.142375
-0.0125074 0.0255371 -0.0113401 0.0272257 5.49821e-05 0.0171689
-0.0125074 0.0255371 -0.0107736 0.0270877 0.000181835 0.228965
-0.0125871 0.0254219 -0.0125074 0.0255371 5.47284e-05 0.0168786
-0.0126117 0.0254439 -0.0125871 0.0254219 0.000161866 0.142236
-0.0135945 0.024565 -0.0132999 0.0243908 0.00026397 0.459091
-0.0135945 0.024565 -0.0126117 0.0254439 0.000179295 0.227637
-0.0191786 0.00439278 -0.00815148 0.0012256 7.33028e-05 0.0377884
-0.0191786 0.00439278 -0.017431 0.00645512 0.000251542 0.513072
-0.0280952 0.0115966 -0.0280045 0.0116777 0.000182964 0.271154
-0.0280952 0.0115966 -0.0269532 0.0112523 0.00027139 0.606331
-0.0173055 -0.00297324 -0.0149788 -0.00519563 0.000103797 0.0304091
-0.0173055 -0.00297324 -0.015546 -0.00275501 0.000103117 0.0700591
-0.0196786 0.00186924 -0.0198142 0.00364269 7.74326e-05 0.0182855
-0.0205196 0.00281026 -0.0196786 0.00186924 0.000265379 0.180234
-0.0217903 0.00131067 -0.0194662 -0.000909324 0.000102722 0.0310776
-0.0217903 0.00131067 -0.0205196 0.00281026 0.000242783 0.33011
-0.00550027 -0.00150901 -0.00358144 -0.00127101 0.000103581 0.150011
-0.00550027 -0.00150901 -0.00187863 -0.00524458 0.00025992 0.181458
-0.0194296 -0.00138849 -0.0194662 -0.000909324 8.14287e-05 0.0106252
-0.0194296 -0.00138849 -0.0176886 -0.00302077 0.000147849 0.0656033
-0.0176886 -0.00302077 -0.0173055 -0.00297324 0.00010377 0.0691603
-0.0176886 -0.00302077 -0.0155158 -0.00505798 0.000147016 0.0633634
-0.0220197 0.00104 -0.0217903 0.00131067 0.000243575 0.323539
-0.0220197 0.00104 -0.0194296 -0.00138849 0.00014835 0.0659071
-0.0341654 -0.0400639 -0.0332804 -0.0406268 0.000117949 0.0456621
-0.0341654 -0.0400639 -0.0218692 -0.0369794 0.000107478 0.067938
0.0128788 0.000474693 0.0135888 0.000858667 0.000505952 0.408899
0.0128788 0.000474693 0.0144284 -0.000138394 0.000138556 0.0591886
0.00929331 0.000325885 0.0114189 -0.000314861 0.000279624 0.712483
0.00929331 0.000325885 0.0123094 0.00069998 0.000110842 0.0708311
0.00837422 0.00673381 0.00773991 0.00250792 8.81782e-05 0.0161956
0.00773991 0.00250792 0.0123094 0.00069998 0.00012076 0.117245
-0.0110535 0.0161654 -0.0104318 0.0147147 0.000112902 0.0390794
-0.0104318 0.0147147 -0.00963023 0.0156607 0.000233785 0.278158
-0.0104318 0.0147147 -0.00784293 0.00867334 0.000111496 0.0452842
-0.00784293 0.00867334 0.00773991 0.00250792 0.00012136 0.12212
-0.00916965 0.0022758 -0.00815148 0.0012256 0.000263081 0.209207
-0.00916965 0.0022758 -0.00570439 0.000522754 3.42369e-05 0.00888241
-0.0201866 0.00851437 -0.0168351 0.00715826 9.4864e-05 0.0688508
-0.0201866 0.00851437 -0.0202413 0.009229 8.37301e-05 0.016073
-0.023382 0.00980732 -0.0201866 0.00851437 9.59804e-05 0.0709913
-0.023382 0.00980732 -0.0231712 0.0101122 5.69978e-05 0.0262272
-0.0267553 0.0111722 -0.023382 0.00980732 9.69172e-05 0.0719919
-0.0267553 0.0111722 -0.023557 0.00955423 3.53803e-05 0.00891419
0.00861096 -0.0277439 0.00862282 -0.0277397 0.000292594 0.646855
0.00862282 -0.0277397 0.00863331 -0.0277497 0.000100086 0.0148891
0.00862282 -0.0277397 0.00866106 -0.0277261 0.000292485 0.651154
0.00866106 -0.0277261 0.0087066 -0.0277688 0.000142414 0.0317119
0.0141232 -0.0279509 0.0150887 -0.0254391 6.90993e-05 0.031871
0.0141232 -0.0279509 0.0183164 -0.0268991 0.000101746 0.0794468
0.0183068 -0.030265 0.0194191 -0.0305542 4.92589e-05 0.0131397
0.0183068 -0.030265 0.0197 -0.0299852 0.000116866 0.104818
0.0167894 -0.0298705 0.0183068 -0.030265 4.80958e-05 0.0126726
0.0163886 -0.0306503 0.0167894 -0.0298705 3.51721e-05 0.0087007
0.0128093 -0.0313692 0.0136947 -0.0290658 6.91023e-05 0.0324895
0.0128093 -0.0313692 0.0163886 -0.0306503 0.000117293 0.104602
0.0127397 -0.0315502 0.0128093 -0.0313692 6.98404e-05 0.0340201
0.0127397 -0.0315502 0.01489 -0.0335663 0.000141249 0.0333188
0.0169039 -0.0356497 0.0274652 -0.0457378 9.4349e-05 0.0179753
0.0158179 -0.0378499 0.0169039 -0.0356497 7.34179e-05 0.0512097
0.014835 -0.0336735 0.0169039 -0.0356497 9.58387e-05 0.0149205
0.0138311 -0.0356268 0.014835 -0.0336735 3.37344e-05 0.0100077
0.012593 -0.0314127 0.0128093 -0.0313692 0.000117117 0.103641
0.012593 -0.0314127 0.0127397 -0.0315502 0.000144761 0.0327656
0.0124898 -0.0314334 0.012593 -0.0314127 0.000117689 0.105934
0.0124898 -0.0314334 0.0127054 -0.0316394 9.96433e-05 0.0142618
0.0446417 -0.0371126 0.0438293 -0.0251386 0.000420231 0.0032833
0.0438293 -0.0251386 0.0440694 -0.0250904 0.000116891 0.27506
0.0437869 -0.0245145 0.0446821 -0.0249673 3.35298e-05 0.0190294
0.0437869 -0.0245145 0.0438103 -0.0248594 0.000440569 0.00980146
-0.0312417 -0.0419235 -0.0207753 -0.0381995 0.000294794 0.53046
-0.0207753 -0.0381995 -0.0162276 -0.043272 5.0206e-05 0.00748261
0.0124523 -0.00469219 0.0161591 -0.00619204 8.81658e-05 0.00673548
0.0124523 -0.00469219 0.0160235 -0.00571791 6.72427e-05 0.00659255
-0.0168058 -0.0357093 -0.0172736 -0.0295896 7.96566e-05 0.00770638
-0.0168058 -0.0357093 -0.0102404 -0.0340624 0.000105195 0.067637
-0.00243879 -0.00112928 0.00651414 -0.00565849 3.38344e-05 0.0123039
-0.00243879 -0.00112928 -0.00070239 -0.000913913 0.000103169 0.169013
-0.017431 0.00645512 -0.00916965 0.0022758 3.34755e-05 0.00657729
-0.017431 0.00645512 -0.0168351 0.00715826 0.000251382 0.513613
-0.0202413 0.009229 -0.0161305 0.00798981 0.00027058 0.595865
-0.0202413 0.009229 -0.0205842 0.0137145 8.44328e-05 0.0432229
-0.0231712 0.0101122 -0.0202413 0.009229 0.000270761 0.603975
-0.0231712 0.0101122 -0.0206601 0.0137445 5.69813e-05 0.0378729
-0.0205938 0.0138404 -0.020612 0.0140781 8.78831e-05 0.113509
-0.0205938 0.0138404 -0.0205055 0.0139682 5.93692e-05 0.0816965
0.0181373 0.0238556 0.0193919 0.0202638 0.00027742 0.0319646
0.0193919 0.0202638 0.0218346 0.0194136 0.000218495 0.248348
0.0221123 0.0190799 0.0243782 0.0185281 0.000139879 0.111683
0.0218346 0.0194136 0.0221123 0.0190799 2.80355e-05 0.00125497
-0.0079627 0.0321109 -0.00642169 0.0309798 6.34116e-05 0.0180455
-0.00642169 0.0309798 -0.00167286 0.0352268 0.0002015 0.284539
-7.21369e-06 0.0270167 0.00740212 0.0244375 0.00020953 0.192283
-7.21369e-06 0.0270167 0.00419724 0.0319783 0.000262119 0.537638
-0.00193877 0.027689 -0.000396682 0.0265571 6.05298e-05 0.0200913
-0.000396682 0.0265571 -7.21369e-06 0.0270167 0.000245654 0.364197
0.00498158 0.0329039 0.00502328 0.032758 2.46251e-05 0.000575206
0.00493436 0.0328482 0.00502328 0.032758 0.000579982 0.279434
-0.0231368 0.0471047 -0.00466419 0.0368821 0.000110702 0.0529365
-0.00466419 0.0368821 -0.00126987 0.0417919 5.49699e-05 0.0241602
-0.00466419 0.0368821 -0.00167286 0.0352268 0.000107702 0.050855
-0.00167286 0.0352268 0.00223883 0.0387251 0.000196387 0.248059
-0.00167286 0.0352268 0.00419724 0.0319783 0.000123539 0.114103
0.00419724 0.0319783 0.00493436 0.0328482 0.000263293 0.571203
0.0232593 0.00919225 0.0256937 0.00740522 5.75511e-05 0.021673
0.0256937 0.00740522 0.0282438 0.00878432 0.000478862 0.539507
0.0256937 0.00740522 0.0272691 0.00624878 5.71572e-05 0.0211682
0.0282438 0.00878432 0.0272691 0.00624878 7.40401e-05 0.011788
0.0338746 0.00337478 0.0350615 0.00352199 0.000102903 0.0806624
0.0331377 0.0019409 0.0338746 0.00337478 3.3341e-05 0.000254605
0.0247164 -0.0198224 0.0282205 -0.0207668 2.38976e-05 0.00273756
0.0234044 -0.0224804 0.0247164 -0.0198224 7.76347e-05 0.048992
0.0275068 -0.0090161 0.0287646 -0.00656861 3.344e-05 0.0083233
0.0287646 -0.00656861 0.0284573 -0.00568901 0.000276118 0.260609
0.0292206 -0.00568115 0.0311627 -0.00190211 3.5063e-05 0.00878461
0.0311627 -0.00190211 0.0330199 -0.00300032 0.000273301 0.619485
0.0266737 -0.015857 0.0288249 -0.011499 7.68129e-05 0.0490549
0.0284509 -0.0111656 0.0288249 -0.011499 0.000151904 0.00599549
0.0288998 -0.0113472 0.0297346 -0.00965597 7.56728e-05 0.0431752
0.0297346 -0.00965597 0.0298551 -0.00969057 6.76732e-05 0.0174977
0.0297981 -0.00952739 0.0311641 -0.00675996 7.82201e-05 0.0774078
0.0311641 -0.00675996 0.0432496 -0.0115417 0.000122935 0.127849
0.0311641 -0.00675996 0.0313759 -0.00633085 7.77765e-05 0.082447
0.0313759 -0.00633085 0.0435821 -0.0100104 0.000250291 0.626529
0.0290139 0.0107879 0.0299248 0.00969347 2.88805e-05 0.00418215
0.0299248 0.00969347 0.0333401 0.0115405 0.000478554 0.538724
0.0343745 0.00434743 0.0350615 0.00352199 2.77107e-05 0.0078891
0.0350615 0.00352199 0.0363161 0.00367761 0.000102648 0.0810046
0.0428417 -0.0134206 0.0432496 -0.0115417 7.60222e-05 0.181895
0.0432496 -0.0115417 0.0497351 -0.0141077 0.000121917 0.187747
0.0462178 -0.0108049 0.0472434 -0.0111141 0.000266571 0.70228
0.0462178 -0.0108049 0.0477308 -0.0116996 0.000253913 0.57662
-0.0079627 0.0321109 -0.00466419 0.0368821 5.23345e-05 0.0180596
-0.0224412 0.042739 -0.0079627 0.0321109 5.51744e-05 0.0114059
0.00873655 0.00914773 0.0121161 0.00794934 0.00013191 0.105391
0.00904148 0.0111793 0.00873655 0.00914773 8.96989e-05 0.0155069
-0.00774825 0.0211078 -0.0061909 0.0197194 0.000161366 0.147919
-0.0061909 0.0197194 -0.00592698 0.0200308 0.000237389 0.283694
0.00221908 -0.000551554 0.00699088 -0.00248235 9.51255e-05 0.143016
0.00221908 -0.000551554 0.00737671 8.81628e-05 9.7784e-05 0.0988838
0.00651414 -0.00565849 0.00689861 -0.00309706 9.15548e-05 0.137675
0.00651414 -0.00565849 0.0176116 -0.0112726 3.17201e-05 0.00139869
0.0405268 -0.0240839 0.0438179 -0.0249709 2.39692e-05 0.0101264
0.0401368 -0.0258803 0.0405268 -0.0240839 7.73071e-05 0.0253686
0.0352305 -0.0226563 0.0405268 -0.0240839 2.45262e-05 0.00834773
0.0352305 -0.0226563 0.0384951 -0.0218374 0.000103629 0.147382
0.0189592 -0.0267379 0.0205122 -0.0283397 0.000254511 0.098297
0.0189592 -0.0267379 0.0216341 -0.0260669 0.000102437 0.0877306
0.0167894 -0.0298705 0.0183164 -0.0268991 3.46892e-05 0.0087181
0.0183164 -0.0268991 0.0189592 -0.0267379 0.000101411 0.0796616
0.0170303 -0.0247483 0.0185933 -0.0263604 0.0002555 0.101545
0.0150887 -0.0254391 0.0170303 -0.0247483 0.000292244 0.664303
0.00714719 -0.0263067 0.00438304 -0.0198564 0.000109833 0.00661592
0.00714719 -0.0263067 0.00866106 -0.0277261 0.000140231 0.0573863
0.0117229 -0.0285531 0.0136947 -0.0290658 4.86167e-05 0.0123735
0.0117229 -0.0285531 0.0141232 -0.0279509 0.000101883 0.0789624
0.0100032 -0.0289844 0.012593 -0.0314127 0.000141392 0.0312186
0.0100032 -0.0289844 0.0117229 -0.0285531 0.000102287 0.0786852
0.00863331 -0.0277497 0.0087066 -0.0277688 4.95458e-05 0.0124683
0.00863331 -0.0277497 0.00994201 -0.0289998 9.97573e-05 0.0148393
0.00994201 -0.0289998 0.0100032 -0.0289844 0.000101794 0.0778687
0.00994201 -0.0289998 0.0124898 -0.0314334 9.94375e-05 0.0146281
0.0306862 -0.0120701 0.0298551 -0.00969057 0.000277167 0.274781
0.0409692 -0.0162308 0.0306862 -0.0120701 8.52699e-05 0.00125733
0.0399979 -0.0214604 0.0411596 -0.021169 0.000102306 0.158144
0.0365775 -0.0184109 0.0399979 -0.0214604 0.000156503 0.333145
0.0401368 -0.0258803 0.0438293 -0.0251386 0.000117338 0.248151
0.0383635 -0.0340489 0.0401368 -0.0258803 7.46003e-05 0.0459574
0.000762129 0.0447311 0.00135499 0.0455887 5.10091e-05 0.00198233
0.000762129 0.0447311 -0.00309095 0.0493605 2.63146e-05 4.44521e-05
0.000762129 0.0447311 0.00203864 0.0431975 2.68412e-05 0.000538844
0.00135499 0.0455887 0.00203864 0.0431975 2.15545e-05 0.000130417
0.000327051 0.0491842 0.00371968 0.0490092 3.09266e-05 0.000554754
0.0198986 0.0232893 0.0313775 0.0169369 0.000111986 0.0514178
0.0313775 0.0169369 0.0350957 0.0266099 7.25653e-05 0.00940677
0.0394669 0.014854 0.0397398 0.0147875 0.000120483 0.273457
0.0394669 0.014854 0.0398921 0.015084 0.000426249 0.0603487
0.00581157 -0.0250544 0.00716424 -0.0263465 9.83622e-05 0.0288123
0.00581157 -0.0250544 0.00714719 -0.0263067 0.000140416 0.0601126
0.0254374 0.00148353 0.0260859 0.00110009 0.000279458 0.3951
0.025707 0.00218477 0.0254374 0.00148353 7.12184e-05 0.00431498
0.0256477 0.00235438 0.0257784 0.00237058 0.00010339 0.0847199
0.0253302 0.00326358 0.0256477 0.00235438 0.000286004 0.334806
0.0131918 0.0485206 0.0145618 0.0497459 0.000161201 0.00107604
0.0117214 0.0485964 0.0131918 0.0485206 3.09266e-05 3.62847e-05
0.0121161 0.00794934 0.0138625 0.00184068 2.21899e-05 0.0028828
0.00837422 0.00673381 0.0138625 0.00184068 0.000155234 0.167181
0.0144448 0.00132159 0.0203295 0.00450413 0.000494768 0.437648
0.0138625 0.00184068 0.0144448 0.00132159 0.000154957 0.167444
0.0259314 -0.00468961 0.0284573 -0.00568901 0.000119902 0.0470472
0.0259314 -0.00468961 0.0283644 -0.00542305 0.00024959 0.238354
0.023443 -0.00370508 0.0259314 -0.00468961 0.000134386 0.0666388
0.023443 -0.00370508 0.0254374 0.00148353 7.38397e-05 0.00605574
0.017402 -0.00131493 0.023443 -0.00370508 0.000136493 0.066412
0.0147961 0.00100841 0.017402 -0.00131493 0.00017388 0.0937927
0.0245446 -0.01478 0.0267548 -0.0104793 3.39292e-05 0.00992575
0.0267548 -0.0104793 0.0284509 -0.0111656 8.84376e-05 0.0198755
0.0267548 -0.0104793 0.0270459 -0.00991294 3.4974e-05 0.00773105
0.0253428 -0.00839457 0.0270459 -0.00991294 0.0001473 0.00744158
0.0266737 -0.015857 0.0267349 -0.015888 3.3034e-05 0.00311125
0.026667 -0.0158706 0.0266737 -0.015857 7.69776e-05 0.0491941
0.0245446 -0.01478 0.0266737 -0.015857 3.21019e-05 0.00261601
0.0242964 -0.0152629 0.0245446 -0.01478 3.41546e-05 0.0101406
0.0169039 -0.0356497 0.0169698 -0.0355163 7.61477e-05 0.0458809
0.0169698 -0.0355163 0.0273164 -0.0452172 0.000136488 0.0365893
0.021715 -0.0295804 0.0227844 -0.0293656 0.000118264 0.134604
0.021715 -0.0295804 0.0233188 -0.0312346 0.00025112 0.0839006
-0.00179886 0.0249024 0.00367248 0.0235701 0.000127118 0.0815198
-0.00179886 0.0249024 -0.000396682 0.0265571 0.000245507 0.361468
-0.00592698 0.0200308 0.00904148 0.0111793 0.000256616 0.404069
-0.00592698 0.0200308 -0.00179886 0.0249024 0.0002461 0.340952
-0.0158391 0.0283212 -0.0126117 0.0254439 0.000166761 0.143098
-0.0126117 0.0254439 -0.0125074 0.0255371 0.000181887 0.22901
-0.00815148 0.0012256 -0.00570439 0.000522754 7.19942e-05 0.0509073
-0.00815148 0.0012256 -0.00550027 -0.00150901 0.000263107 0.205785
-0.0198142 0.00364269 -0.0198871 0.00459629 8.39873e-05 0.0136751
-0.0198142 0.00364269 -0.0191786 0.00439278 0.000251566 0.510699
-0.0228853 0.00545744 -0.0205196 0.00281026 0.000282929 0.338928
-0.0205196 0.00281026 -0.0198142 0.00364269 0.000252853 0.507043
0.0135888 0.000858667 0.014069 0.00111839 0.000503861 0.412824
0.0135888 0.000858667 0.0141243 0.000925088 0.000112108 0.0322725
0.0123094 0.00069998 0.0135888 0.000858667 9.81701e-05 0.0482912
0.0123094 0.00069998 0.0128788 0.000474693 0.000126937 0.136042
0.00873655 0.00914773 0.00837422 0.00673381 8.82722e-05 0.025226
0.0036393 0.0109552 0.00837422 0.00673381 0.000155491 0.161768
-0.0168351 0.00715826 -0.0120106 0.00520616 9.58678e-05 0.0609695
-0.0168351 0.00715826 -0.0161305 0.00798981 0.000251166 0.516787
0.01489 -0.0335663 0.0163886 -0.0306503 3.52984e-05 0.00919226
0.0163886 -0.0306503 0.0183068 -0.030265 0.000117667 0.104425
0.01489 -0.0335663 0.0169698 -0.0355163 0.000140551 0.0335683
0.014835 -0.0336735 0.01489 -0.0335663 3.45684e-05 0.00972729
-0.0161305 0.00798981 -0.0141226 0.00738455 0.000263922 0.541016
-0.0161305 0.00798981 -0.0154677 0.00877195 0.000258581 0.573291
0.0218346 0.0194136 0.0243782 0.0185281 0.000218552 0.248356
0.0181373 0.0238556 0.0218346 0.0194136 2.69942e-05 0.0018958
0.00367658 0.0374684 0.00498158 0.0329039 2.60431e-05 0.00255465
0.00664838 0.0348709 0.00498158 0.0329039 0.000283217 0.0410307
0.00498158 0.0329039 0.00493436 0.0328482 0.000280335 0.0416392
0.0282438 0.00878432 0.0299248 0.00969347 0.000478589 0.53888
0.0290139 0.0107879 0.0282438 0.00878432 7.01758e-05 0.00606299
0.025707 0.00218477 0.0260859 0.00110009 0.000286525 0.317973
0.0260859 0.00110009 0.0311627 -0.00190211 0.000273581 0.618223
0.0284573 -0.00568901 0.0283644 -0.00542305 0.000274895 0.223726
0.0284573 -0.00568901 0.0290883 -0.00593867 0.000123063 0.130818
0.0290883 -0.00593867 0.0292206 -0.00568115 3.57351e-05 0.0164078
0.0292206 -0.00568115 0.0313759 -0.00633085 0.000250278 0.613947
0.0270459 -0.00991294 0.0284509 -0.0111656 0.000148436 0.00731405
0.0284509 -0.0111656 0.0288998 -0.0113472 8.72227e-05 0.0221579
0.0288249 -0.011499 0.0288998 -0.0113472 7.62028e-05 0.0439107
0.0288998 -0.0113472 0.0306862 -0.0120701 8.80361e-05 0.0228496
0.0221123 0.0190799 0.0290139 0.0107879 2.86884e-05 0.00414596
0.0303184 0.0141817 0.0290139 0.0107879 7.42871e-05 0.00575224
0.00135499 0.0455887 0.00371968 0.0490092 4.99143e-05 0.00190601
0.00135499 0.0455887 0.000327051 0.0491842 2.13905e-05 0.000148151
-0.00309095 0.0493605 0.000327051 0.0491842 3.09266e-05 0.000452284
0.0257784 0.00237058 0.0260267 0.00301657 7.22621e-05 0.00744469
0.0257784 0.00237058 0.027312 0.0025608 0.000103213 0.0856492
0.025707 0.00218477 0.0257784 0.00237058 7.12486e-05 0.00868639
0.0256477 0.00235438 0.025707 0.00218477 0.000286535 0.321194
0.0283644 -0.00542305 0.0292206 -0.00568115 0.000250295 0.612792
0.0260859 0.00110009 0.0283644 -0.00542305 0.000285524 0.11343
0.0290883 -0.00593867 0.0311641 -0.00675996 0.00012305 0.130635
0.0287646 -0.00656861 0.0290883 -0.00593867 3.53043e-05 0.0159209
