# time=800000
x1 y1 x2 y2 aperture velocity
0.0443843 -0.00631477 0.05 -0.010437 6.68613e-05 0.0407344
0.0440694 -0.0250904 0.05 -0.0303778 0.000172929 0.459469
-0.05 0.000316541 -0.04286 -0.00160796 2.22582e-05 0.003458
-0.05 -0.0312056 -0.04959 -0.0314953 0.00035886 0.437533
0.0474957 0.00801726 0.05 0.0066314 0.000170641 0.47473
0.0458809 0.000579001 0.05 -0.00302134 0.000271882 0.79559
-0.05 0.0299759 -0.0423835 0.0272751 0.000130764 0.118607
-0.05 -0.0125039 -0.0419318 -0.0146018 4.557e-05 0.0133224
0.0450408 -0.0429945 0.05 -0.0416201 0.000102785 0.262016
0.0477065 0.0302897 0.05 0.0347524 3.30499e-05 0.0131111
-0.05 -0.043985 -0.0489825 -0.0437807 0.000111127 0.0406305
-0.05 0.0229315 -0.0399407 0.0178426 3.11145e-05 0.00633581
-0.05 0.0272741 -0.046455 0.0239504 0.000138111 0.101902
-0.05 -0.00702845 -0.0488496 -0.00688577 9.48929e-05 0.0635673
0.0497351 -0.0141077 0.05 -0.014426 3.08576e-05 0.0087348
0.0490599 0.0294953 0.05 0.0313998 7.70464e-05 0.088095
-0.05 0.025353 -0.046455 0.0239504 0.000117805 0.0945037
-0.05 0.0444191 -0.0461801 0.0430894 0.000247414 0.460899
-0.05 0.0366396 -0.0228218 0.0300215 0.000118237 0.107037
-0.05 0.0132453 -0.0320246 0.00808241 6.46759e-05 0.0292521
-0.05 0.00378124 -0.039767 0.00115824 2.26532e-05 0.00360242
0.0487448 0.0137711 0.05 0.0195529 7.72019e-05 0.0415367
-0.05 -0.0286948 -0.0496576 -0.0281995 4.88291e-05 0.00791737
-0.05 -0.0319792 -0.04959 -0.0314953 0.000244826 0.161219
-0.05 0.0181997 -0.0357353 0.0138996 0.00044504 1.39184
-0.05 -0.027879 -0.0496576 -0.0281995 0.000102473 0.0447608
-0.05 -0.00799343 -0.0488104 -0.00692954 0.000175031 0.162448
-0.05 -0.00560268 -0.0488496 -0.00688577 4.70573e-05 0.0105152
0.0487448 0.0137711 0.05 0.0125904 7.78409e-05 0.144983
-0.05 -0.0440359 -0.0489825 -0.0437807 9.49983e-05 0.0293752
-0.05 -0.0299924 -0.048906 -0.0306882 0.000111152 0.0555357
-0.05 0.0415005 -0.0461801 0.0430894 3.30736e-05 0.00805232
0.0453562 -0.0476437 0.05 -0.044689 8.75575e-05 0.176681
-0.05 -0.00877678 -0.0433793 -0.0129873 2.93384e-05 0.00479165
-0.05 0.0282563 -0.0448113 0.0233 9.3618e-05 0.0464939
-0.05 0.0205776 -0.0374354 0.0154937 8.4088e-05 0.0481072
0.0490599 0.0294953 0.05 0.0289434 3.83752e-05 0.0425815
0.0429283 0.0469867 0.05 0.046622 3.09266e-05 0.0260904
-0.05 0.0460933 -0.0454404 0.043397 0.000511937 1.7954
-0.0228246 0.0430204 -0.0224412 0.042739 8.50294e-05 0.0234149
-0.0224412 0.042739 -0.0228816 0.0437668 0.000166228 0.0362544
0.0101839 0.0187903 0.0232593 0.00919225 5.37213e-05 0.0144543
0.0205138 0.0170522 0.0232593 0.00919225 0.00047427 1.36244
0.0348415 0.000690202 0.0369482 -0.000856241 5.88198e-05 0.0342722
0.0369482 -0.000856241 0.0394415 -0.00174035 0.000155345 0.243443
0.0369482 -0.000856241 0.0414656 -0.00417222 6.06379e-05 0.0317223
0.0394415 -0.00174035 0.0414656 -0.00417222 3.09078e-05 0.00653946
0.0414656 -0.00417222 0.0443843 -0.00631477 5.97717e-05 0.0321512
0.0441494 -0.00739678 0.0443843 -0.00631477 0.000107185 0.019439
-0.0221296 0.0339296 -0.0165246 0.0289324 0.000518438 1.20089
-0.0184557 0.0334386 -0.0165246 0.0289324 0.000173532 0.0312027
0.0438103 -0.0248594 0.0439864 -0.0250164 0.000174918 0.45713
0.0439864 -0.0250164 0.0441792 -0.0250683 2.70077e-05 0.0144032
0.0439864 -0.0250164 0.0440694 -0.0250904 0.000174445 0.458341
0.0440694 -0.0250904 0.0441792 -0.0250683 0.00013082 0.346584
0.0017112 -0.0136216 -0.000285636 -0.00896189 0.000111148 0.007655
0.0017112 -0.0136216 0.0051786 -0.0145562 2.39183e-05 0.00369546
0.00765677 -0.0274958 0.00787526 -0.0280057 0.000117723 0.000137461
0.00722648 -0.0282365 0.00787526 -0.0280057 0.000327987 0.794278
0.0111578 -0.0356656 0.0123643 -0.038481 0.000104595 0.00221084
0.00850765 -0.0459855 0.0123643 -0.038481 3.30298e-05 0.000349727
0.0123643 -0.038481 0.0138245 -0.0418884 0.000104588 0.00201202
0.011015 -0.0475801 0.0138245 -0.0418884 7.20998e-05 0.000348962
-0.0189195 -0.00806083 -0.00964767 -0.0105599 2.2967e-05 0.00276437
-0.0189195 -0.00806083 -0.0192217 -0.00410808 7.68426e-05 0.0108614
-0.0313376 -0.00471369 -0.0277213 -0.00568841 2.33701e-05 0.00363793
-0.0313376 -0.00471369 -0.0263736 -0.00409799 9.86955e-05 0.0675491
-0.0330937 -0.00424034 -0.0313376 -0.00471369 2.37201e-05 0.00370516
-0.0330937 -0.00424034 -0.0309279 -0.00110746 5.15399e-05 0.0113501
-0.04286 -0.00160796 -0.0330937 -0.00424034 2.28468e-05 0.0033228
-0.04286 -0.00160796 -0.039767 0.00115824 0.00017201 0.160743
0.0331156 -0.0190251 0.0325395 -0.0173759 0.00030935 0.302259
0.0330102 -0.0190626 0.0331156 -0.0190251 0.000323865 0.862538
0.0383635 -0.0340489 0.0389133 -0.0356231 0.00028506 0.0607714
0.0389133 -0.0356231 0.0446417 -0.0371126 5.02754e-05 0.060204
0.0389133 -0.0356231 0.0418017 -0.0438922 0.000285963 0.0592873
0.0369058 -0.045249 0.0418017 -0.0438922 0.000102762 0.260682
-0.0359186 -0.0411567 -0.0355098 -0.0414455 0.000275055 0.193712
-0.0359186 -0.0411567 -0.035836 -0.0411401 0.000115486 0.0666516
-0.04959 -0.0314953 -0.0366005 -0.0406747 0.000277335 0.209988
-0.04959 -0.0314953 -0.048906 -0.0306882 0.000328607 0.420707
0.0331156 -0.0190251 0.0355687 -0.0181523 0.000323664 0.437666
0.0355687 -0.0181523 0.0365775 -0.0184109 2.74565e-05 0.00844281
0.0360825 -0.0179695 0.0409692 -0.0162308 0.000322773 0.196865
0.0409692 -0.0162308 0.0421297 -0.0167004 9.9433e-05 0.209737
0.0409692 -0.0162308 0.0423373 -0.015744 0.000322481 0.132234
0.0423373 -0.015744 0.0421297 -0.0167004 8.53952e-05 0.184123
0.0179605 0.0243618 0.0198986 0.0232893 0.00014166 0.0901967
0.017648 0.0252564 0.0198986 0.0232893 0.000248052 0.216752
0.0372793 0.0136709 0.0387482 0.0128581 0.000174932 0.506925
0.0387482 0.0128581 0.0366047 0.00868707 4.94901e-05 0.00679436
0.0387482 0.0128581 0.0403972 0.0119455 0.000173276 0.512099
0.0403972 0.0119455 0.0381305 0.00735337 0.000121127 0.0140323
0.0403972 0.0119455 0.0474957 0.00801726 0.00017356 0.498561
0.0468369 0.00498253 0.0474957 0.00801726 0.000128636 0.00856638
-0.0179426 -0.0208395 -0.0189195 -0.00806083 8.02829e-05 0.0102449
-0.0179426 -0.0208395 0.00340241 -0.0263896 4.77689e-05 0.012206
-0.0162276 -0.043272 -0.0166847 -0.0372934 7.90949e-05 0.00583674
0.0257193 0.0182016 0.0259861 0.0179684 0.000256966 0.27914
0.0259861 0.0179684 0.031091 0.0161914 0.000270686 0.362403
0.0259861 0.0179684 0.0303184 0.0141817 0.000363326 0.690669
0.031091 0.0161914 0.0303184 0.0141817 8.86859e-05 0.012348
0.0303184 0.0141817 0.0333401 0.0115405 0.000357677 0.696359
0.0333401 0.0115405 0.0372793 0.0136709 0.000713322 1.0631
0.0381305 0.00735337 0.0415878 0.00433147 0.000290229 0.99951
0.0415878 0.00433147 0.0468369 0.00498253 0.000184583 0.472063
0.0415878 0.00433147 0.0458809 0.000579001 0.000271471 0.810387
0.0458809 0.000579001 0.0449531 -0.0036948 9.60077e-05 0.00203553
0.0121161 0.00794934 0.0180793 0.00583476 0.000140109 0.121198
0.0116303 0.00964834 0.0121161 0.00794934 2.39208e-05 0.0024006
-0.0423835 0.0272751 -0.0210423 0.0197074 0.000195447 0.288223
-0.05 0.0357977 -0.0423835 0.0272751 0.000379117 0.704811
-0.0405122 -0.0149709 -0.0400859 -0.0150818 4.58687e-05 0.0137513
-0.0405122 -0.0149709 -0.0404352 -0.0148596 5.01678e-05 0.00987914
-0.0419318 -0.0146018 -0.0405122 -0.0149709 4.68279e-05 0.0143493
-0.0419318 -0.0146018 -0.0409862 -0.0156566 4.70573e-05 0.00991864
0.0418017 -0.0438922 0.0450408 -0.0429945 0.000103004 0.424664
0.0450408 -0.0429945 0.0453562 -0.0476437 0.000451496 0.0342634
0.0397398 0.0147875 0.0390393 0.0134246 3.78907e-05 0.017542
0.0397398 0.0147875 0.041579 0.0143397 0.000130589 0.344394
0.0398921 0.015084 0.0423221 0.0198124 3.41745e-05 0.00197172
0.0350957 0.0266099 0.0423221 0.0198124 8.22039e-05 0.019257
0.0423221 0.0198124 0.0477065 0.0302897 3.91703e-05 0.0220578
0.0385714 0.0356521 0.0477065 0.0302897 3.56963e-05 0.0192928
-0.0489825 -0.0437807 -0.0359186 -0.0411567 0.00010987 0.0398214
-0.0489825 -0.0437807 -0.0366005 -0.0406747 9.64339e-05 0.0303893
-0.0399407 0.0178426 -0.0381487 0.0169361 3.20676e-05 0.0067368
-0.0399407 0.0178426 -0.0374354 0.0154937 0.000136524 0.100079
-0.046455 0.0239504 -0.0399407 0.0178426 0.000136711 0.100081
-0.046455 0.0239504 -0.0448113 0.0233 0.000118951 0.0968854
-0.0487472 -0.00687306 -0.0336164 -0.00499634 9.99251e-05 0.0676216
-0.0487472 -0.00687306 -0.04286 -0.00160796 0.000172288 0.160478
-0.0488496 -0.00688577 -0.0487472 -0.00687306 9.4584e-05 0.0633485
-0.0488496 -0.00688577 -0.0488104 -0.00692954 4.82794e-05 0.0110845
0.0441494 -0.00739678 0.0472434 -0.0111141 4.00626e-05 0.0115747
0.0472434 -0.0111141 0.05 -0.011945 0.000392875 1.63325
0.0472434 -0.0111141 0.0477308 -0.0116996 4.55199e-05 0.0151259
0.0477308 -0.0116996 0.05 -0.0130415 0.000293794 0.815517
0.0477308 -0.0116996 0.0497351 -0.0141077 3.05543e-05 0.00629051
0.0497351 -0.0141077 0.05 -0.0142125 0.000133935 0.239187
0.0426945 0.0165995 0.0436595 0.0185545 7.71255e-05 0.0318171
0.0423221 0.0198124 0.0436595 0.0185545 7.26206e-05 0.0108285
0.0436595 0.0185545 0.0490599 0.0294953 7.71139e-05 0.0946924
0.0477065 0.0302897 0.0490599 0.0294953 3.94062e-05 0.028406
0.0243782 0.0185281 0.0259861 0.0179684 0.000367637 0.754293
0.0243782 0.0185281 0.0257193 0.0182016 0.000189479 0.208251
-0.0461801 0.0430894 -0.0431173 0.0420233 0.000246979 0.460529
-0.0461801 0.0430894 -0.0454404 0.043397 4.24617e-05 0.0131534
0.0160235 -0.00571791 0.0147674 -0.00132426 2.13905e-05 0.000304938
0.0160235 -0.00571791 0.0220085 -0.00743691 6.91922e-05 0.00859034
0.018314 -0.0137295 0.0176116 -0.0112726 2.20873e-05 0.00328524
0.018314 -0.0137295 0.0194753 -0.0140272 2.34428e-05 0.00313573
0.0188582 -0.0156327 0.018314 -0.0137295 2.30393e-05 0.00224209
0.0188582 -0.0156327 0.0194753 -0.0140272 7.34648e-05 0.0476975
0.0233188 -0.0312346 0.0227844 -0.0293656 2.34208e-05 0.00212793
0.0233188 -0.0312346 0.0237512 -0.0316807 0.000270916 0.0970874
0.0273164 -0.0452172 0.0274652 -0.0457378 2.24654e-05 0.00043666
0.0274652 -0.0457378 0.0291917 -0.0473869 9.53701e-05 0.0184873
0.0274652 -0.0457378 0.0280288 -0.0477092 2.19078e-05 0.00112761
0.0106464 0.0218719 0.0173765 0.0202331 0.000138604 0.0781777
0.0106464 0.0218719 0.0108513 0.0232368 0.000101602 0.0210893
-0.0228218 0.0300215 -0.021812 0.0297757 0.000134424 0.149422
-0.0228218 0.0300215 -0.0217839 0.0294078 0.000274869 0.50751
-0.0228853 0.00545744 -0.0198871 0.00459629 9.15395e-05 0.0660377
-0.024861 0.00766809 -0.0228853 0.00545744 0.000351805 0.503123
-0.0275275 0.00679075 -0.0258088 0.00629711 0.000116589 0.0936409
-0.0275275 0.00679075 -0.0262868 0.00560566 0.000107218 0.0526242
-0.0320246 0.00808241 -0.0284296 0.00704984 6.87659e-05 0.030409
-0.0320246 0.00808241 -0.0307483 0.00922386 0.000170884 0.160635
-0.0128852 -0.00573227 -0.000285636 -0.00896189 2.47751e-05 0.00421553
-0.015546 -0.00275501 -0.0128852 -0.00573227 0.000293523 0.206044
-0.0192217 -0.00410808 -0.0155158 -0.00505798 2.34432e-05 0.00282552
-0.0192217 -0.00410808 -0.0192896 -0.00321934 7.80319e-05 0.0115799
-0.0215804 -0.00350347 -0.0192217 -0.00410808 3.06926e-05 0.00440571
-0.0215804 -0.00350347 -0.0192896 -0.00321934 0.000126685 0.0909621
-0.0309279 -0.00110746 -0.0251044 -0.00260018 2.34712e-05 0.00365511
-0.0309279 -0.00110746 -0.0265237 0.00526295 5.06698e-05 0.0114676
-0.039767 0.00115824 -0.0309279 -0.00110746 2.34246e-05 0.00349491
-0.039767 0.00115824 -0.0320246 0.00808241 0.000171809 0.16093
0.0487448 0.0137711 0.0485023 0.0126538 7.78406e-05 0.0243024
0.0446268 0.0176446 0.0487448 0.0137711 7.79264e-05 0.21025
-0.0496576 -0.0281995 -0.0409862 -0.0156566 4.95273e-05 0.00930241
-0.0496576 -0.0281995 -0.0480626 -0.0296929 0.000102239 0.0441381
-0.0141226 0.00738455 -0.00627716 0.00501956 0.000440492 1.66509
-0.0141226 0.00738455 -0.0120106 0.00520616 0.000287537 0.249236
-0.0346169 0.0135625 -0.0284738 0.0117107 0.000415131 1.24215
-0.0346169 0.0135625 -0.0304004 0.00953495 0.000168868 0.146769
-0.0357353 0.0138996 -0.0346169 0.0135625 0.000423027 1.2665
-0.0357353 0.0138996 -0.0307483 0.00922386 0.00026534 0.365406
0.0119722 -0.0335468 0.0127054 -0.0316394 7.26343e-05 0.0388102
0.0104497 -0.0318432 0.0119722 -0.0335468 0.000267923 0.0237385
0.00744961 -0.0453126 0.0111578 -0.0356656 6.53061e-05 0.00161292
0.00744961 -0.0453126 0.00850765 -0.0459855 2.93384e-05 0.00125131
-0.0488104 -0.00692954 -0.0487472 -0.00687306 0.000174756 0.162591
-0.0488104 -0.00692954 -0.0433793 -0.0129873 5.0424e-05 0.0110054
0.0119722 -0.0335468 0.0138311 -0.0356268 0.000261368 0.0154498
0.0123643 -0.038481 0.0138311 -0.0356268 3.30312e-05 0.000979727
0.0138311 -0.0356268 0.0158179 -0.0378499 0.000259698 0.0142738
0.0138245 -0.0418884 0.0158179 -0.0378499 7.2101e-05 0.00326754
-0.0154677 0.00877195 -0.0141226 0.00738455 0.000532446 1.092
-0.0154677 0.00877195 -0.0136158 0.0109574 0.000246831 0.331678
-0.0200574 0.0135061 -0.0154677 0.00877195 0.000357272 0.20218
-0.0200574 0.0135061 -0.0136158 0.0109574 0.000140078 0.0737574
-0.020612 0.0140781 -0.0205055 0.0139682 0.000340089 0.0719546
-0.0209133 0.0180196 -0.020612 0.0140781 9.33061e-05 0.0647186
0.0438103 -0.0248594 0.0438179 -0.0249709 0.000495005 0.00489566
0.0429468 -0.0240894 0.0438103 -0.0248594 0.00017486 0.433607
0.0434931 -0.0201836 0.0435198 -0.020577 0.000491423 0.000822975
0.0434931 -0.0201836 0.044282 -0.0203858 2.26532e-05 0.00888237
-0.0336307 -0.0427735 -0.0312417 -0.0419235 0.000334383 0.629335
-0.0332804 -0.0406268 -0.0312417 -0.0419235 0.000113363 0.0392156
-0.0332804 -0.0406268 -0.0208395 -0.0381279 0.000126272 0.0903495
-0.048906 -0.0306882 -0.0429602 -0.03447 0.000163762 0.0742031
-0.048906 -0.0306882 -0.0480626 -0.0296929 0.000317386 0.416743
0.00695375 -0.00272968 0.00723125 -0.00257961 0.000530348 0.085443
0.00699088 -0.00248235 0.00695375 -0.00272968 0.0001121 0.168936
0.00649095 -0.00297997 0.00695375 -0.00272968 0.000518001 0.0278207
0.00689861 -0.00309706 0.00649095 -0.00297997 7.87211e-05 0.0605111
0.00116224 -0.0413141 0.00744961 -0.0453126 3.07633e-05 0.00461735
0.00116224 -0.0413141 0.00233931 -0.0334722 8.39875e-05 0.000905513
-0.00984838 -0.0343117 -0.00792624 -0.0355342 3.49463e-05 0.00409366
-0.0167256 -0.0367587 -0.00984838 -0.0343117 0.000330541 0.645472
-0.0172736 -0.0295896 -0.0102404 -0.0340624 3.27984e-05 0.00456097
-0.0172736 -0.0295896 -0.0179426 -0.0208395 8.17504e-05 0.00716997
-0.0400859 -0.0150818 -0.0372237 -0.016902 2.95376e-05 0.00494727
-0.0400859 -0.0150818 -0.0364765 -0.0160203 4.60491e-05 0.0139065
-0.0404352 -0.0148596 -0.0400859 -0.0150818 3.0172e-05 0.0051624
-0.0404352 -0.0148596 -0.0336164 -0.00499634 4.99203e-05 0.0100917
-0.0433793 -0.0129873 -0.0404352 -0.0148596 3.06144e-05 0.00535454
-0.0433793 -0.0129873 -0.0419318 -0.0146018 4.89906e-05 0.0108509
-0.0360532 0.0149344 -0.0346169 0.0135625 9.57699e-05 0.048834
-0.0360532 0.0149344 -0.0286934 0.0119564 8.67433e-05 0.0523104
-0.0381487 0.0169361 -0.0360532 0.0149344 9.64988e-05 0.0497401
-0.0381487 0.0169361 -0.0290135 0.0123146 3.19499e-05 0.00680812
-0.0448113 0.0233 -0.0381487 0.0169361 9.6736e-05 0.0496335
-0.0448113 0.0233 -0.0355598 0.0196396 0.000117116 0.0945725
-0.0374354 0.0154937 -0.0360532 0.0149344 8.64282e-05 0.0510778
-0.0374354 0.0154937 -0.0357353 0.0138996 0.000135322 0.0982387
0.0173765 0.0202331 0.0205138 0.0170522 0.000885607 0.828319
0.0205138 0.0170522 0.019591 0.0196938 0.000472842 0.184841
-0.0103577 0.0497353 -0.00309095 0.0493605 3.09266e-05 0.000363406
0.0180047 0.0482723 0.0429283 0.0469867 3.09266e-05 0.00634998
-0.0431173 0.0420233 -0.0228218 0.0300215 0.000279169 0.526307
-0.0431173 0.0420233 -0.0235794 0.0352221 0.000474224 1.85588
-0.0454404 0.043397 -0.0431173 0.0420233 0.000509507 1.7925
-0.0454404 0.043397 -0.0367862 0.0469967 6.91646e-05 0.0925046
-0.0313319 0.0492653 -0.0228246 0.0430204 4.92662e-05 0.00429741
-0.0228246 0.0430204 -0.0228816 0.0437668 0.000107767 0.0466598
-0.0228816 0.0437668 -0.0246774 0.0479573 0.000161831 0.0440893
-0.0228816 0.0437668 -0.0231368 0.0471047 0.000103819 0.0377569
0.00367248 0.0235701 0.00870661 0.0198747 6.02768e-05 0.0163741
0.00794775 0.022529 0.00870661 0.0198747 2.36048e-05 0.00132545
0.00870661 0.0198747 0.0101839 0.0187903 5.74936e-05 0.0169992
0.0106464 0.0218719 0.0101839 0.0187903 9.67618e-05 0.00635394
0.0315732 0.00308933 0.0331377 0.0019409 6.01692e-05 0.0336832
0.0331377 0.0019409 0.0325092 0.000717867 3.42317e-05 0.000190311
0.0331377 0.0019409 0.0348415 0.000690202 5.96335e-05 0.0338094
0.0348415 0.000690202 0.0345057 9.88431e-06 8.61042e-05 4.55636e-05
0.0394415 -0.00174035 0.0449531 -0.0036948 0.000154722 0.24477
0.0358009 0.00263369 0.0394415 -0.00174035 3.02535e-05 0.0084584
0.0437291 -0.00933319 0.0441494 -0.00739678 0.000117213 0.019992
0.0414656 -0.00417222 0.0441494 -0.00739678 3.03163e-05 0.00672773
-0.0235794 0.0352221 -0.0221296 0.0339296 0.000542748 1.23982
-0.0221296 0.0339296 -0.0221915 0.034739 0.000291102 0.178557
-0.0184557 0.0334386 -0.0224412 0.042739 0.000171623 0.0295849
-0.0184557 0.0334386 -0.00925826 0.030237 0.000334888 0.740707
0.0441792 -0.0250683 0.0456829 -0.0254736 2.73691e-05 0.0138287
0.0441792 -0.0250683 0.0446821 -0.0249673 0.000131638 0.344509
-0.0140892 0.0232492 -0.0110535 0.0161654 0.00014456 0.06198
-0.0110535 0.0161654 -0.00963023 0.0156607 0.000154207 0.173497
-0.00416004 7.91886e-05 -0.00517119 0.00243874 0.000120326 0.0182081
-0.00416004 7.91886e-05 -0.00070239 -0.000913913 7.9863e-05 0.0762753
-0.000285636 -0.00896189 -0.00187863 -0.00524458 0.000108966 0.00796127
-0.000285636 -0.00896189 0.00239031 -0.00964781 2.37321e-05 0.00369855
0.0282205 -0.0207668 0.034296 -0.0224044 2.53522e-05 0.00491058
0.0234044 -0.0224804 0.0282205 -0.0207668 0.000324215 0.862271
0.0196669 -0.0184613 0.0222895 -0.0191682 2.313e-05 0.00251237
0.0196669 -0.0184613 0.0188582 -0.0156327 2.34916e-05 0.0027274
0.00784604 -0.0152752 0.0179489 -0.0179983 2.41156e-05 0.00410739
0.00784604 -0.0152752 0.0158301 -0.0235104 0.000275261 0.162996
0.0051786 -0.0145562 0.00784604 -0.0152752 2.37259e-05 0.00336997
0.0051786 -0.0145562 0.00544276 -0.0127963 9.2903e-05 0.0446227
0.00765677 -0.0274958 0.00716424 -0.0263465 0.000117568 0.000153795
0.00765677 -0.0274958 0.00861096 -0.0277439 5.30069e-05 0.0166705
-0.00984838 -0.0343117 -0.00653594 -0.0331332 0.000330337 0.646352
-0.00653594 -0.0331332 0.00273943 -0.0308065 0.000115242 0.0782264
0.0028938 -0.0297781 0.00722648 -0.0282365 0.000330154 0.655733
0.00623387 -0.0271258 0.00722648 -0.0282365 0.000293028 0.213699
0.00866303 -0.0298439 0.00846053 -0.0293714 0.000123735 0.0282298
0.00828097 -0.0294164 0.00866303 -0.0298439 0.000289237 0.0564281
0.00959347 -0.0320152 0.0111578 -0.0356656 0.000119324 0.00521981
0.0111578 -0.0356656 0.0119722 -0.0335468 7.32531e-05 0.00678386
0.00850765 -0.0459855 0.011015 -0.0475801 2.93384e-05 0.000857582
-0.0092509 -0.0106669 -0.00822913 -0.0109423 2.92039e-05 0.0057038
-0.0092509 -0.0106669 -0.00395127 -0.015729 0.000117266 0.0426382
-0.00964767 -0.0105599 -0.0092509 -0.0106669 2.92716e-05 0.00337759
-0.00964767 -0.0105599 -0.00300402 -0.016789 0.000166484 0.0847849
-0.0277213 -0.00568841 -0.0189195 -0.00806083 2.56821e-05 0.00294435
-0.0277213 -0.00568841 -0.0263736 -0.00409799 0.000303639 0.430744
-0.0263736 -0.00409799 -0.0215804 -0.00350347 0.000127452 0.0903279
-0.0263736 -0.00409799 -0.0251044 -0.00260018 0.000296405 0.424909
0.0241711 0.00658176 0.0253302 0.00326358 0.000312223 0.45859
0.0253302 0.00326358 0.0260267 0.00301657 0.000154406 0.195595
0.0298551 -0.00969057 0.0297981 -0.00952739 0.000308936 0.326916
0.0298551 -0.00969057 0.0428417 -0.0134206 7.63145e-05 0.0405659
0.0325395 -0.0173759 0.0312384 -0.0136508 0.000309164 0.302612
0.0325395 -0.0173759 0.0355687 -0.0181523 2.41976e-05 0.00100367
0.0282205 -0.0207668 0.0330102 -0.0190626 0.000323988 0.862794
0.0330102 -0.0190626 0.0331542 -0.0191354 3.69033e-05 0.00916408
0.0358135 -0.0267486 0.0383635 -0.0340489 0.000285744 0.0579016
0.0380694 -0.0354037 0.0383635 -0.0340489 8.01978e-05 0.0621762
0.0446417 -0.0371126 0.05 -0.0385058 4.81772e-05 0.053468
0.0450408 -0.0429945 0.0446417 -0.0371126 0.000438574 0.00305735
0.0358697 -0.0455362 0.0369058 -0.045249 9.82324e-05 0.0553607
-0.0355098 -0.0414455 -0.0336307 -0.0427735 0.00027515 0.192654
-0.0355098 -0.0414455 -0.0339645 -0.0428923 0.000105113 0.0244612
-0.035836 -0.0411401 -0.0332804 -0.0406268 0.00011507 0.0691654
-0.035836 -0.0411401 -0.0355098 -0.0414455 0.000106065 0.0216716
-0.0366005 -0.0406747 -0.0359186 -0.0411567 0.000276334 0.204838
-0.0366005 -0.0406747 -0.0363896 -0.0406218 0.000100409 0.0454557
0.0414853 -0.0196689 0.0434931 -0.0201836 2.60233e-05 0.0232731
0.0414853 -0.0196689 0.0411596 -0.021169 8.08831e-05 0.0785623
0.0365775 -0.0184109 0.0414853 -0.0196689 2.62399e-05 0.00886466
0.0360825 -0.0179695 0.0365775 -0.0184109 0.000173687 0.426622
0.0355687 -0.0181523 0.0360825 -0.0179695 0.000323249 0.437585
0.0360825 -0.0179695 0.0312384 -0.0136508 0.000172088 0.0221259
0.0421297 -0.0167004 0.0485758 -0.0193087 0.000100739 0.296315
0.0421297 -0.0167004 0.0414853 -0.0196689 8.11435e-05 0.0829075
0.00770911 0.0300349 0.0115525 0.027908 0.000188219 0.0406932
0.0115525 0.027908 0.0119076 0.030274 9.43391e-05 0.000227724
0.0175072 0.0246126 0.0179605 0.0243618 0.000164711 0.0544473
0.017648 0.0252564 0.0179605 0.0243618 0.000336614 0.0686194
-0.00126987 0.0417919 0.00223883 0.0387251 0.000206291 0.011179
0.00223883 0.0387251 0.00309769 0.0394932 0.000162073 0.0654277
0.00367658 0.0374684 0.00664838 0.0348709 0.000289422 0.353706
0.00664838 0.0348709 0.00781914 0.0362525 0.000387424 0.0922885
0.0119076 0.030274 0.015165 0.0274268 0.000276476 0.117459
0.0120432 0.0311774 0.015165 0.0274268 2.64727e-05 0.000990368
0.015165 0.0274268 0.017648 0.0252564 0.000269228 0.120507
0.0131062 0.0382591 0.017648 0.0252564 0.000354852 0.12518
0.0317427 0.0167348 0.0354949 0.0146584 0.000146338 0.110901
0.0354949 0.0146584 0.0376915 0.0138938 0.000270967 0.373891
0.0354949 0.0146584 0.0372793 0.0136709 0.000132501 0.0940752
0.0372793 0.0136709 0.0376915 0.0138938 0.000704177 0.968673
0.0366047 0.00868707 0.0343745 0.00434743 5.10572e-05 0.00351433
0.0333401 0.0115405 0.0366047 0.00868707 0.00029302 0.99361
0.0381305 0.00735337 0.0363161 0.00367761 0.000126594 0.0230392
0.0366047 0.00868707 0.0381305 0.00735337 0.000290663 1.00221
0.0458809 0.000579001 0.0468369 0.00498253 0.000114088 0.0306299
0.0468369 0.00498253 0.05 0.00537486 0.000180817 0.495127
0.00340241 -0.0263896 0.00623387 -0.0271258 5.46886e-05 0.0155243
0.00340241 -0.0263896 0.00371497 -0.0243073 9.53705e-05 0.0250803
-0.0166847 -0.0372934 -0.0167256 -0.0367587 9.0103e-05 0.0108935
-0.0166847 -0.0372934 -0.00792624 -0.0355342 0.000133024 0.101975
0.0198986 0.0232893 0.0257193 0.0182016 0.000243616 0.220908
0.0257193 0.0182016 0.0313377 0.0168335 0.000164988 0.130594
0.031091 0.0161914 0.0354949 0.0146584 0.000267881 0.364146
0.0313377 0.0168335 0.031091 0.0161914 9.146e-05 0.00596496
0.0443843 -0.00631477 0.0449531 -0.0036948 8.52303e-05 0.0150385
0.0449531 -0.0036948 0.05 -0.00548444 0.000153792 0.255856
0.0180793 0.00583476 0.0209244 0.00482588 0.000144404 0.122723
0.0180793 0.00583476 0.0203295 0.00450413 0.000275687 0.477097
0.00978205 0.0161131 0.0116303 0.00964834 2.24339e-05 0.00179799
0.0116303 0.00964834 0.0180793 0.00583476 0.0002773 0.476994
-0.0195985 0.0191954 -0.0174246 0.0184246 0.000149355 0.164742
-0.0195985 0.0191954 -0.0143597 0.0238806 0.000235666 0.322542
-0.0210423 0.0197074 -0.0195985 0.0191954 0.000191305 0.28565
-0.0217839 0.0294078 -0.0210423 0.0197074 7.66307e-05 0.00281131
-0.0409862 -0.0156566 -0.0385093 -0.0184192 4.74383e-05 0.00997185
-0.0409862 -0.0156566 -0.0405122 -0.0149709 4.88291e-05 0.00930633
0.0390393 0.0134246 0.0387482 0.0128581 5.93317e-05 0.00662601
0.0390393 0.0134246 0.0408212 0.0128043 0.000343366 2.10654
0.041579 0.0143397 0.0485023 0.0126538 0.000129769 0.373884
0.041579 0.0143397 0.0408212 0.0128043 8.16698e-05 0.055364
0.0398921 0.015084 0.0397398 0.0147875 3.57514e-05 0.0209937
0.0398921 0.015084 0.0426945 0.0165995 0.000449872 0.068833
0.00945447 0.0487133 0.0117214 0.0485964 3.09266e-05 0.000151358
0.0124794 0.0478835 0.0142945 0.0461761 7.219e-05 0.00449029
0.0146352 0.0484461 0.0142945 0.0461761 8.30702e-05 0.00188943
0.0142945 0.0461761 0.0153706 0.0451639 7.21899e-05 0.00421685
0.0153706 0.0451639 0.0176949 0.0479067 0.000219052 0.00186142
0.0153706 0.0451639 0.0350957 0.0266099 7.22652e-05 0.0195057
0.0350957 0.0266099 0.0385714 0.0356521 6.46728e-05 0.0160788
0.0148086 0.049601 0.0169823 0.0483251 3.56763e-05 0.000852554
0.0146352 0.0484461 0.0169823 0.0483251 3.09266e-05 0.000567395
0.0169823 0.0483251 0.0176949 0.0479067 3.56763e-05 0.000876779
0.0176949 0.0479067 0.0180047 0.0482723 0.000219052 0.000820353
0.0176949 0.0479067 0.0385714 0.0356521 3.56763e-05 0.00726889
0.0385714 0.0356521 0.0429283 0.0469867 6.4639e-05 0.00944484
-0.0336164 -0.00499634 -0.0313376 -0.00471369 9.89148e-05 0.0673703
-0.0336164 -0.00499634 -0.0330937 -0.00424034 5.23063e-05 0.0114127
0.0426945 0.0165995 0.041579 0.0143397 7.81325e-05 0.103238
0.0426945 0.0165995 0.0446268 0.0176446 0.000449328 0.0455032
0.014069 0.00111839 0.0141243 0.000925088 3.99595e-05 0.00402886
0.0141243 0.000925088 0.0147961 0.00100841 0.000167615 0.0735146
0.0144284 -0.000138394 0.0147674 -0.00132426 3.77876e-05 0.00370974
0.0147674 -0.00132426 0.0187637 -0.00252893 0.000242135 0.183764
0.0220085 -0.00743691 0.0253428 -0.00839457 6.68276e-05 0.0134685
0.0220085 -0.00743691 0.0225854 -0.0059362 6.6941e-05 0.0234875
0.0161591 -0.00619204 0.0160235 -0.00571791 2.49055e-05 0.00244707
0.0161591 -0.00619204 0.0216353 -0.00840786 8.98859e-05 0.00891507
0.0176116 -0.0112726 0.0161591 -0.00619204 2.15259e-05 0.00328061
0.0176116 -0.0112726 0.0200584 -0.0125104 3.15604e-05 0.0015494
0.0194753 -0.0140272 0.0242964 -0.0152629 2.42739e-05 0.002461
0.0194753 -0.0140272 0.0200584 -0.0125104 7.31025e-05 0.0481224
0.0207342 -0.0221945 0.0196669 -0.0184613 2.40879e-05 0.0022108
0.0199569 -0.023707 0.0207342 -0.0221945 3.85457e-05 0.0112855
0.0217653 -0.025801 0.0210549 -0.0233163 2.44121e-05 0.00129412
0.0216341 -0.0260669 0.0217653 -0.025801 8.65064e-05 0.0525617
0.0218274 -0.0260184 0.0217653 -0.025801 2.61036e-05 0.000967455
0.0218274 -0.0260184 0.0344522 -0.0228515 0.000112343 0.113559
0.0227844 -0.0293656 0.0218274 -0.0260184 2.38635e-05 0.00135727
0.0227844 -0.0293656 0.0358135 -0.0267486 0.000132316 0.172054
0.0237512 -0.0316807 0.0361102 -0.0444284 0.000268714 0.0962212
0.0237512 -0.0316807 0.0380694 -0.0354037 5.1219e-05 0.022947
0.0234218 -0.031595 0.0233188 -0.0312346 2.36513e-05 0.00164154
0.0234218 -0.031595 0.0237512 -0.0316807 5.05366e-05 0.0144203
0.0273164 -0.0452172 0.0234218 -0.031595 2.18064e-05 0.00118691
0.0273164 -0.0452172 0.0295304 -0.047293 0.000141392 0.0396961
0.0280288 -0.0477092 0.0291917 -0.0473869 9.41924e-05 0.000262267
0.0173765 0.0202331 0.019591 0.0196938 0.000210918 0.137247
0.0162766 0.0213483 0.0173765 0.0202331 0.000900715 0.834534
0.0108513 0.0232368 0.0113219 0.0263719 9.52789e-05 0.049388
0.0108513 0.0232368 0.0162766 0.0213483 0.000219055 0.198441
-0.0113401 0.0272257 -0.0107736 0.0270877 0.000429129 1.32524
-0.0113401 0.0272257 -0.00925826 0.030237 0.000196085 0.218472
-0.0163121 0.0284364 -0.0158391 0.0283212 0.000217861 0.366433
-0.0165246 0.0289324 -0.0163121 0.0284364 0.000391183 0.164252
-0.021812 0.0297757 -0.0163121 0.0284364 0.000134067 0.143762
-0.021812 0.0297757 -0.0221296 0.0339296 8.51838e-05 0.0193891
-0.0132999 0.0243908 -0.00774825 0.0211078 0.000294985 0.56432
-0.0132999 0.0243908 -0.0125871 0.0254219 6.06541e-05 0.0190999
-0.0150123 0.0254034 -0.0135945 0.024565 0.000274462 0.498783
-0.0163121 0.0284364 -0.0150123 0.0254034 0.000121389 0.0304391
-0.0217839 0.0294078 -0.0150123 0.0254034 0.000274622 0.504124
-0.0217839 0.0294078 -0.021812 0.0297757 8.5572e-05 0.0098093
-0.0198871 0.00459629 -0.0191786 0.00439278 9.2042e-05 0.0686655
-0.0198871 0.00459629 -0.0201337 0.00782243 9.89872e-05 0.0180652
-0.0284738 0.0117107 -0.0282489 0.0114591 0.000474572 1.00811
-0.0282489 0.0114591 -0.0280952 0.0115966 0.000380051 1.12434
-0.0282489 0.0114591 -0.024861 0.00766809 0.000349943 0.49672
-0.024861 0.00766809 -0.023557 0.00955423 7.12929e-05 0.0349531
-0.0258088 0.00629711 -0.0228853 0.00545744 9.79538e-05 0.063535
-0.0258088 0.00629711 -0.024861 0.00766809 0.000105323 0.0538325
-0.0149788 -0.00519563 -0.0092509 -0.0106669 0.000121309 0.0417753
-0.0149788 -0.00519563 -0.0128852 -0.00573227 2.96039e-05 0.00516994
-0.0194662 -0.000909324 -0.0173055 -0.00297324 0.000119126 0.0401235
-0.0194662 -0.000909324 -0.0196786 0.00186924 9.17769e-05 0.0148501
-0.0262868 0.00560566 -0.0217903 0.00131067 0.000104924 0.0502385
-0.0262868 0.00560566 -0.0258088 0.00629711 5.68491e-05 0.0171643
-0.0284296 0.00704984 -0.0275275 0.00679075 6.71863e-05 0.029492
-0.0284296 0.00704984 -0.0265237 0.00526295 0.000137672 0.0872693
-0.0304004 0.00953495 -0.0282489 0.0114591 0.000271317 0.452267
-0.0304004 0.00953495 -0.0275275 0.00679075 0.000147758 0.0986633
-0.0307483 0.00922386 -0.0304004 0.00953495 0.000265309 0.424041
-0.0307483 0.00922386 -0.0284296 0.00704984 0.000137255 0.0867358
-0.0196786 0.00186924 -0.015546 -0.00275501 0.000288647 0.205128
-0.015546 -0.00275501 -0.00550027 -0.00150901 0.000107562 0.100205
-0.0155158 -0.00505798 -0.0149788 -0.00519563 3.04361e-05 0.00417349
-0.0155158 -0.00505798 -0.00964767 -0.0105599 0.000169525 0.0834724
-0.0192896 -0.00321934 -0.0194296 -0.00138849 9.75677e-05 0.0142515
-0.0192896 -0.00321934 -0.0176886 -0.00302077 0.000122856 0.0898346
-0.0251044 -0.00260018 -0.0215804 -0.00350347 3.13001e-05 0.0046757
-0.0251044 -0.00260018 -0.0220197 0.00104 0.000295817 0.425549
-0.0265237 0.00526295 -0.0262868 0.00560566 5.04924e-05 0.0119769
-0.0265237 0.00526295 -0.0220197 0.00104 0.000137465 0.0872283
0.0474957 0.00801726 0.047993 0.0103078 0.000131853 0.0502365
0.047993 0.0103078 0.05 0.0096092 0.000339137 2.15928
0.047993 0.0103078 0.0485023 0.0126538 0.000125342 0.0213317
0.0485023 0.0126538 0.05 0.0122891 0.000130704 0.40614
0.0446268 0.0176446 0.0436595 0.0185545 7.84649e-05 0.051766
-0.0429602 -0.03447 -0.0363896 -0.0406218 0.000147562 0.0502711
-0.0429602 -0.03447 -0.0341654 -0.0400639 0.000150866 0.0712006
-0.0480626 -0.0296929 -0.0429602 -0.03447 0.000143873 0.0417605
-0.0480626 -0.0296929 -0.0385093 -0.0184192 0.000309726 0.42222
0.0114189 -0.000314861 0.0147674 -0.00132426 0.000242317 0.183021
0.0114189 -0.000314861 0.0128788 0.000474693 0.000787625 0.921782
0.00749381 0.000868339 0.00929331 0.000325885 0.000430279 1.67763
0.00773991 0.00250792 0.00749381 0.000868339 9.31791e-05 0.027227
-0.00627716 0.00501956 0.00749381 0.000868339 0.000434164 1.70366
-0.00784293 0.00867334 -0.00627716 0.00501956 0.00011745 0.0472563
-0.0120106 0.00520616 -0.00916965 0.0022758 0.00029212 0.253133
-0.0120106 0.00520616 -0.00517119 0.00243874 0.000101258 0.0835118
-0.0269532 0.0112523 -0.0268552 0.0112228 0.000416447 1.38199
-0.0269532 0.0112523 -0.0267553 0.0111722 0.000151573 0.164511
-0.0284738 0.0117107 -0.0280952 0.0115966 0.000307876 0.747094
-0.0286934 0.0119564 -0.0284738 0.0117107 0.00033881 0.568987
0.0150887 -0.0254391 0.0158301 -0.0235104 7.77855e-05 0.0360722
0.00866106 -0.0277261 0.0150887 -0.0254391 0.000327239 0.826582
0.0136947 -0.0290658 0.0141232 -0.0279509 7.56164e-05 0.0393441
0.0136947 -0.0290658 0.0167894 -0.0298705 5.33963e-05 0.015116
0.0127054 -0.0316394 0.0127397 -0.0315502 7.4868e-05 0.0409778
0.0127054 -0.0316394 0.014835 -0.0336735 0.000103476 0.0162102
0.00866303 -0.0298439 0.0104497 -0.0318432 0.000287021 0.0497424
0.0104497 -0.0318432 0.0124898 -0.0314334 0.000130989 0.126962
-0.0136158 0.0109574 -0.0104318 0.0147147 0.000248431 0.303643
-0.0136158 0.0109574 -0.00784293 0.00867334 0.000128931 0.130034
-0.0205055 0.0139682 -0.0200574 0.0135061 0.00035018 0.101092
-0.0174246 0.0184246 -0.0205055 0.0139682 5.14401e-05 0.00133901
-0.0210423 0.0197074 -0.0209133 0.0180196 0.000112616 0.0168842
-0.0209133 0.0180196 -0.0195985 0.0191954 0.000202918 0.226551
0.0438179 -0.0249709 0.0438293 -0.0251386 0.000492683 0.004877
0.0438179 -0.0249709 0.0439864 -0.0250164 2.67028e-05 0.0143909
0.0409182 -0.0222809 0.0429468 -0.0240894 0.000175038 0.433613
0.0429468 -0.0240894 0.0437869 -0.0245145 3.75737e-05 0.0245719
0.0435198 -0.020577 0.0437869 -0.0245145 0.000494726 0.0132446
0.0435198 -0.020577 0.044282 -0.0203858 0.00011078 0.220124
0.044282 -0.0203858 0.05 -0.0218515 2.5775e-05 0.0127648
0.044282 -0.0203858 0.0485758 -0.0193087 0.000110556 0.219415
-0.0339645 -0.0428923 -0.0336307 -0.0427735 0.000362747 0.433994
-0.0202296 -0.0380054 -0.0166847 -0.0372934 0.000134387 0.104809
-0.0207753 -0.0381995 -0.0202296 -0.0380054 0.000332951 0.645359
-0.0208395 -0.0381279 -0.0202296 -0.0380054 0.000125967 0.0932315
-0.0208395 -0.0381279 -0.0207753 -0.0381995 5.34609e-05 0.00841204
0.00723125 -0.00257961 0.0114189 -0.000314861 0.000510588 0.106968
0.00723125 -0.00257961 0.0124523 -0.00469219 9.80078e-05 0.00702041
0.00749381 0.000868339 0.00737671 8.81628e-05 0.000156359 0.130182
0.00737671 8.81628e-05 0.00929331 0.000325885 0.000149988 0.149486
0.00737671 8.81628e-05 0.00699088 -0.00248235 9.43265e-05 0.0950149
0.00699088 -0.00248235 0.00723125 -0.00257961 9.08197e-05 0.11
0.00689861 -0.00309706 0.0124523 -0.00469219 7.61885e-05 0.00844712
0.00689861 -0.00309706 0.00695375 -0.00272968 0.000101939 0.117381
0.00273943 -0.0308065 0.0028938 -0.0297781 0.000100966 0.0343435
0.00273943 -0.0308065 0.00828097 -0.0294164 0.000113712 0.073238
0.00233931 -0.0334722 0.00273943 -0.0308065 0.000102341 0.0271699
0.00233931 -0.0334722 0.00959347 -0.0320152 0.000128298 0.0840659
-0.00792624 -0.0355342 0.00116224 -0.0413141 3.36764e-05 0.00647625
-0.00792624 -0.0355342 0.00233931 -0.0334722 0.000131213 0.10281
-0.0202296 -0.0380054 -0.0167256 -0.0367587 0.00033148 0.64116
-0.0167256 -0.0367587 -0.0168058 -0.0357093 8.65137e-05 0.0018317
-0.0102404 -0.0340624 -0.00984838 -0.0343117 3.7707e-05 0.00801701
-0.0102404 -0.0340624 -0.00653594 -0.0331332 0.000122138 0.0915698
-0.0372237 -0.016902 -0.0172736 -0.0295896 3.21014e-05 0.00342776
-0.0372237 -0.016902 -0.0364765 -0.0160203 0.00030715 0.426373
-0.0364765 -0.0160203 -0.0179426 -0.0208395 5.74321e-05 0.0142674
-0.0364765 -0.0160203 -0.0277213 -0.00568841 0.000304864 0.428984
-0.0280045 0.0116777 -0.0269532 0.0112523 0.000105487 0.083657
-0.0280045 0.0116777 -0.0279142 0.0117585 0.000207205 0.332156
-0.0286934 0.0119564 -0.0280045 0.0116777 0.000116074 0.103109
-0.0290135 0.0123146 -0.0286934 0.0119564 0.000342362 0.584787
-0.00397527 -0.000351996 -0.00243879 -0.00112928 3.76604e-05 0.0134022
-0.00397527 -0.000351996 -0.00416004 7.91886e-05 0.000127018 0.0274389
-0.00570439 0.000522754 -0.00397527 -0.000351996 3.93518e-05 0.0120066
-0.00570439 0.000522754 -0.00416004 7.91886e-05 7.86854e-05 0.0609677
-0.0201337 0.00782243 -0.017431 0.00645512 3.91871e-05 0.0107868
-0.0201337 0.00782243 -0.0201866 0.00851437 9.61433e-05 0.0194558
-0.023557 0.00955423 -0.0201337 0.00782243 4.16412e-05 0.0121282
-0.023557 0.00955423 -0.023382 0.00980732 7.17228e-05 0.0413987
-0.0268552 0.0112228 -0.0267553 0.0111722 5.66051e-05 0.0204227
-0.0268552 0.0112228 -0.0231712 0.0101122 0.000418057 1.37486
-0.0279142 0.0117585 -0.0268552 0.0112228 3.83836e-05 0.0104336
-0.0279142 0.0117585 -0.0241497 0.0151252 0.000207474 0.332827
-0.0290135 0.0123146 -0.0279142 0.0117585 4.41177e-05 0.0142545
-0.0355598 0.0196396 -0.0290135 0.0123146 0.000343694 0.583718
-0.0205842 0.0137145 -0.0200574 0.0135061 0.000166561 0.283168
-0.0205842 0.0137145 -0.0205938 0.0138404 0.000114437 0.18329
-0.0206601 0.0137445 -0.0205842 0.0137145 0.000168547 0.326173
-0.0206601 0.0137445 -0.0205938 0.0138404 7.10414e-05 0.117084
-0.0241497 0.0151252 -0.0206601 0.0137445 0.000162064 0.344205
-0.0241497 0.0151252 -0.0209133 0.0180196 0.000203298 0.246478
-0.0355598 0.0196396 -0.0241497 0.0151252 0.00016725 0.220262
-0.0423835 0.0272751 -0.0355598 0.0196396 0.000357805 0.6327
0.0179605 0.0243618 0.0181373 0.0238556 0.000338388 0.0570028
0.0175072 0.0246126 0.0181373 0.0238556 4.24742e-05 0.00239468
0.019591 0.0196938 0.0193919 0.0202638 0.000331014 0.0632464
0.019591 0.0196938 0.0221123 0.0190799 0.000255811 0.372983
0.0169823 0.0483251 0.0180047 0.0482723 3.09266e-05 0.000539449
-0.0235794 0.0352221 -0.0221915 0.034739 0.000316519 0.674131
-0.0367862 0.0469967 -0.0235794 0.0352221 0.000239552 0.0258218
-0.0367862 0.0469967 -0.0313319 0.0492653 3.30736e-05 0.0064014
-0.0246774 0.0479573 -0.0231368 0.0471047 0.000145818 0.048931
-0.00642169 0.0309798 -0.00193877 0.027689 8.67952e-05 0.0399644
-0.00193877 0.027689 -7.21369e-06 0.0270167 0.000472464 1.55527
-0.000396682 0.0265571 0.00367248 0.0235701 5.92932e-05 0.0106837
0.00367248 0.0235701 0.00794775 0.022529 0.000140597 0.0969297
0.00544336 0.0312887 0.00502328 0.032758 3.94264e-05 0.00542046
0.00419724 0.0319783 0.00544336 0.0312887 0.000198821 0.1163
0.00740212 0.0244375 0.00544336 0.0312887 2.24513e-05 0.00142702
0.00740212 0.0244375 0.0108513 0.0232368 0.000219014 0.210181
0.00794775 0.022529 0.00740212 0.0244375 2.13905e-05 0.000159831
0.00794775 0.022529 0.0106464 0.0218719 0.000139605 0.0973698
0.0272691 0.00624878 0.0315732 0.00308933 7.97652e-05 0.0599375
0.0315732 0.00308933 0.0338746 0.00337478 0.000120324 0.11375
0.0207342 -0.0221945 0.0222895 -0.0191682 3.73979e-05 0.0113241
0.0222895 -0.0191682 0.0247164 -0.0198224 2.42507e-05 0.0031012
0.0311627 -0.00190211 0.0325092 0.000717867 5.10308e-05 0.00698923
0.0325092 0.000717867 0.0345057 9.88431e-06 0.00015287 0.219266
0.0217653 -0.025801 0.0234044 -0.0224804 8.63937e-05 0.0525569
0.0210549 -0.0233163 0.0234044 -0.0224804 0.000324408 0.863588
0.0297346 -0.00965597 0.0297981 -0.00952739 7.75817e-05 0.0461276
0.0297981 -0.00952739 0.0287646 -0.00656861 0.000304578 0.315061
0.0313759 -0.00633085 0.0330199 -0.00300032 9.67104e-05 0.0682821
0.0330199 -0.00300032 0.0437291 -0.00933319 0.00039576 1.39664
0.0330199 -0.00300032 0.0345057 9.88431e-06 0.000116562 0.0360507
0.0345057 9.88431e-06 0.0369482 -0.000856241 0.000155737 0.242238
0.0299248 0.00969347 0.0343745 0.00434743 3.78554e-05 0.013649
0.0343745 0.00434743 0.0338746 0.00337478 4.34065e-05 0.00576604
0.0350615 0.00352199 0.0358009 0.00263369 3.26572e-05 0.00948741
0.0358009 0.00263369 0.0348415 0.000690202 7.59046e-05 4.7865e-05
0.0423373 -0.015744 0.0428417 -0.0134206 8.56259e-05 0.314389
0.0428417 -0.0134206 0.05 -0.0154766 8.252e-05 0.14605
0.0432496 -0.0115417 0.0435821 -0.0100104 8.15065e-05 0.106687
0.0435821 -0.0100104 0.0462178 -0.0108049 0.000310183 1.05064
0.0435821 -0.0100104 0.0437291 -0.00933319 9.70848e-05 0.0484429
0.0437291 -0.00933319 0.0462178 -0.0108049 0.000392716 1.41347
-0.0221915 0.034739 -0.0228246 0.0430204 0.000116896 0.0582367
-0.0221915 0.034739 -0.0184557 0.0334386 0.000336788 0.767683
-0.0078143 0.0297343 -0.00193877 0.027689 0.000477847 1.55075
-0.0078143 0.0297343 -0.00642169 0.0309798 0.000278909 0.531481
-0.00925826 0.030237 -0.0078143 0.0297343 0.000350253 0.820838
-0.00925826 0.030237 -0.0079627 0.0321109 8.21757e-05 0.0412779
0.0456829 -0.0254736 0.05 -0.0266372 2.68227e-05 0.0146528
0.0456829 -0.0254736 0.05 -0.0276576 3.70385e-05 0.0258207
0.0446821 -0.0249673 0.05 -0.0238991 0.000130867 0.346093
0.0446821 -0.0249673 0.0456829 -0.0254736 3.88626e-05 0.0249831
-0.0150123 0.0254034 -0.0143597 0.0238806 0.00012143 0.0431658
-0.0143597 0.0238806 -0.0135945 0.024565 0.000229326 0.310218
-0.0143597 0.0238806 -0.0140892 0.0232492 0.000152907 0.0661375
-0.0140892 0.0232492 -0.0132999 0.0243908 7.57513e-05 0.0261524
0.0036393 0.0109552 0.00873655 0.00914773 0.000140901 0.127372
-0.0061909 0.0197194 0.0036393 0.0109552 0.000167758 0.167934
-0.00963023 0.0156607 0.0036393 0.0109552 0.000141167 0.148048
-0.00963023 0.0156607 -0.0061909 0.0197194 0.000254958 0.31802
-0.00517119 0.00243874 -0.00627716 0.00501956 0.000119213 0.00551894
-0.00517119 0.00243874 0.00221908 -0.000551554 9.9183e-05 0.100715
-0.00070239 -0.000913913 0.00649095 -0.00297997 8.29335e-05 0.11633
-0.00070239 -0.000913913 0.00221908 -0.000551554 0.000113917 0.184386
-0.00358144 -0.00127101 -0.00397527 -0.000351996 0.000127541 0.0275793
-0.00358144 -0.00127101 -0.00243879 -0.00112928 0.000116381 0.211347
-0.00187863 -0.00524458 -0.00358144 -0.00127101 0.000127613 0.047958
-0.00187863 -0.00524458 0.00239031 -0.00964781 0.000283997 0.202908
0.00578474 -0.0105179 0.018314 -0.0137295 2.5194e-05 0.00374756
0.00578474 -0.0105179 0.00651414 -0.00565849 0.000102826 0.164148
0.00239031 -0.00964781 0.00578474 -0.0105179 2.58451e-05 0.00885025
0.00239031 -0.00964781 0.00544276 -0.0127963 0.000283049 0.20309
0.034296 -0.0224044 0.0352305 -0.0226563 2.69513e-05 0.00906316
0.0331542 -0.0191354 0.034296 -0.0224044 0.000308279 0.142623
0.0179489 -0.0179983 0.0196669 -0.0184613 2.53385e-05 0.00272031
0.0179489 -0.0179983 0.0188582 -0.0156327 7.37291e-05 0.0473582
0.0185933 -0.0263604 0.0189592 -0.0267379 0.000283204 0.122759
0.0183164 -0.0268991 0.0185933 -0.0263604 3.81547e-05 0.0105646
0.0158301 -0.0235104 0.0170303 -0.0247483 0.000274812 0.160877
0.0158301 -0.0235104 0.0179489 -0.0179983 7.46063e-05 0.0463976
0.00544276 -0.0127963 0.00578474 -0.0105179 0.000102993 0.162578
0.00544276 -0.0127963 0.00784604 -0.0152752 0.000276413 0.162386
0.00716424 -0.0263465 0.00714719 -0.0263067 0.000123607 0.00215897
0.00716424 -0.0263465 0.00862282 -0.0277397 0.000106457 0.0333188
0.0087066 -0.0277688 0.0117229 -0.0285531 5.40207e-05 0.0148081
0.0087066 -0.0277688 0.0100032 -0.0289844 0.000159391 0.0374073
0.00861096 -0.0277439 0.00863331 -0.0277497 5.63527e-05 0.0157229
0.00787526 -0.0280057 0.00861096 -0.0277439 0.00032791 0.804693
-0.00653594 -0.0331332 0.0028938 -0.0297781 0.000330445 0.652705
0.0028938 -0.0297781 0.00340241 -0.0263896 0.000101252 0.02625
-0.0128852 -0.00573227 -0.00822913 -0.0109423 0.000292998 0.206579
-0.00822913 -0.0109423 0.0017112 -0.0136216 2.43232e-05 0.0039867
-0.00822913 -0.0109423 -0.00395127 -0.015729 0.000291864 0.207621
-0.00395127 -0.015729 0.00387979 -0.0232092 0.000107244 0.0352976
-0.00395127 -0.015729 -0.00300402 -0.016789 0.000292413 0.211385
-0.00300402 -0.016789 0.00387531 -0.023239 0.000154994 0.0753575
0.00371497 -0.0243073 0.00623387 -0.0271258 0.00029343 0.213641
0.00623387 -0.0271258 0.00765677 -0.0274958 5.3554e-05 0.0171401
0.00846053 -0.0293714 0.00787526 -0.0280057 0.000124675 0.0267701
0.00846053 -0.0293714 0.00994201 -0.0289998 0.000114186 0.0942494
0.00722648 -0.0282365 0.00828097 -0.0294164 0.000291359 0.0638374
0.00828097 -0.0294164 0.00846053 -0.0293714 0.000113736 0.0932554
0.00959347 -0.0320152 0.00866303 -0.0298439 0.000120607 0.0120146
0.00959347 -0.0320152 0.0104497 -0.0318432 0.000128697 0.067706
0.0232593 0.00919225 0.0241711 0.00658176 0.000471545 1.36131
0.0241711 0.00658176 0.0256937 0.00740522 0.000692293 1.15357
0.027312 0.0025608 0.0325092 0.000717867 0.000153182 0.216449
0.027312 0.0025608 0.0315732 0.00308933 0.00011294 0.0968008
0.0260267 0.00301657 0.027312 0.0025608 0.000153911 0.208137
0.0272691 0.00624878 0.0260267 0.00301657 9.1271e-05 0.0137838
0.0312384 -0.0136508 0.0306862 -0.0120701 0.000307983 0.324213
0.0288249 -0.011499 0.0312384 -0.0136508 0.000168778 0.0147376
0.0407652 -0.0229858 0.0429468 -0.0240894 3.67793e-05 0.0229681
0.0405268 -0.0240839 0.0407652 -0.0229858 8.53176e-05 0.0316881
0.0384951 -0.0218374 0.0407652 -0.0229858 3.88539e-05 0.0212814
0.0384951 -0.0218374 0.0399979 -0.0214604 0.000118159 0.197144
0.0331542 -0.0191354 0.0384951 -0.0218374 3.70769e-05 0.014994
0.0331156 -0.0190251 0.0331542 -0.0191354 0.000312568 0.141363
0.034296 -0.0224044 0.0344522 -0.0228515 0.000308598 0.142088
0.0344522 -0.0228515 0.0352305 -0.0226563 0.000118613 0.199332
0.0344522 -0.0228515 0.0358135 -0.0267486 0.000296966 0.110996
0.0358135 -0.0267486 0.0401368 -0.0258803 0.000130828 0.299496
0.0295304 -0.047293 0.0358697 -0.0455362 9.90605e-05 0.0747076
0.0358697 -0.0455362 0.0361102 -0.0444284 7.71823e-05 0.0254249
0.0361102 -0.0444284 0.0369058 -0.045249 0.000263745 0.0809493
0.0361102 -0.0444284 0.0380694 -0.0354037 8.26647e-05 0.0782479
0.0380694 -0.0354037 0.0389133 -0.0356231 5.40826e-05 0.0491338
-0.05 -0.0485977 -0.0339645 -0.0428923 0.000366968 0.421996
-0.0218692 -0.0369794 -0.0168058 -0.0357093 0.00012645 0.0933503
-0.0218692 -0.0369794 -0.0208395 -0.0381279 6.29144e-05 0.0124804
-0.0363896 -0.0406218 -0.0341654 -0.0400639 0.000122266 0.0770618
-0.0363896 -0.0406218 -0.035836 -0.0411401 0.000104933 0.0243979
0.0407652 -0.0229858 0.0409182 -0.0222809 8.5975e-05 0.0312378
0.0399979 -0.0214604 0.0409182 -0.0222809 0.00017515 0.423805
0.0409182 -0.0222809 0.0411596 -0.021169 8.56782e-05 0.011861
0.0411596 -0.021169 0.0435198 -0.020577 0.000112059 0.272475
0.0485758 -0.0193087 0.05 -0.0198849 9.32888e-05 0.192304
0.0485758 -0.0193087 0.05 -0.0189514 0.000116086 0.311565
0.00544336 0.0312887 0.00770911 0.0300349 0.000190734 0.120279
0.00502328 0.032758 0.00770911 0.0300349 0.00101018 0.862217
0.0142945 0.0461761 0.0138782 0.0434027 8.30703e-05 0.00212705
0.0138782 0.0434027 0.0153706 0.0451639 0.000219334 0.00689778
0.0120432 0.0311774 0.0119076 0.030274 8.46169e-05 0.00194488
0.00664838 0.0348709 0.0119076 0.030274 0.000282603 0.114254
0.0115525 0.027908 0.0175072 0.0246126 0.000173635 0.0519073
0.015165 0.0274268 0.0175072 0.0246126 3.46511e-05 0.00164505
-0.00126987 0.0417919 -0.0103577 0.0497353 0.000162871 6.90053e-05
-0.00126987 0.0417919 0.000762129 0.0447311 5.90886e-05 0.00220988
0.00425806 0.0405309 0.0103954 0.0460197 0.000162025 0.0650456
0.00203864 0.0431975 0.00425806 0.0405309 2.63781e-05 0.00080267
0.00309769 0.0394932 0.00425806 0.0405309 0.000162066 0.0652829
0.00203864 0.0431975 0.00309769 0.0394932 2.13905e-05 1.57889e-05
0.00223883 0.0387251 0.00367658 0.0374684 0.000291127 0.352027
0.00309769 0.0394932 0.00367658 0.0374684 2.16153e-05 0.00112302
0.00781914 0.0362525 0.0120593 0.0412562 0.000377606 0.0947491
0.00425806 0.0405309 0.00781914 0.0362525 2.63434e-05 0.00236544
0.00781914 0.0362525 0.0120432 0.0311774 3.10879e-05 0.00126334
0.0131062 0.0382591 0.0120432 0.0311774 9.38351e-05 0.00161467
0.00371968 0.0490092 0.00945447 0.0487133 3.14554e-05 0.00382469
0.00945447 0.0487133 0.0103954 0.0460197 0.000258761 0.000446845
0.0103954 0.0460197 0.0124794 0.0478835 0.000161201 0.00325303
0.0103954 0.0460197 0.0120593 0.0412562 0.000259316 0.0390653
0.0120593 0.0412562 0.0138782 0.0434027 0.000219423 0.00736311
0.0120593 0.0412562 0.0131062 0.0382591 0.000362179 0.122294
0.0138782 0.0434027 0.0131062 0.0382591 8.31326e-05 0.00336102
0.0313775 0.0169369 0.0317427 0.0167348 0.00013864 0.0863423
0.0317427 0.0167348 0.0394669 0.014854 0.00015408 0.105692
0.0376915 0.0138938 0.0390393 0.0134246 0.000342432 2.11149
0.0376915 0.0138938 0.0394669 0.014854 0.000449684 0.134288
0.0358009 0.00263369 0.0363161 0.00367761 8.31385e-05 0.000605044
0.0363161 0.00367761 0.0415878 0.00433147 0.00012304 0.138525
0.00438304 -0.0198564 0.0051786 -0.0145562 9.37823e-05 0.0441144
0.00438304 -0.0198564 0.0017112 -0.0136216 0.000115739 0.00727725
0.00387979 -0.0232092 0.00438304 -0.0198564 9.51402e-05 0.0448713
0.00387979 -0.0232092 0.00581157 -0.0250544 0.000108348 0.0351722
0.00387531 -0.023239 0.00387979 -0.0232092 9.72736e-05 0.044148
0.00387531 -0.023239 0.00581157 -0.0250544 0.000154586 0.073329
0.00371497 -0.0243073 0.00387531 -0.023239 9.93219e-05 0.0397706
-0.00300402 -0.016789 0.00371497 -0.0243073 0.00029503 0.217764
0.0313377 0.0168335 0.0317427 0.0167348 0.000163889 0.12535
0.0313377 0.0168335 0.0313775 0.0169369 8.96986e-05 0.00509969
0.0209244 0.00482588 0.0253302 0.00326358 0.000159814 0.131017
0.0209244 0.00482588 0.0241711 0.00658176 0.000529764 0.566043
0.0242566 0.00218183 0.0254374 0.00148353 0.000462985 1.12669
0.0242566 0.00218183 0.0256477 0.00235438 0.000183289 0.136205
0.0203295 0.00450413 0.0242566 0.00218183 0.000466029 1.13545
0.0203295 0.00450413 0.0209244 0.00482588 0.000532677 0.568987
0.00870661 0.0198747 0.00978205 0.0161131 2.37921e-05 0.00171991
0.0101839 0.0187903 0.00978205 0.0161131 9.64286e-05 0.00845869
-0.0174246 0.0184246 -0.0110535 0.0161654 0.000148857 0.159267
-0.0174246 0.0184246 -0.0140892 0.0232492 5.73623e-05 0.0144342
-0.0385093 -0.0184192 -0.0218692 -0.0369794 5.35243e-05 0.00599684
-0.0385093 -0.0184192 -0.0372237 -0.016902 0.000307845 0.425293
0.0408212 0.0128043 0.047993 0.0103078 0.000340018 2.14206
0.0403972 0.0119455 0.0408212 0.0128043 0.000110488 0.00456362
0.0117214 0.0485964 0.0124794 0.0478835 7.21898e-05 4.91705e-05
0.0124794 0.0478835 0.0131918 0.0485206 0.000161201 0.00126418
0.0145618 0.0497459 0.0148086 0.049601 3.56763e-05 0.00489936
0.0148086 0.049601 0.0146352 0.0484461 8.30702e-05 0.00173799
0.0131918 0.0485206 0.0146352 0.0484461 3.09266e-05 0.000974157
0.0138625 0.00184068 0.014069 0.00111839 2.36102e-05 0.00358406
0.014069 0.00111839 0.0144448 0.00132159 0.000763402 0.955922
0.0147961 0.00100841 0.0242566 0.00218183 0.000169154 0.103174
0.0144448 0.00132159 0.0147961 0.00100841 0.000263234 0.232274
0.0141243 0.000925088 0.0144284 -0.000138394 3.94221e-05 0.00355724
0.0144284 -0.000138394 0.017402 -0.00131493 0.000207029 0.140111
0.0233622 -0.00391516 0.0259314 -0.00468961 0.000289364 0.332391
0.0233622 -0.00391516 0.023443 -0.00370508 8.1804e-05 0.00288281
0.0187637 -0.00252893 0.0233622 -0.00391516 0.000291831 0.323532
0.017402 -0.00131493 0.0187637 -0.00252893 0.000253659 0.205653
0.0275068 -0.0090161 0.0297346 -0.00965597 6.61028e-05 0.0173638
0.0270459 -0.00991294 0.0275068 -0.0090161 3.4038e-05 0.00884236
0.0253428 -0.00839457 0.0275068 -0.0090161 6.63878e-05 0.017205
0.0225854 -0.0059362 0.0253428 -0.00839457 0.000148819 0.0122007
0.0225854 -0.0059362 0.0233622 -0.00391516 6.64392e-05 0.030121
0.0187637 -0.00252893 0.0225854 -0.0059362 0.00014903 0.0150616
0.0216353 -0.00840786 0.0267548 -0.0104793 9.82646e-05 0.0244571
0.0216353 -0.00840786 0.0220085 -0.00743691 6.66429e-05 0.0281794
0.0267349 -0.015888 0.0330102 -0.0190626 3.54788e-05 0.0042091
0.0267349 -0.015888 0.0325395 -0.0173759 2.49163e-05 0.00310337
0.0200584 -0.0125104 0.0245446 -0.01478 3.41313e-05 0.00254553
0.0200584 -0.0125104 0.0216353 -0.00840786 7.27856e-05 0.0478101
0.026667 -0.0158706 0.0267349 -0.015888 2.79737e-05 0.00337122
0.0247164 -0.0198224 0.026667 -0.0158706 8.53661e-05 0.0598743
0.0242964 -0.0152629 0.026667 -0.0158706 2.37413e-05 0.00269245
0.0222895 -0.0191682 0.0242964 -0.0152629 3.61497e-05 0.0112422
0.0185933 -0.0263604 0.0199569 -0.023707 3.9094e-05 0.011249
0.0170303 -0.0247483 0.0199569 -0.023707 0.000324882 0.862345
0.0210549 -0.0233163 0.0207342 -0.0221945 2.43924e-05 0.00171133
0.0199569 -0.023707 0.0210549 -0.0233163 0.000324444 0.863523
0.0169698 -0.0355163 0.0194191 -0.0305542 8.29152e-05 0.0500542
0.0194191 -0.0305542 0.0234218 -0.031595 5.13831e-05 0.0144347
0.0194191 -0.0305542 0.0197 -0.0299852 8.29282e-05 0.0515084
0.0197 -0.0299852 0.021715 -0.0295804 0.000127886 0.126671
0.0197 -0.0299852 0.0205122 -0.0283397 8.4751e-05 0.0522384
0.0205122 -0.0283397 0.021715 -0.0295804 0.000280491 0.117159
0.0205122 -0.0283397 0.0216341 -0.0260669 8.52811e-05 0.0564969
0.0216341 -0.0260669 0.0218274 -0.0260184 0.000113005 0.112832
0.0291917 -0.0473869 0.0295304 -0.047293 9.62381e-05 0.0185772
0.00770911 0.0300349 0.0113219 0.0263719 0.0010034 0.883276
0.0113219 0.0263719 0.0115525 0.027908 0.000159347 0.00863175
0.0113219 0.0263719 0.0162766 0.0213483 0.000988042 0.900375
0.0162766 0.0213483 0.0193919 0.0202638 0.00040525 0.447625
-0.0107736 0.0270877 -0.00179886 0.0249024 0.000130786 0.124954
-0.0107736 0.0270877 -0.0078143 0.0297343 0.000446543 1.34758
-0.0158391 0.0283212 -0.0113401 0.0272257 0.000436074 1.3996
-0.0165246 0.0289324 -0.0158391 0.0283212 0.000492313 1.1451
0.00904148 0.0111793 0.0116303 0.00964834 0.000277545 0.476635
0.00978205 0.0161131 0.00904148 0.0111793 9.09618e-05 0.00897347
-0.00774825 0.0211078 -0.00592698 0.0200308 0.000290625 0.547902
-0.0125871 0.0254219 -0.00774825 0.0211078 0.000168774 0.155204
-0.0125074 0.0255371 -0.0113401 0.0272257 6.14499e-05 0.01967
-0.0125074 0.0255371 -0.0107736 0.0270877 0.00019762 0.249971
-0.0125871 0.0254219 -0.0125074 0.0255371 5.71847e-05 0.0168053
-0.0126117 0.0254439 -0.0125871 0.0254219 0.000168528 0.154259
-0.0135945 0.024565 -0.0132999 0.0243908 0.000294837 0.561814
-0.0135945 0.024565 -0.0126117 0.0254439 0.000187053 0.226647
-0.0191786 0.00439278 -0.00815148 0.0012256 9.04892e-05 0.0561791
-0.0191786 0.00439278 -0.017431 0.00645512 0.000313058 0.770989
-0.0280952 0.0115966 -0.0280045 0.0116777 0.000204251 0.32157
-0.0280952 0.0115966 -0.0269532 0.0112523 0.000420927 1.40556
-0.0173055 -0.00297324 -0.0149788 -0.00519563 0.000124303 0.0409785
-0.0173055 -0.00297324 -0.015546 -0.00275501 0.000122102 0.098667
-0.0196786 0.00186924 -0.0198142 0.00364269 8.4995e-05 0.0214307
-0.0205196 0.00281026 -0.0196786 0.00186924 0.000289251 0.206286
-0.0217903 0.00131067 -0.0194662 -0.000909324 0.000119495 0.0395254
-0.0217903 0.00131067 -0.0205196 0.00281026 0.000282624 0.434707
-0.00550027 -0.00150901 -0.00358144 -0.00127101 0.000116859 0.188213
-0.00550027 -0.00150901 -0.00187863 -0.00524458 0.000286456 0.219503
-0.0194296 -0.00138849 -0.0194662 -0.000909324 9.73138e-05 0.0145871
-0.0194296 -0.00138849 -0.0176886 -0.00302077 0.000175554 0.0884982
-0.0176886 -0.00302077 -0.0173055 -0.00297324 0.000126894 0.0974153
-0.0176886 -0.00302077 -0.0155158 -0.00505798 0.000171636 0.0827998
-0.0220197 0.00104 -0.0217903 0.00131067 0.00028713 0.425976
-0.0220197 0.00104 -0.0194296 -0.00138849 0.000176862 0.0880078
-0.0341654 -0.0400639 -0.0332804 -0.0406268 0.000133581 0.0591054
-0.0341654 -0.0400639 -0.0218692 -0.0369794 0.000130174 0.0942465
0.0128788 0.000474693 0.0135888 0.000858667 0.000770819 0.955935
0.0128788 0.000474693 0.0144284 -0.000138394 0.00020987 0.138214
0.00929331 0.000325885 0.0114189 -0.000314861 0.000427545 1.6741
0.00929331 0.000325885 0.0123094 0.00069998 0.000170337 0.16743
0.00837422 0.00673381 0.00773991 0.00250792 9.37503e-05 0.0192
0.00773991 0.00250792 0.0123094 0.00069998 0.000127051 0.13065
-0.0110535 0.0161654 -0.0104318 0.0147147 0.00012349 0.0478864
-0.0104318 0.0147147 -0.00963023 0.0156607 0.000248732 0.302442
-0.0104318 0.0147147 -0.00784293 0.00867334 0.000118247 0.0517638
-0.00784293 0.00867334 0.00773991 0.00250792 0.000128029 0.135408
-0.00916965 0.0022758 -0.00815148 0.0012256 0.000291365 0.253529
-0.00916965 0.0022758 -0.00570439 0.000522754 3.80474e-05 0.0107866
-0.0201866 0.00851437 -0.0168351 0.00715826 0.000134722 0.136045
-0.0201866 0.00851437 -0.0202413 0.009229 0.000127852 0.0408147
-0.023382 0.00980732 -0.0201866 0.00851437 0.000142518 0.152093
-0.023382 0.00980732 -0.0231712 0.0101122 8.96965e-05 0.0713778
-0.0267553 0.0111722 -0.023382 0.00980732 0.000151538 0.165695
-0.0267553 0.0111722 -0.023557 0.00955423 5.28941e-05 0.018572
0.00861096 -0.0277439 0.00862282 -0.0277397 0.000327766 0.80504
0.00862282 -0.0277397 0.00863331 -0.0277497 0.00011197 0.0173312
0.00862282 -0.0277397 0.00866106 -0.0277261 0.000327505 0.810587
0.00866106 -0.0277261 0.0087066 -0.0277688 0.000159179 0.0369929
0.0141232 -0.0279509 0.0150887 -0.0254391 7.69473e-05 0.0398738
0.0141232 -0.0279509 0.0183164 -0.0268991 0.000112711 0.097387
0.0183068 -0.030265 0.0194191 -0.0305542 5.43238e-05 0.0158853
0.0183068 -0.030265 0.0197 -0.0299852 0.000128554 0.127224
0.0167894 -0.0298705 0.0183068 -0.030265 5.3002e-05 0.0155023
0.0163886 -0.0306503 0.0167894 -0.0298705 3.88812e-05 0.0104827
0.0128093 -0.0313692 0.0136947 -0.0290658 7.63533e-05 0.0392818
0.0128093 -0.0313692 0.0163886 -0.0306503 0.000129569 0.12646
0.0127397 -0.0315502 0.0128093 -0.0313692 7.89022e-05 0.0430887
0.0127397 -0.0315502 0.01489 -0.0335663 0.000155222 0.0387319
0.0169039 -0.0356497 0.0274652 -0.0457378 9.62065e-05 0.0184813
0.0158179 -0.0378499 0.0169039 -0.0356497 7.51596e-05 0.0524545
0.014835 -0.0336735 0.0169039 -0.0356497 0.000100923 0.0162143
0.0138311 -0.0356268 0.014835 -0.0336735 3.48531e-05 0.0104318
0.012593 -0.0314127 0.0128093 -0.0313692 0.000129062 0.123854
0.012593 -0.0314127 0.0127397 -0.0315502 0.000162336 0.0390789
0.0124898 -0.0314334 0.012593 -0.0314127 0.000130209 0.127445
0.0124898 -0.0314334 0.0127054 -0.0316394 0.000113663 0.0169479
0.0446417 -0.0371126 0.0438293 -0.0251386 0.000432695 0.00414084
0.0438293 -0.0251386 0.0440694 -0.0250904 0.000128355 0.349345
0.0437869 -0.0245145 0.0446821 -0.0249673 3.72683e-05 0.0244848
0.0437869 -0.0245145 0.0438103 -0.0248594 0.000486373 0.0134942
-0.0312417 -0.0419235 -0.0207753 -0.0381995 0.00033272 0.645843
-0.0207753 -0.0381995 -0.0162276 -0.043272 5.51384e-05 0.00837267
0.0124523 -0.00469219 0.0161591 -0.00619204 9.45337e-05 0.00837444
0.0124523 -0.00469219 0.0160235 -0.00571791 7.0636e-05 0.00764428
-0.0168058 -0.0357093 -0.0172736 -0.0295896 9.21395e-05 0.00679083
-0.0168058 -0.0357093 -0.0102404 -0.0340624 0.000124002 0.0914251
-0.00243879 -0.00112928 0.00651414 -0.00565849 3.69666e-05 0.0146343
-0.00243879 -0.00112928 -0.00070239 -0.000913913 0.000115976 0.211773
-0.017431 0.00645512 -0.00916965 0.0022758 3.87957e-05 0.008629
-0.017431 0.00645512 -0.0168351 0.00715826 0.000312516 0.772608
-0.0202413 0.009229 -0.0161305 0.00798981 0.000414828 1.36374
-0.0202413 0.009229 -0.0205842 0.0137145 0.000131271 0.100283
-0.0231712 0.0101122 -0.0202413 0.009229 0.00041643 1.37757
-0.0231712 0.0101122 -0.0206601 0.0137445 8.74688e-05 0.0858622
-0.0205938 0.0138404 -0.020612 0.0140781 0.000109042 0.169039
-0.0205938 0.0138404 -0.0205055 0.0139682 7.85289e-05 0.1383
0.0181373 0.0238556 0.0193919 0.0202638 0.000335908 0.0575109
0.0193919 0.0202638 0.0218346 0.0194136 0.000345232 0.642043
0.0221123 0.0190799 0.0243782 0.0185281 0.000250762 0.379375
0.0218346 0.0194136 0.0221123 0.0190799 4.30891e-05 0.00217511
-0.0079627 0.0321109 -0.00642169 0.0309798 8.95569e-05 0.0380573
-0.00642169 0.0309798 -0.00167286 0.0352268 0.000278568 0.531914
-7.21369e-06 0.0270167 0.00740212 0.0244375 0.000219585 0.209764
-7.21369e-06 0.0270167 0.00419724 0.0319783 0.000472466 1.71953
-0.00193877 0.027689 -0.000396682 0.0265571 0.000119781 0.0808189
-0.000396682 0.0265571 -7.21369e-06 0.0270167 0.000277696 0.445344
0.00498158 0.0329039 0.00502328 0.032758 3.6283e-05 0.00121532
0.00493436 0.0328482 0.00502328 0.032758 0.00105138 0.828188
-0.0231368 0.0471047 -0.00466419 0.0368821 0.000136627 0.0809126
-0.00466419 0.0368821 -0.00126987 0.0417919 6.71014e-05 0.0364815
-0.00466419 0.0368821 -0.00167286 0.0352268 0.000126879 0.0759197
-0.00167286 0.0352268 0.00223883 0.0387251 0.000259004 0.427725
-0.00167286 0.0352268 0.00419724 0.0319783 0.000184551 0.254803
0.00419724 0.0319783 0.00493436 0.0328482 0.000466032 1.79455
0.0232593 0.00919225 0.0256937 0.00740522 8.95751e-05 0.0560643
0.0256937 0.00740522 0.0282438 0.00878432 0.000692017 1.15599
0.0256937 0.00740522 0.0272691 0.00624878 8.25957e-05 0.0443361
0.0282438 0.00878432 0.0272691 0.00624878 0.000104237 0.0228039
0.0338746 0.00337478 0.0350615 0.00352199 0.000120072 0.116107
0.0331377 0.0019409 0.0338746 0.00337478 3.40516e-05 0.00011763
0.0247164 -0.0198224 0.0282205 -0.0207668 2.69253e-05 0.00364329
0.0234044 -0.0224804 0.0247164 -0.0198224 8.62777e-05 0.059507
0.0275068 -0.0090161 0.0287646 -0.00656861 3.38515e-05 0.00872595
0.0287646 -0.00656861 0.0284573 -0.00568901 0.000305228 0.312792
0.0292206 -0.00568115 0.0311627 -0.00190211 4.61017e-05 0.0157091
0.0311627 -0.00190211 0.0330199 -0.00300032 0.000397738 1.38365
0.0266737 -0.015857 0.0288249 -0.011499 8.43825e-05 0.059995
0.0284509 -0.0111656 0.0288249 -0.011499 0.000162163 0.0105797
0.0288998 -0.0113472 0.0297346 -0.00965597 7.98216e-05 0.0489873
0.0297346 -0.00965597 0.0298551 -0.00969057 7.15203e-05 0.0206849
0.0297981 -0.00952739 0.0311641 -0.00675996 8.71534e-05 0.0988402
0.0311641 -0.00675996 0.0432496 -0.0115417 0.000136731 0.16708
0.0311641 -0.00675996 0.0313759 -0.00633085 8.7635e-05 0.109171
0.0313759 -0.00633085 0.0435821 -0.0100104 0.00031248 1.03014
0.0290139 0.0107879 0.0299248 0.00969347 5.54686e-05 0.0180537
0.0299248 0.00969347 0.0333401 0.0115405 0.000689522 1.16081
0.0343745 0.00434743 0.0350615 0.00352199 3.329e-05 0.0133925
0.0350615 0.00352199 0.0363161 0.00367761 0.000119676 0.117628
0.0428417 -0.0134206 0.0432496 -0.0115417 8.19342e-05 0.219244
0.0432496 -0.0115417 0.0497351 -0.0141077 0.000133965 0.239711
0.0462178 -0.0108049 0.0472434 -0.0111141 0.000393842 1.62981
0.0462178 -0.0108049 0.0477308 -0.0116996 0.00029236 0.81782
-0.0079627 0.0321109 -0.00466419 0.0368821 5.45645e-05 0.0187971
-0.0224412 0.042739 -0.0079627 0.0321109 6.50177e-05 0.0160252
0.00873655 0.00914773 0.0121161 0.00794934 0.000140559 0.12092
0.00904148 0.0111793 0.00873655 0.00914773 9.74332e-05 0.0188445
-0.00774825 0.0211078 -0.0061909 0.0197194 0.000181076 0.1846
-0.0061909 0.0197194 -0.00592698 0.0200308 0.000261157 0.330591
0.00221908 -0.000551554 0.00699088 -0.00248235 0.000108061 0.184761
0.00221908 -0.000551554 0.00737671 8.81628e-05 0.000102202 0.107906
0.00651414 -0.00565849 0.00689861 -0.00309706 0.000101889 0.170506
0.00651414 -0.00565849 0.0176116 -0.0112726 3.23275e-05 0.00145251
0.0405268 -0.0240839 0.0438179 -0.0249709 2.70247e-05 0.0134586
0.0401368 -0.0258803 0.0405268 -0.0240839 8.57784e-05 0.0319989
0.0352305 -0.0226563 0.0405268 -0.0240839 2.81868e-05 0.0114401
0.0352305 -0.0226563 0.0384951 -0.0218374 0.000118216 0.199342
0.0189592 -0.0267379 0.0205122 -0.0283397 0.000281373 0.118181
0.0189592 -0.0267379 0.0216341 -0.0260669 0.000114344 0.109138
0.0167894 -0.0298705 0.0183164 -0.0268991 3.77513e-05 0.0104118
0.0183164 -0.0268991 0.0189592 -0.0267379 0.000111805 0.0980865
0.0170303 -0.0247483 0.0185933 -0.0263604 0.000283714 0.122667
0.0150887 -0.0254391 0.0170303 -0.0247483 0.000326769 0.828574
0.00714719 -0.0263067 0.00438304 -0.0198564 0.000116949 0.00607392
0.00714719 -0.0263067 0.00866106 -0.0277261 0.000153726 0.0709523
0.0117229 -0.0285531 0.0136947 -0.0290658 5.3499e-05 0.014634
0.0117229 -0.0285531 0.0141232 -0.0279509 0.000113704 0.0973556
0.0100032 -0.0289844 0.012593 -0.0314127 0.000156152 0.0367217
0.0100032 -0.0289844 0.0117229 -0.0285531 0.000114084 0.0968815
0.00863331 -0.0277497 0.0087066 -0.0277688 5.59456e-05 0.0156194
0.00863331 -0.0277497 0.00994201 -0.0289998 0.000111895 0.0174518
0.00994201 -0.0289998 0.0100032 -0.0289844 0.000113064 0.0957373
0.00994201 -0.0289998 0.0124898 -0.0314334 0.000109828 0.0172111
0.0306862 -0.0120701 0.0298551 -0.00969057 0.000307248 0.333973
0.0409692 -0.0162308 0.0306862 -0.0120701 8.65557e-05 0.000520296
0.0399979 -0.0214604 0.0411596 -0.021169 0.000113703 0.203713
0.0365775 -0.0184109 0.0399979 -0.0214604 0.000173699 0.426588
0.0401368 -0.0258803 0.0438293 -0.0251386 0.000129303 0.314343
0.0383635 -0.0340489 0.0401368 -0.0258803 7.88755e-05 0.053349
0.000762129 0.0447311 0.00135499 0.0455887 5.41243e-05 0.00205724
0.000762129 0.0447311 -0.00309095 0.0493605 2.63146e-05 6.14428e-05
0.000762129 0.0447311 0.00203864 0.0431975 2.74493e-05 0.000641743
0.00135499 0.0455887 0.00203864 0.0431975 2.15545e-05 0.000180717
0.000327051 0.0491842 0.00371968 0.0490092 3.09266e-05 0.000524838
0.0198986 0.0232893 0.0313775 0.0169369 0.000143427 0.0887306
0.0313775 0.0169369 0.0350957 0.0266099 8.85008e-05 0.0137092
0.0394669 0.014854 0.0397398 0.0147875 0.000130736 0.343349
0.0394669 0.014854 0.0398921 0.015084 0.000450382 0.0705711
0.00581157 -0.0250544 0.00716424 -0.0263465 0.000107723 0.0352367
0.00581157 -0.0250544 0.00714719 -0.0263067 0.000154034 0.0736892
0.0254374 0.00148353 0.0260859 0.00110009 0.000461683 1.1336
0.025707 0.00218477 0.0254374 0.00148353 8.05499e-05 0.00667165
0.0256477 0.00235438 0.0257784 0.00237058 0.000113243 0.103706
0.0253302 0.00326358 0.0256477 0.00235438 0.000312933 0.42795
0.0131918 0.0485206 0.0145618 0.0497459 0.000161201 0.00108431
0.0117214 0.0485964 0.0131918 0.0485206 3.09266e-05 3.65832e-05
0.0121161 0.00794934 0.0138625 0.00184068 2.30447e-05 0.00316363
0.00837422 0.00673381 0.0138625 0.00184068 0.000165883 0.193579
0.0144448 0.00132159 0.0203295 0.00450413 0.000729181 0.960954
0.0138625 0.00184068 0.0144448 0.00132159 0.000165434 0.194034
0.0259314 -0.00468961 0.0284573 -0.00568901 0.000137344 0.0658251
0.0259314 -0.00468961 0.0283644 -0.00542305 0.000308542 0.385823
0.023443 -0.00370508 0.0259314 -0.00468961 0.000200737 0.15892
0.023443 -0.00370508 0.0254374 0.00148353 0.000102161 0.011633
0.017402 -0.00131493 0.023443 -0.00370508 0.000206691 0.158951
0.0147961 0.00100841 0.017402 -0.00131493 0.00025931 0.216005
0.0245446 -0.01478 0.0267548 -0.0104793 3.48992e-05 0.0107473
0.0267548 -0.0104793 0.0284509 -0.0111656 9.49538e-05 0.0249631
0.0267548 -0.0104793 0.0270459 -0.00991294 3.96522e-05 0.0102893
0.0253428 -0.00839457 0.0270459 -0.00991294 0.000148636 0.0105866
0.0266737 -0.015857 0.0267349 -0.015888 3.72635e-05 0.00355181
0.026667 -0.0158706 0.0266737 -0.015857 8.4681e-05 0.0599999
0.0245446 -0.01478 0.0266737 -0.015857 3.38984e-05 0.0033639
0.0242964 -0.0152629 0.0245446 -0.01478 3.56231e-05 0.0112909
0.0169039 -0.0356497 0.0169698 -0.0355163 7.87585e-05 0.0482594
0.0169698 -0.0355163 0.0273164 -0.0452172 0.000142756 0.0395669
0.021715 -0.0295804 0.0227844 -0.0293656 0.000132861 0.171217
0.021715 -0.0295804 0.0233188 -0.0312346 0.000271198 0.0970268
-0.00179886 0.0249024 0.00367248 0.0235701 0.000141574 0.0987573
-0.00179886 0.0249024 -0.000396682 0.0265571 0.000271618 0.422002
-0.00592698 0.0200308 0.00904148 0.0111793 0.00027858 0.478523
-0.00592698 0.0200308 -0.00179886 0.0249024 0.000276156 0.406519
-0.0158391 0.0283212 -0.0126117 0.0254439 0.000185567 0.179175
-0.0126117 0.0254439 -0.0125074 0.0255371 0.000197697 0.251127
-0.00815148 0.0012256 -0.00570439 0.000522754 7.95588e-05 0.0610787
-0.00815148 0.0012256 -0.00550027 -0.00150901 0.000292745 0.2531
-0.0198142 0.00364269 -0.0198871 0.00459629 0.000104552 0.0197344
-0.0198142 0.00364269 -0.0191786 0.00439278 0.000312973 0.767247
-0.0228853 0.00545744 -0.0205196 0.00281026 0.00035163 0.50388
-0.0205196 0.00281026 -0.0198142 0.00364269 0.000315033 0.762998
0.0135888 0.000858667 0.014069 0.00111839 0.000764445 0.954717
0.0135888 0.000858667 0.0141243 0.000925088 0.00016802 0.0732135
0.0123094 0.00069998 0.0135888 0.000858667 0.000101214 0.0521315
0.0123094 0.00069998 0.0128788 0.000474693 0.00016676 0.23892
0.00873655 0.00914773 0.00837422 0.00673381 9.44892e-05 0.0294912
0.0036393 0.0109552 0.00837422 0.00673381 0.000166526 0.186907
-0.0168351 0.00715826 -0.0120106 0.00520616 0.000118383 0.0906962
-0.0168351 0.00715826 -0.0161305 0.00798981 0.000314631 0.791541
0.01489 -0.0335663 0.0163886 -0.0306503 3.84754e-05 0.0108837
0.0163886 -0.0306503 0.0183068 -0.030265 0.000129615 0.126501
0.01489 -0.0335663 0.0169698 -0.0355163 0.000153434 0.0390908
0.014835 -0.0336735 0.01489 -0.0335663 3.67933e-05 0.010995
-0.0161305 0.00798981 -0.0141226 0.00738455 0.000309532 0.72268
-0.0161305 0.00798981 -0.0154677 0.00877195 0.000416756 1.41825
0.0218346 0.0194136 0.0243782 0.0185281 0.000344675 0.643018
0.0181373 0.0238556 0.0218346 0.0194136 2.97506e-05 0.00243138
0.00367658 0.0374684 0.00498158 0.0329039 3.30648e-05 0.0041869
0.00664838 0.0348709 0.00498158 0.0329039 0.000388193 0.0884276
0.00498158 0.0329039 0.00493436 0.0328482 0.000381851 0.0901434
0.0282438 0.00878432 0.0299248 0.00969347 0.000691518 1.15676
0.0290139 0.0107879 0.0282438 0.00878432 0.000110321 0.0211549
0.025707 0.00218477 0.0260859 0.00110009 0.000327197 0.445351
0.0260859 0.00110009 0.0311627 -0.00190211 0.000398514 1.38004
0.0284573 -0.00568901 0.0283644 -0.00542305 0.00030255 0.266587
0.0284573 -0.00568901 0.0290883 -0.00593867 0.000137976 0.17291
0.0290883 -0.00593867 0.0292206 -0.00568115 3.9828e-05 0.0211652
0.0292206 -0.00568115 0.0313759 -0.00633085 0.000314135 1.01528
0.0270459 -0.00991294 0.0284509 -0.0111656 0.000152123 0.0110474
0.0284509 -0.0111656 0.0288998 -0.0113472 9.08754e-05 0.0256976
0.0288249 -0.011499 0.0288998 -0.0113472 8.22498e-05 0.0521676
0.0288998 -0.0113472 0.0306862 -0.0120701 9.50706e-05 0.0285662
0.0221123 0.0190799 0.0290139 0.0107879 4.11901e-05 0.00907524
0.0303184 0.0141817 0.0290139 0.0107879 0.00013894 0.0213145
0.00135499 0.0455887 0.00371968 0.0490092 5.15789e-05 0.00201779
0.00135499 0.0455887 0.000327051 0.0491842 2.13905e-05 0.000157813
-0.00309095 0.0493605 0.000327051 0.0491842 3.09266e-05 0.000415686
0.0257784 0.00237058 0.0260267 0.00301657 7.95831e-05 0.0072278
0.0257784 0.00237058 0.027312 0.0025608 0.000113407 0.106293
0.025707 0.00218477 0.0257784 0.00237058 8.28202e-05 0.010693
0.0256477 0.00235438 0.025707 0.00218477 0.000327231 0.449653
0.0283644 -0.00542305 0.0292206 -0.00568115 0.000314053 1.01517
0.0260859 0.00110009 0.0283644 -0.00542305 0.000425961 0.279647
0.0290883 -0.00593867 0.0311641 -0.00675996 0.000137979 0.172474
0.0287646 -0.00656861 0.0290883 -0.00593867 3.90865e-05 0.0200423
