# time=200000
x1 y1 x2 y2 aperture velocity
0.0443843 -0.00631477 0.05 -0.010437 5.22146e-05 0.0226569
0.0440694 -0.0250904 0.05 -0.0303778 0.000152437 0.336406
-0.05 0.000316541 -0.04286 -0.00160796 2.22582e-05 0.00374913
-0.05 -0.0312056 -0.04959 -0.0314953 0.00028653 0.30646
0.0474957 0.00801726 0.05 0.0066314 0.000105297 0.164213
0.0458809 0.000579001 0.05 -0.00302134 0.000178224 0.316524
-0.05 0.0299759 -0.0423835 0.0272751 0.000126596 0.121328
-0.05 -0.0125039 -0.0419318 -0.0146018 4.557e-05 0.014655
0.0450408 -0.0429945 0.05 -0.0416201 9.61347e-05 0.215864
0.0477065 0.0302897 0.05 0.0347524 3.30326e-05 0.011783
-0.05 -0.043985 -0.0489825 -0.0437807 0.000110188 0.0431682
-0.05 0.0229315 -0.0399407 0.0178426 3.11145e-05 0.00685766
-0.05 0.0272741 -0.046455 0.0239504 0.000134231 0.104492
-0.05 -0.00702845 -0.0488496 -0.00688577 9.34165e-05 0.0670477
0.0497351 -0.0141077 0.05 -0.014426 2.74539e-05 0.0064664
0.0490599 0.0294953 0.05 0.0313998 7.28791e-05 0.0720003
-0.05 0.025353 -0.046455 0.0239504 0.000115165 0.0980423
-0.05 0.0444191 -0.0461801 0.0430894 0.000207173 0.35452
-0.05 0.0366396 -0.0228218 0.0300215 0.000115614 0.110008
-0.05 0.0132453 -0.0320246 0.00808241 6.46759e-05 0.031617
-0.05 0.00378124 -0.039767 0.00115824 2.26532e-05 0.00390154
0.0487448 0.0137711 0.05 0.0195529 7.29103e-05 0.0341947
-0.05 -0.0286948 -0.0496576 -0.0281995 4.88291e-05 0.00876727
-0.05 -0.0319792 -0.04959 -0.0314953 0.000227299 0.152678
-0.05 0.0181997 -0.0357353 0.0138996 0.000265159 0.534249
-0.05 -0.027879 -0.0496576 -0.0281995 0.000101227 0.0483677
-0.05 -0.00799343 -0.0488104 -0.00692954 0.000165792 0.158639
-0.05 -0.00560268 -0.0488496 -0.00688577 4.70573e-05 0.0114443
0.0487448 0.0137711 0.05 0.0125904 7.3132e-05 0.118119
-0.05 -0.0440359 -0.0489825 -0.0437807 9.49983e-05 0.0317445
-0.05 -0.0299924 -0.048906 -0.0306882 0.000109278 0.0594645
-0.05 0.0415005 -0.0461801 0.0430894 3.30736e-05 0.00883391
0.0453562 -0.0476437 0.05 -0.044689 8.23325e-05 0.147116
-0.05 -0.00877678 -0.0433793 -0.0129873 2.93384e-05 0.00529305
-0.05 0.0282563 -0.0448113 0.0233 9.34756e-05 0.0503311
-0.05 0.0205776 -0.0374354 0.0154937 8.4088e-05 0.052032
0.0490599 0.0294953 0.05 0.0289434 3.60659e-05 0.0343608
0.0429283 0.0469867 0.05 0.046622 3.09266e-05 0.0239297
-0.05 0.0460933 -0.0454404 0.043397 0.000272987 0.560958
-0.0228246 0.0430204 -0.0224412 0.042739 5.67736e-05 0.0114737
-0.0224412 0.042739 -0.0228816 0.0437668 0.000117135 0.0218099
0.0101839 0.0187903 0.0232593 0.00919225 5.08788e-05 0.0123984
0.0205138 0.0170522 0.0232593 0.00919225 0.000283803 0.449347
0.0348415 0.000690202 0.0369482 -0.000856241 5.21589e-05 0.024994
0.0369482 -0.000856241 0.0394415 -0.00174035 0.000133961 0.167828
0.0369482 -0.000856241 0.0414656 -0.00417222 5.24946e-05 0.0224263
0.0394415 -0.00174035 0.0414656 -0.00417222 2.76859e-05 0.00505367
0.0414656 -0.00417222 0.0443843 -0.00631477 5.25039e-05 0.0225545
0.0441494 -0.00739678 0.0443843 -0.00631477 7.69721e-05 0.0100855
-0.0221296 0.0339296 -0.0165246 0.0289324 0.000173687 0.140017
-0.0184557 0.0334386 -0.0165246 0.0289324 0.000118614 0.0131933
0.0438103 -0.0248594 0.0439864 -0.0250164 0.000152663 0.328146
0.0439864 -0.0250164 0.0441792 -0.0250683 2.31634e-05 0.00992963
0.0439864 -0.0250164 0.0440694 -0.0250904 0.000152669 0.328245
0.0440694 -0.0250904 0.0441792 -0.0250683 0.000114627 0.249804
0.0017112 -0.0136216 -0.000285636 -0.00896189 0.000106507 0.00750168
0.0017112 -0.0136216 0.0051786 -0.0145562 2.25065e-05 0.00327115
0.00787526 -0.0280057 0.00765677 -0.0274958 0.00010975 0.00183996
0.00722648 -0.0282365 0.00787526 -0.0280057 0.000285093 0.607578
0.0111578 -0.0356656 0.0123643 -0.038481 0.000104587 0.00223256
0.00850765 -0.0459855 0.0123643 -0.038481 3.30298e-05 0.000324808
0.0123643 -0.038481 0.0138245 -0.0418884 0.000104585 0.00202739
0.011015 -0.0475801 0.0138245 -0.0418884 7.20998e-05 0.000329645
-0.0189195 -0.00806083 -0.00964767 -0.0105599 2.23944e-05 0.00263551
-0.0189195 -0.00806083 -0.0192217 -0.00410808 7.34972e-05 0.00856327
-0.0313376 -0.00471369 -0.0277213 -0.00568841 2.25538e-05 0.00361636
-0.0313376 -0.00471369 -0.0263736 -0.00409799 9.45624e-05 0.066065
-0.0330937 -0.00424034 -0.0313376 -0.00471369 2.27314e-05 0.00361362
-0.0330937 -0.00424034 -0.0309279 -0.00110746 4.96956e-05 0.0113651
-0.04286 -0.00160796 -0.0330937 -0.00424034 2.2435e-05 0.00348989
-0.04286 -0.00160796 -0.039767 0.00115824 0.000164809 0.159425
0.0331156 -0.0190251 0.0325395 -0.0173759 0.000271478 0.238006
0.0330102 -0.0190626 0.0331156 -0.0190251 0.0002843 0.653736
0.0383635 -0.0340489 0.0389133 -0.0356231 0.000264791 0.0492245
0.0389133 -0.0356231 0.0446417 -0.0371126 4.67066e-05 0.0494708
0.0389133 -0.0356231 0.0418017 -0.0438922 0.000265114 0.0472369
0.0369058 -0.045249 0.0418017 -0.0438922 9.62023e-05 0.222743
-0.0359186 -0.0411567 -0.0355098 -0.0414455 0.000268318 0.195625
-0.0359186 -0.0411567 -0.035836 -0.0411401 0.000112261 0.0698884
-0.04959 -0.0314953 -0.0366005 -0.0406747 0.000269455 0.213745
-0.04959 -0.0314953 -0.048906 -0.0306882 0.000246573 0.263284
0.0331156 -0.0190251 0.0355687 -0.0181523 0.000284025 0.325972
0.0355687 -0.0181523 0.0365775 -0.0184109 2.39563e-05 0.00614539
0.0360825 -0.0179695 0.0409692 -0.0162308 0.000283891 0.14587
0.0409692 -0.0162308 0.0421297 -0.0167004 8.75675e-05 0.154283
0.0409692 -0.0162308 0.0423373 -0.015744 0.000284024 0.0978268
0.0423373 -0.015744 0.0421297 -0.0167004 7.538e-05 0.136027
0.0179605 0.0243618 0.0198986 0.0232893 0.000105624 0.0481081
0.017648 0.0252564 0.0198986 0.0232893 0.000178406 0.106927
0.0372793 0.0136709 0.0387482 0.0128581 0.000106416 0.176284
0.0387482 0.0128581 0.0366047 0.00868707 3.4768e-05 0.00320681
0.0387482 0.0128581 0.0403972 0.0119455 0.000105765 0.177365
0.0403972 0.0119455 0.0381305 0.00735337 7.89455e-05 0.00585512
0.0403972 0.0119455 0.0474957 0.00801726 0.000105728 0.172158
0.0468369 0.00498253 0.0474957 0.00801726 7.8421e-05 0.00335066
-0.0179426 -0.0208395 -0.0189195 -0.00806083 7.43076e-05 0.00843657
-0.0179426 -0.0208395 0.00340241 -0.0263896 4.61987e-05 0.0112821
-0.0162276 -0.043272 -0.0166847 -0.0372934 7.41269e-05 0.00482472
0.0257193 0.0182016 0.0259861 0.0179684 0.000176278 0.118581
0.0259861 0.0179684 0.031091 0.0161914 0.000208323 0.200484
0.0259861 0.0179684 0.0303184 0.0141817 0.000179412 0.155142
0.031091 0.0161914 0.0303184 0.0141817 6.98526e-05 0.00626176
0.0303184 0.0141817 0.0333401 0.0115405 0.000178801 0.156196
0.0333401 0.0115405 0.0372793 0.0136709 0.000452382 0.404095
0.0381305 0.00735337 0.0415878 0.00433147 0.000180234 0.355093
0.0415878 0.00433147 0.0468369 0.00498253 0.000103867 0.139186
0.0415878 0.00433147 0.0458809 0.000579001 0.000178524 0.323074
0.0458809 0.000579001 0.0449531 -0.0036948 7.57377e-05 0.00188334
0.0121161 0.00794934 0.0180793 0.00583476 0.000129577 0.101538
0.0116303 0.00964834 0.0121161 0.00794934 2.26148e-05 0.00212686
-0.0423835 0.0272751 -0.0210423 0.0197074 0.000138048 0.154089
-0.05 0.0357977 -0.0423835 0.0272751 0.000275137 0.405143
-0.0405122 -0.0149709 -0.0400859 -0.0150818 4.5651e-05 0.0147401
-0.0405122 -0.0149709 -0.0404352 -0.0148596 4.92407e-05 0.0103972
-0.0419318 -0.0146018 -0.0405122 -0.0149709 4.5949e-05 0.014999
-0.0419318 -0.0146018 -0.0409862 -0.0156566 4.70573e-05 0.0107419
0.0418017 -0.0438922 0.0450408 -0.0429945 9.61841e-05 0.352984
0.0450408 -0.0429945 0.0453562 -0.0476437 0.000423433 0.0286054
0.0397398 0.0147875 0.0390393 0.0134246 3.42479e-05 0.0132715
0.0397398 0.0147875 0.041579 0.0143397 0.000117894 0.259423
0.0398921 0.015084 0.0423221 0.0198124 3.32346e-05 0.00200447
0.0350957 0.0266099 0.0423221 0.0198124 7.3617e-05 0.0134339
0.0423221 0.0198124 0.0477065 0.0302897 3.38247e-05 0.0152648
0.0385714 0.0356521 0.0477065 0.0302897 3.56832e-05 0.0177853
-0.0489825 -0.0437807 -0.0359186 -0.0411567 0.00010959 0.0427202
-0.0489825 -0.0437807 -0.0366005 -0.0406747 9.57034e-05 0.0322933
-0.0399407 0.0178426 -0.0381487 0.0169361 3.14192e-05 0.00702928
-0.0399407 0.0178426 -0.0374354 0.0154937 0.000133653 0.103439
-0.046455 0.0239504 -0.0399407 0.0178426 0.000133709 0.103451
-0.046455 0.0239504 -0.0448113 0.0233 0.000115575 0.0993701
-0.0487472 -0.00687306 -0.0336164 -0.00499634 9.49449e-05 0.0663377
-0.0487472 -0.00687306 -0.04286 -0.00160796 0.000164917 0.15929
-0.0488496 -0.00688577 -0.0487472 -0.00687306 9.32493e-05 0.06699
-0.0488496 -0.00688577 -0.0488104 -0.00692954 4.74787e-05 0.011692
0.0441494 -0.00739678 0.0472434 -0.0111141 2.79875e-05 0.00511655
0.0472434 -0.0111141 0.05 -0.011945 0.000253179 0.627451
0.0472434 -0.0111141 0.0477308 -0.0116996 2.87372e-05 0.00543362
0.0477308 -0.0116996 0.05 -0.0130415 0.000248141 0.541194
0.0477308 -0.0116996 0.0497351 -0.0141077 2.73115e-05 0.00467097
0.0497351 -0.0141077 0.05 -0.0142125 0.00011894 0.176402
0.0426945 0.0165995 0.0436595 0.0185545 7.29299e-05 0.027439
0.0423221 0.0198124 0.0436595 0.0185545 7.22974e-05 0.00745801
0.0436595 0.0185545 0.0490599 0.0294953 7.29418e-05 0.0784854
0.0477065 0.0302897 0.0490599 0.0294953 3.61132e-05 0.0210926
0.0243782 0.0185281 0.0259861 0.0179684 0.000210747 0.231066
0.0243782 0.0185281 0.0257193 0.0182016 0.00012284 0.082049
-0.0461801 0.0430894 -0.0431173 0.0420233 0.000207283 0.353984
-0.0461801 0.0430894 -0.0454404 0.043397 3.56013e-05 0.010234
0.0160235 -0.00571791 0.0147674 -0.00132426 2.13905e-05 0.000278134
0.0160235 -0.00571791 0.0220085 -0.00743691 6.59986e-05 0.00697824
0.018314 -0.0137295 0.0176116 -0.0112726 2.15803e-05 0.00305008
0.018314 -0.0137295 0.0194753 -0.0140272 2.29622e-05 0.00256678
0.0188582 -0.0156327 0.018314 -0.0137295 2.21008e-05 0.00230727
0.0188582 -0.0156327 0.0194753 -0.0140272 6.71279e-05 0.0397846
0.0233188 -0.0312346 0.0227844 -0.0293656 2.18969e-05 0.00182804
0.0233188 -0.0312346 0.0237512 -0.0316807 0.000246428 0.0809868
0.0273164 -0.0452172 0.0274652 -0.0457378 2.17967e-05 0.000385347
0.0274652 -0.0457378 0.0291917 -0.0473869 9.35365e-05 0.0177273
0.0274652 -0.0457378 0.0280288 -0.0477092 2.15118e-05 0.00108413
0.0106464 0.0218719 0.0173765 0.0202331 0.000122021 0.0606036
0.0106464 0.0218719 0.0108513 0.0232368 8.91271e-05 0.0168209
-0.0228218 0.0300215 -0.021812 0.0297757 0.000123967 0.139189
-0.0228218 0.0300215 -0.0217839 0.0294078 0.000255656 0.467526
-0.0228853 0.00545744 -0.0198871 0.00459629 7.02826e-05 0.0408991
-0.024861 0.00766809 -0.0228853 0.00545744 0.000269869 0.31247
-0.0275275 0.00679075 -0.0258088 0.00629711 6.94047e-05 0.0340886
-0.0275275 0.00679075 -0.0262868 0.00560566 9.69294e-05 0.0454128
-0.0320246 0.00808241 -0.0284296 0.00704984 6.60127e-05 0.0299464
-0.0320246 0.00808241 -0.0307483 0.00922386 0.000164462 0.160202
-0.0128852 -0.00573227 -0.000285636 -0.00896189 2.32451e-05 0.00380016
-0.015546 -0.00275501 -0.0128852 -0.00573227 0.00025957 0.165684
-0.0192217 -0.00410808 -0.0155158 -0.00505798 2.28088e-05 0.00273554
-0.0192217 -0.00410808 -0.0192896 -0.00321934 7.35283e-05 0.00865646
-0.0215804 -0.00350347 -0.0192217 -0.00410808 2.39559e-05 0.00290168
-0.0215804 -0.00350347 -0.0192896 -0.00321934 0.000100843 0.0605261
-0.0309279 -0.00110746 -0.0251044 -0.00260018 2.29593e-05 0.00369215
-0.0309279 -0.00110746 -0.0265237 0.00526295 4.94159e-05 0.0114161
-0.039767 0.00115824 -0.0309279 -0.00110746 2.29729e-05 0.00366128
-0.039767 0.00115824 -0.0320246 0.00808241 0.000164748 0.15951
0.0487448 0.0137711 0.0485023 0.0126538 7.3104e-05 0.0199156
0.0446268 0.0176446 0.0487448 0.0137711 7.31877e-05 0.171987
-0.0496576 -0.0281995 -0.0409862 -0.0156566 4.91044e-05 0.0100395
-0.0496576 -0.0281995 -0.0480626 -0.0296929 0.000101161 0.047758
-0.0141226 0.00738455 -0.00627716 0.00501956 0.000263679 0.606146
-0.0141226 0.00738455 -0.0120106 0.00520616 0.000254437 0.200038
-0.0346169 0.0135625 -0.0284738 0.0117107 0.000259773 0.519757
-0.0346169 0.0135625 -0.0304004 0.00953495 0.000103618 0.0593815
-0.0357353 0.0138996 -0.0346169 0.0135625 0.000260782 0.523137
-0.0357353 0.0138996 -0.0307483 0.00922386 0.000150169 0.126247
0.0119722 -0.0335468 0.0127054 -0.0316394 6.66434e-05 0.0335867
0.0104497 -0.0318432 0.0119722 -0.0335468 0.000252955 0.0222467
0.00744961 -0.0453126 0.0111578 -0.0356656 6.47994e-05 0.00146248
0.00744961 -0.0453126 0.00850765 -0.0459855 2.93384e-05 0.00117579
-0.0488104 -0.00692954 -0.0487472 -0.00687306 0.000165724 0.158826
-0.0488104 -0.00692954 -0.0433793 -0.0129873 4.81286e-05 0.0111144
0.0119722 -0.0335468 0.0138311 -0.0356268 0.000251361 0.0149774
0.0123643 -0.038481 0.0138311 -0.0356268 3.30299e-05 0.000974577
0.0138311 -0.0356268 0.0158179 -0.0378499 0.000250953 0.0138096
0.0138245 -0.0418884 0.0158179 -0.0378499 7.21002e-05 0.00327046
-0.0154677 0.00877195 -0.0141226 0.00738455 0.000279322 0.303614
-0.0154677 0.00877195 -0.0136158 0.0109574 0.00022937 0.301132
-0.0200574 0.0135061 -0.0154677 0.00877195 0.00026499 0.111824
-0.0200574 0.0135061 -0.0136158 0.0109574 0.00012088 0.0567307
-0.020612 0.0140781 -0.0205055 0.0139682 0.000264037 0.0445613
-0.0209133 0.0180196 -0.020612 0.0140781 7.74069e-05 0.0450918
0.0438103 -0.0248594 0.0438179 -0.0249709 0.000432473 0.00389279
0.0429468 -0.0240894 0.0438103 -0.0248594 0.000152764 0.313248
0.0434931 -0.0201836 0.0435198 -0.020577 0.000434076 0.00052499
0.0434931 -0.0201836 0.044282 -0.0203858 2.26532e-05 0.00838486
-0.0336307 -0.0427735 -0.0312417 -0.0419235 0.000286918 0.492085
-0.0332804 -0.0406268 -0.0312417 -0.0419235 0.000110985 0.037587
-0.0332804 -0.0406268 -0.0208395 -0.0381279 0.000113892 0.0775321
-0.048906 -0.0306882 -0.0429602 -0.03447 0.00012201 0.0466765
-0.048906 -0.0306882 -0.0480626 -0.0296929 0.000243291 0.270137
0.00695375 -0.00272968 0.00723125 -0.00257961 0.000449456 0.0604321
0.00699088 -0.00248235 0.00695375 -0.00272968 9.22355e-05 0.113331
0.00649095 -0.00297997 0.00695375 -0.00272968 0.000445359 0.0202029
0.00689861 -0.00309706 0.00649095 -0.00297997 6.88978e-05 0.0458887
0.00116224 -0.0413141 0.00744961 -0.0453126 2.96863e-05 0.00435432
0.00116224 -0.0413141 0.00233931 -0.0334722 8.31992e-05 0.000456006
-0.00984838 -0.0343117 -0.00792624 -0.0355342 3.08816e-05 0.00385142
-0.0167256 -0.0367587 -0.00984838 -0.0343117 0.000285999 0.505152
-0.0172736 -0.0295896 -0.0102404 -0.0340624 3.01815e-05 0.00366
-0.0172736 -0.0295896 -0.0179426 -0.0208395 7.48196e-05 0.00794242
-0.0400859 -0.0150818 -0.0372237 -0.016902 2.93955e-05 0.00528684
-0.0400859 -0.0150818 -0.0364765 -0.0160203 4.5706e-05 0.0147882
-0.0404352 -0.0148596 -0.0400859 -0.0150818 2.9576e-05 0.00535642
-0.0404352 -0.0148596 -0.0336164 -0.00499634 4.91917e-05 0.010508
-0.0433793 -0.0129873 -0.0404352 -0.0148596 2.97791e-05 0.00548577
-0.0433793 -0.0129873 -0.0419318 -0.0146018 4.76154e-05 0.0110647
-0.0360532 0.0149344 -0.0346169 0.0135625 9.3833e-05 0.0505888
-0.0360532 0.0149344 -0.0286934 0.0119564 8.465e-05 0.0533451
-0.0381487 0.0169361 -0.0360532 0.0149344 9.40963e-05 0.050851
-0.0381487 0.0169361 -0.0290135 0.0123146 3.14248e-05 0.00706207
-0.0448113 0.0233 -0.0381487 0.0169361 9.41587e-05 0.0508286
-0.0448113 0.0233 -0.0355598 0.0196396 0.000115133 0.0990459
-0.0374354 0.0154937 -0.0360532 0.0149344 8.45245e-05 0.0529748
-0.0374354 0.0154937 -0.0357353 0.0138996 0.000133364 0.102895
0.0173765 0.0202331 0.0205138 0.0170522 0.000529281 0.278084
0.0205138 0.0170522 0.019591 0.0196938 0.000283315 0.0693882
-0.0103577 0.0497353 -0.00309095 0.0493605 3.09266e-05 0.000428117
0.0180047 0.0482723 0.0429283 0.0469867 3.09266e-05 0.00596608
-0.0431173 0.0420233 -0.0228218 0.0300215 0.00025813 0.48062
-0.0431173 0.0420233 -0.0235794 0.0352221 0.000224757 0.452257
-0.0454404 0.043397 -0.0431173 0.0420233 0.000272813 0.558388
-0.0454404 0.043397 -0.0367862 0.0469967 3.78459e-05 0.0307286
-0.0313319 0.0492653 -0.0228246 0.0430204 4.92662e-05 0.00456294
-0.0228246 0.0430204 -0.0228816 0.0437668 8.04486e-05 0.0300052
-0.0228816 0.0437668 -0.0246774 0.0479573 0.000117109 0.0259283
-0.0228816 0.0437668 -0.0231368 0.0471047 7.93079e-05 0.0243626
0.00367248 0.0235701 0.00870661 0.0198747 5.33089e-05 0.0129151
0.00794775 0.022529 0.00870661 0.0198747 2.17156e-05 0.0011007
0.00870661 0.0198747 0.0101839 0.0187903 5.21384e-05 0.0131086
0.0106464 0.0218719 0.0101839 0.0187903 8.77547e-05 0.00345822
0.0315732 0.00308933 0.0331377 0.0019409 5.28298e-05 0.0241792
0.0325092 0.000717867 0.0331377 0.0019409 3.42317e-05 0.00021565
0.0331377 0.0019409 0.0348415 0.000690202 5.26299e-05 0.0242443
0.0345057 9.88431e-06 0.0348415 0.000690202 7.74607e-05 0.00105319
0.0394415 -0.00174035 0.0449531 -0.0036948 0.000133555 0.168612
0.0358009 0.00263369 0.0394415 -0.00174035 2.74653e-05 0.00642331
0.0437291 -0.00933319 0.0441494 -0.00739678 7.83025e-05 0.0100448
0.0414656 -0.00417222 0.0441494 -0.00739678 2.71944e-05 0.00488976
-0.0235794 0.0352221 -0.0221296 0.0339296 0.000176428 0.137736
-0.0221296 0.0339296 -0.0221915 0.034739 8.60972e-05 0.0189757
-0.0184557 0.0334386 -0.0224412 0.042739 0.000118159 0.0206603
-0.0184557 0.0334386 -0.00925826 0.030237 0.000220639 0.331186
0.0441792 -0.0250683 0.0456829 -0.0254736 2.35585e-05 0.0102196
0.0441792 -0.0250683 0.0446821 -0.0249673 0.000114614 0.249739
-0.0140892 0.0232492 -0.0110535 0.0161654 0.000112093 0.0370983
-0.0110535 0.0161654 -0.00963023 0.0156607 0.000131846 0.128675
-0.00416004 7.91886e-05 -0.00517119 0.00243874 0.000109955 0.0153331
-0.00416004 7.91886e-05 -0.00070239 -0.000913913 6.94959e-05 0.058244
-0.000285636 -0.00896189 -0.00187863 -0.00524458 0.000105858 0.00763518
-0.000285636 -0.00896189 0.00239031 -0.00964781 2.29416e-05 0.00344644
0.0282205 -0.0207668 0.034296 -0.0224044 2.28933e-05 0.00393044
0.0234044 -0.0224804 0.0282205 -0.0207668 0.000284362 0.654157
0.0196669 -0.0184613 0.0222895 -0.0191682 2.25717e-05 0.00227483
0.0196669 -0.0184613 0.0188582 -0.0156327 2.20295e-05 0.00235787
0.00784604 -0.0152752 0.0179489 -0.0179983 2.2695e-05 0.00367292
0.00784604 -0.0152752 0.0158301 -0.0235104 0.000248708 0.127996
0.0051786 -0.0145562 0.00784604 -0.0152752 2.27846e-05 0.00307096
0.0051786 -0.0145562 0.00544276 -0.0127963 8.55776e-05 0.0379513
0.00765677 -0.0274958 0.00716424 -0.0263465 0.000107484 0.0019164
0.00765677 -0.0274958 0.00861096 -0.0277439 4.7295e-05 0.013211
-0.00984838 -0.0343117 -0.00653594 -0.0331332 0.000285851 0.505485
-0.00653594 -0.0331332 0.00273943 -0.0308065 0.000100238 0.0617594
0.0028938 -0.0297781 0.00722648 -0.0282365 0.000285754 0.507145
0.00623387 -0.0271258 0.00722648 -0.0282365 0.000259032 0.162745
0.00866303 -0.0298439 0.00846053 -0.0293714 0.000109254 0.0218583
0.00828097 -0.0294164 0.00866303 -0.0298439 0.00025868 0.0479
0.00959347 -0.0320152 0.0111578 -0.0356656 0.000108496 0.0047409
0.0111578 -0.0356656 0.0119722 -0.0335468 6.70351e-05 0.00560363
0.00850765 -0.0459855 0.011015 -0.0475801 2.93384e-05 0.00081011
-0.0092509 -0.0106669 -0.00822913 -0.0109423 2.41351e-05 0.00340568
-0.0092509 -0.0106669 -0.00395127 -0.015729 9.80009e-05 0.0288932
-0.00964767 -0.0105599 -0.0092509 -0.0106669 2.37679e-05 0.00287312
-0.00964767 -0.0105599 -0.00300402 -0.016789 0.000140226 0.0597258
-0.0277213 -0.00568841 -0.0189195 -0.00806083 2.31715e-05 0.00265395
-0.0277213 -0.00568841 -0.0263736 -0.00409799 0.000239279 0.28364
-0.0263736 -0.00409799 -0.0215804 -0.00350347 0.000100877 0.0604751
-0.0263736 -0.00409799 -0.0251044 -0.00260018 0.000237572 0.286295
0.0241711 0.00658176 0.0253302 0.00326358 0.00027647 0.334094
0.0253302 0.00326358 0.0260267 0.00301657 0.000134243 0.144309
0.0298551 -0.00969057 0.0297981 -0.00952739 0.00027276 0.256573
0.0298551 -0.00969057 0.0428417 -0.0134206 6.74069e-05 0.0295805
0.0325395 -0.0173759 0.0312384 -0.0136508 0.0002711 0.238476
0.0325395 -0.0173759 0.0355687 -0.0181523 2.31668e-05 0.000837393
0.0282205 -0.0207668 0.0330102 -0.0190626 0.000284285 0.654221
0.0330102 -0.0190626 0.0331542 -0.0191354 3.24447e-05 0.00700087
0.0358135 -0.0267486 0.0383635 -0.0340489 0.000264961 0.047287
0.0380694 -0.0354037 0.0383635 -0.0340489 7.3993e-05 0.0510683
0.0446417 -0.0371126 0.05 -0.0385058 4.62434e-05 0.0463955
0.0450408 -0.0429945 0.0446417 -0.0371126 0.000419151 0.00259327
0.0358697 -0.0455362 0.0369058 -0.045249 9.49995e-05 0.0508911
-0.0355098 -0.0414455 -0.0336307 -0.0427735 0.000268457 0.194317
-0.0355098 -0.0414455 -0.0339645 -0.0428923 0.000102491 0.0246139
-0.035836 -0.0411401 -0.0332804 -0.0406268 0.000112145 0.0718044
-0.035836 -0.0411401 -0.0355098 -0.0414455 0.000103229 0.0212997
-0.0366005 -0.0406747 -0.0359186 -0.0411567 0.000268986 0.206902
-0.0366005 -0.0406747 -0.0363896 -0.0406218 9.75747e-05 0.0515668
0.0414853 -0.0196689 0.0434931 -0.0201836 2.34154e-05 0.0178442
0.0414853 -0.0196689 0.0411596 -0.021169 7.43783e-05 0.0628429
0.0365775 -0.0184109 0.0414853 -0.0196689 2.38228e-05 0.0069689
0.0360825 -0.0179695 0.0365775 -0.0184109 0.000152584 0.314174
0.0355687 -0.0181523 0.0360825 -0.0179695 0.000283985 0.325568
0.0360825 -0.0179695 0.0312384 -0.0136508 0.000152163 0.0204214
0.0421297 -0.0167004 0.0485758 -0.0193087 8.79958e-05 0.214077
0.0421297 -0.0167004 0.0414853 -0.0196689 7.42285e-05 0.0663621
0.00770911 0.0300349 0.0115525 0.027908 0.000107502 0.0140388
0.0115525 0.027908 0.0119076 0.030274 8.65641e-05 0.000545418
0.0175072 0.0246126 0.0179605 0.0243618 0.000104077 0.0187716
0.017648 0.0252564 0.0179605 0.0243618 0.000274923 0.0390674
-0.00126987 0.0417919 0.00223883 0.0387251 0.000170179 0.00602901
0.00223883 0.0387251 0.00309769 0.0394932 0.000161449 0.0648787
0.00367658 0.0374684 0.00664838 0.0348709 0.000190652 0.151725
0.00664838 0.0348709 0.00781914 0.0362525 0.000257171 0.0436397
0.0119076 0.030274 0.015165 0.0274268 0.000187277 0.0530037
0.0120432 0.0311774 0.015165 0.0274268 2.63083e-05 0.000951279
0.015165 0.0274268 0.017648 0.0252564 0.000186004 0.053362
0.0131062 0.0382591 0.017648 0.0252564 0.000276083 0.0720487
0.0317427 0.0167348 0.0354949 0.0146584 0.000105584 0.0515119
0.0354949 0.0146584 0.0376915 0.0138938 0.000208491 0.198774
0.0354949 0.0146584 0.0372793 0.0136709 0.000104061 0.0518921
0.0372793 0.0136709 0.0376915 0.0138938 0.000451515 0.375283
0.0366047 0.00868707 0.0343745 0.00434743 3.48476e-05 0.00193997
0.0333401 0.0115405 0.0366047 0.00868707 0.000180379 0.355791
0.0381305 0.00735337 0.0363161 0.00367761 7.81916e-05 0.00874027
0.0366047 0.00868707 0.0381305 0.00735337 0.000180174 0.35644
0.0458809 0.000579001 0.0468369 0.00498253 7.8529e-05 0.0142868
0.0468369 0.00498253 0.05 0.00537486 0.000103462 0.148035
0.00340241 -0.0263896 0.00623387 -0.0271258 4.82268e-05 0.0121291
0.00340241 -0.0263896 0.00371497 -0.0243073 8.61827e-05 0.0214196
-0.0166847 -0.0372934 -0.0167256 -0.0367587 7.71093e-05 0.00653876
-0.0166847 -0.0372934 -0.00792624 -0.0355342 0.000115343 0.0817179
0.0198986 0.0232893 0.0257193 0.0182016 0.000177672 0.109449
0.0257193 0.0182016 0.0313377 0.0168335 0.000123995 0.0695319
0.031091 0.0161914 0.0354949 0.0146584 0.000208046 0.199012
0.0313377 0.0168335 0.031091 0.0161914 6.80679e-05 0.00111338
0.0443843 -0.00631477 0.0449531 -0.0036948 7.57036e-05 0.0102701
0.0449531 -0.0036948 0.05 -0.00548444 0.000133226 0.175935
0.0180793 0.00583476 0.0209244 0.00482588 0.000131066 0.0990476
0.0180793 0.00583476 0.0203295 0.00450413 0.000249908 0.383311
0.00978205 0.0161131 0.0116303 0.00964834 2.16158e-05 0.0014692
0.0116303 0.00964834 0.0180793 0.00583476 0.00025043 0.381812
-0.0195985 0.0191954 -0.0174246 0.0184246 0.000131866 0.133435
-0.0195985 0.0191954 -0.0143597 0.0238806 0.000175292 0.187386
-0.0210423 0.0197074 -0.0195985 0.0191954 0.000137132 0.152344
-0.0217839 0.0294078 -0.0210423 0.0197074 7.45399e-05 0.00310522
-0.0409862 -0.0156566 -0.0385093 -0.0184192 4.72132e-05 0.0106494
-0.0409862 -0.0156566 -0.0405122 -0.0149709 4.88291e-05 0.0101512
0.0390393 0.0134246 0.0387482 0.0128581 3.65842e-05 0.00303757
0.0390393 0.0134246 0.0408212 0.0128043 0.000213865 0.764341
0.041579 0.0143397 0.0485023 0.0126538 0.000117519 0.28467
0.041579 0.0143397 0.0408212 0.0128043 7.43505e-05 0.0437088
0.0398921 0.015084 0.0397398 0.0147875 3.35669e-05 0.0171016
0.0398921 0.015084 0.0426945 0.0165995 0.000420991 0.0567533
0.00945447 0.0487133 0.0117214 0.0485964 3.09266e-05 0.000149097
0.0124794 0.0478835 0.0142945 0.0461761 7.21899e-05 0.00444057
0.0146352 0.0484461 0.0142945 0.0461761 8.30702e-05 0.00187039
0.0142945 0.0461761 0.0153706 0.0451639 7.21898e-05 0.00415027
0.0153706 0.0451639 0.0176949 0.0479067 0.000219052 0.00174626
0.0153706 0.0451639 0.0350957 0.0266099 7.22065e-05 0.0186667
0.0350957 0.0266099 0.0385714 0.0356521 6.46508e-05 0.0146173
0.0148086 0.049601 0.0169823 0.0483251 3.56763e-05 0.000838632
0.0146352 0.0484461 0.0169823 0.0483251 3.09266e-05 0.000557454
0.0169823 0.0483251 0.0176949 0.0479067 3.56763e-05 0.000862287
0.0176949 0.0479067 0.0180047 0.0482723 0.000219052 0.000767464
0.0176949 0.0479067 0.0385714 0.0356521 3.56763e-05 0.00687209
0.0385714 0.0356521 0.0429283 0.0469867 6.4639e-05 0.00859472
-0.0336164 -0.00499634 -0.0313376 -0.00471369 9.46617e-05 0.0659896
-0.0336164 -0.00499634 -0.0330937 -0.00424034 4.99625e-05 0.0113814
0.0426945 0.0165995 0.041579 0.0143397 7.3168e-05 0.0836368
0.0426945 0.0165995 0.0446268 0.0176446 0.00042092 0.0374702
0.014069 0.00111839 0.0141243 0.000925088 2.47457e-05 0.00150261
0.0141243 0.000925088 0.0147961 0.00100841 0.000104653 0.0281654
0.0144284 -0.000138394 0.0147674 -0.00132426 2.40128e-05 0.00133306
0.0147674 -0.00132426 0.0187637 -0.00252893 0.000236714 0.167626
0.0220085 -0.00743691 0.0253428 -0.00839457 6.55939e-05 0.0117611
0.0220085 -0.00743691 0.0225854 -0.0059362 6.54482e-05 0.0214002
0.0161591 -0.00619204 0.0160235 -0.00571791 2.21176e-05 0.00190496
0.0161591 -0.00619204 0.0216353 -0.00840786 8.52378e-05 0.00681845
0.0176116 -0.0112726 0.0161591 -0.00619204 2.1417e-05 0.00322329
0.0176116 -0.0112726 0.0200584 -0.0125104 3.12723e-05 0.00128007
0.0194753 -0.0140272 0.0242964 -0.0152629 2.31032e-05 0.00216065
0.0194753 -0.0140272 0.0200584 -0.0125104 6.69831e-05 0.0400052
0.0207342 -0.0221945 0.0196669 -0.0184613 2.24681e-05 0.00211499
0.0199569 -0.023707 0.0207342 -0.0221945 3.47783e-05 0.00991247
0.0217653 -0.025801 0.0210549 -0.0233163 2.24057e-05 0.00101377
0.0216341 -0.0260669 0.0217653 -0.025801 7.58673e-05 0.0395083
0.0218274 -0.0260184 0.0217653 -0.025801 2.22986e-05 0.000628346
0.0218274 -0.0260184 0.0344522 -0.0228515 9.93978e-05 0.0872518
0.0227844 -0.0293656 0.0218274 -0.0260184 2.19156e-05 0.00114301
0.0227844 -0.0293656 0.0358135 -0.0267486 0.000115101 0.127769
0.0237512 -0.0316807 0.0361102 -0.0444284 0.000245877 0.0798336
0.0237512 -0.0316807 0.0380694 -0.0354037 4.69348e-05 0.0189162
0.0234218 -0.031595 0.0233188 -0.0312346 2.236e-05 0.00137688
0.0234218 -0.031595 0.0237512 -0.0316807 4.67796e-05 0.0119642
0.0273164 -0.0452172 0.0234218 -0.031595 2.14992e-05 0.00113725
0.0273164 -0.0452172 0.0295304 -0.047293 0.00013465 0.0357081
0.0280288 -0.0477092 0.0291917 -0.0473869 9.38579e-05 0.000248477
0.0173765 0.0202331 0.019591 0.0196938 0.000125335 0.0472416
0.0162766 0.0213483 0.0173765 0.0202331 0.000531229 0.27429
0.0108513 0.0232368 0.0113219 0.0263719 8.81055e-05 0.0430118
0.0108513 0.0232368 0.0162766 0.0213483 0.000204601 0.173082
-0.0113401 0.0272257 -0.0107736 0.0270877 0.000134336 0.137656
-0.0113401 0.0272257 -0.00925826 0.030237 5.81189e-05 0.0205171
-0.0163121 0.0284364 -0.0158391 0.0283212 0.000125427 0.127066
-0.0165246 0.0289324 -0.0163121 0.0284364 0.000123494 0.0123965
-0.021812 0.0297757 -0.0163121 0.0284364 0.000123903 0.134632
-0.021812 0.0297757 -0.0221296 0.0339296 7.82796e-05 0.0211068
-0.0132999 0.0243908 -0.00774825 0.0211078 0.00025558 0.433165
-0.0132999 0.0243908 -0.0125871 0.0254219 5.22919e-05 0.0161972
-0.0150123 0.0254034 -0.0135945 0.024565 0.000255437 0.454282
-0.0163121 0.0284364 -0.0150123 0.0254034 0.000113398 0.0200589
-0.0217839 0.0294078 -0.0150123 0.0254034 0.000255782 0.462174
-0.0217839 0.0294078 -0.021812 0.0297757 7.96572e-05 0.0135411
-0.0198871 0.00459629 -0.0191786 0.00439278 7.04324e-05 0.041276
-0.0198871 0.00459629 -0.0201337 0.00782243 7.80144e-05 0.01209
-0.0284738 0.0117107 -0.0282489 0.0114591 0.000274921 0.359611
-0.0282489 0.0114591 -0.0280952 0.0115966 0.000181566 0.269812
-0.0282489 0.0114591 -0.024861 0.00766809 0.000270007 0.313628
-0.024861 0.00766809 -0.023557 0.00955423 5.30654e-05 0.0211692
-0.0258088 0.00629711 -0.0228853 0.00545744 6.85571e-05 0.033335
-0.0258088 0.00629711 -0.024861 0.00766809 5.24777e-05 0.0146243
-0.0149788 -0.00519563 -0.0092509 -0.0106669 9.89484e-05 0.0287571
-0.0149788 -0.00519563 -0.0128852 -0.00573227 2.39907e-05 0.00326086
-0.0194662 -0.000909324 -0.0173055 -0.00297324 9.90263e-05 0.0294739
-0.0194662 -0.000909324 -0.0196786 0.00186924 7.691e-05 0.00995943
-0.0262868 0.00560566 -0.0217903 0.00131067 9.63639e-05 0.0448379
-0.0262868 0.00560566 -0.0258088 0.00629711 5.09663e-05 0.0134774
-0.0284296 0.00704984 -0.0275275 0.00679075 6.5777e-05 0.0301707
-0.0284296 0.00704984 -0.0265237 0.00526295 0.00013441 0.0882483
-0.0304004 0.00953495 -0.0282489 0.0114591 0.000174917 0.198986
-0.0304004 0.00953495 -0.0275275 0.00679075 9.9755e-05 0.0479495
-0.0307483 0.00922386 -0.0304004 0.00953495 0.000173982 0.192183
-0.0307483 0.00922386 -0.0284296 0.00704984 0.000134335 0.0883548
-0.0196786 0.00186924 -0.015546 -0.00275501 0.000258889 0.172254
-0.015546 -0.00275501 -0.00550027 -0.00150901 9.66231e-05 0.0830636
-0.0155158 -0.00505798 -0.0149788 -0.00519563 2.52601e-05 0.00332409
-0.0155158 -0.00505798 -0.00964767 -0.0105599 0.000140992 0.0594671
-0.0192896 -0.00321934 -0.0194296 -0.00138849 7.81236e-05 0.00867642
-0.0192896 -0.00321934 -0.0176886 -0.00302077 9.97101e-05 0.060799
-0.0251044 -0.00260018 -0.0215804 -0.00350347 2.41528e-05 0.00300569
-0.0251044 -0.00260018 -0.0220197 0.00104 0.000237442 0.286503
-0.0265237 0.00526295 -0.0262868 0.00560566 4.95377e-05 0.0122294
-0.0265237 0.00526295 -0.0220197 0.00104 0.000134264 0.0880335
0.0474957 0.00801726 0.047993 0.0103078 7.85244e-05 0.0149447
0.047993 0.0103078 0.05 0.0096092 0.000213201 0.785115
0.047993 0.0103078 0.0485023 0.0126538 7.89161e-05 0.00755741
0.0485023 0.0126538 0.05 0.0122891 0.000117433 0.302353
0.0446268 0.0176446 0.0436595 0.0185545 7.32058e-05 0.0435015
-0.0429602 -0.03447 -0.0363896 -0.0406218 0.000111405 0.029403
-0.0429602 -0.03447 -0.0341654 -0.0400639 0.000118855 0.0466833
-0.0480626 -0.0296929 -0.0429602 -0.03447 0.000110656 0.0282788
-0.0480626 -0.0296929 -0.0385093 -0.0184192 0.00024119 0.279548
0.0114189 -0.000314861 0.0147674 -0.00132426 0.000236655 0.167507
0.0114189 -0.000314861 0.0128788 0.000474693 0.000474192 0.332734
0.00749381 0.000868339 0.00929331 0.000325885 0.000261834 0.618989
0.00773991 0.00250792 0.00749381 0.000868339 8.69036e-05 0.0224132
-0.00627716 0.00501956 0.00749381 0.000868339 0.000262597 0.62661
-0.00784293 0.00867334 -0.00627716 0.00501956 0.000109044 0.0393685
-0.0120106 0.00520616 -0.00916965 0.0022758 0.000254562 0.196336
-0.0120106 0.00520616 -0.00517119 0.00243874 8.94944e-05 0.0663897
-0.0269532 0.0112523 -0.0268552 0.0112228 0.00025618 0.547106
-0.0269532 0.0112523 -0.0267553 0.0111722 9.19882e-05 0.0653255
-0.0284738 0.0117107 -0.0280952 0.0115966 0.000253324 0.534548
-0.0286934 0.0119564 -0.0284738 0.0117107 0.000266406 0.372588
0.0150887 -0.0254391 0.0158301 -0.0235104 6.79969e-05 0.0280646
0.00866106 -0.0277261 0.0150887 -0.0254391 0.000284814 0.630788
0.0136947 -0.0290658 0.0141232 -0.0279509 6.7628e-05 0.0311521
0.0136947 -0.0290658 0.0167894 -0.0298705 4.73535e-05 0.0120457
0.0127054 -0.0316394 0.0127397 -0.0315502 6.7386e-05 0.0328071
0.0127054 -0.0316394 0.014835 -0.0336735 9.55193e-05 0.0144018
0.00866303 -0.0298439 0.0104497 -0.0318432 0.000258291 0.0427695
0.0104497 -0.0318432 0.0124898 -0.0314334 0.000115064 0.100629
-0.0136158 0.0109574 -0.0104318 0.0147147 0.000229215 0.272321
-0.0136158 0.0109574 -0.00784293 0.00867334 0.000119286 0.113242
-0.0205055 0.0139682 -0.0200574 0.0135061 0.000265045 0.0594558
-0.0174246 0.0184246 -0.0205055 0.0139682 4.9377e-05 0.000802014
-0.0210423 0.0197074 -0.0209133 0.0180196 7.96766e-05 0.00767834
-0.0209133 0.0180196 -0.0195985 0.0191954 0.00017134 0.172473
0.0438179 -0.0249709 0.0438293 -0.0251386 0.000431155 0.00384184
0.0438179 -0.0249709 0.0439864 -0.0250164 2.35107e-05 0.0105129
0.0409182 -0.0222809 0.0429468 -0.0240894 0.000152841 0.313217
0.0429468 -0.0240894 0.0437869 -0.0245145 3.27543e-05 0.0176766
0.0435198 -0.020577 0.0437869 -0.0245145 0.000432813 0.00909797
0.0435198 -0.020577 0.044282 -0.0203858 9.90163e-05 0.166008
0.044282 -0.0203858 0.05 -0.0218515 2.34132e-05 0.00992004
0.044282 -0.0203858 0.0485758 -0.0193087 9.89565e-05 0.165681
-0.0339645 -0.0428923 -0.0336307 -0.0427735 0.000293801 0.303003
-0.0202296 -0.0380054 -0.0166847 -0.0372934 0.000115811 0.0826536
-0.0207753 -0.0381995 -0.0202296 -0.0380054 0.000286363 0.507145
-0.0208395 -0.0381279 -0.0202296 -0.0380054 0.000113716 0.0782991
-0.0208395 -0.0381279 -0.0207753 -0.0381995 4.89742e-05 0.00460492
0.00723125 -0.00257961 0.0114189 -0.000314861 0.000444759 0.0795367
0.00723125 -0.00257961 0.0124523 -0.00469219 8.78328e-05 0.00583143
0.00749381 0.000868339 0.00737671 8.81628e-05 9.36401e-05 0.0472207
0.00737671 8.81628e-05 0.00929331 0.000325885 9.89999e-05 0.0645344
0.00737671 8.81628e-05 0.00699088 -0.00248235 8.78324e-05 0.081811
0.00699088 -0.00248235 0.00723125 -0.00257961 8.70771e-05 0.100202
0.00689861 -0.00309706 0.0124523 -0.00469219 6.8177e-05 0.00684203
0.00689861 -0.00309706 0.00695375 -0.00272968 8.83533e-05 0.0872737
0.00273943 -0.0308065 0.0028938 -0.0297781 8.75791e-05 0.0241136
0.00273943 -0.0308065 0.00828097 -0.0294164 9.99041e-05 0.0578174
0.00233931 -0.0334722 0.00273943 -0.0308065 8.80449e-05 0.0192786
0.00233931 -0.0334722 0.00959347 -0.0320152 0.000114249 0.0675535
-0.00792624 -0.0355342 0.00116224 -0.0413141 3.03996e-05 0.00550017
-0.00792624 -0.0355342 0.00233931 -0.0334722 0.00011496 0.0815704
-0.0202296 -0.0380054 -0.0167256 -0.0367587 0.000286466 0.504631
-0.0167256 -0.0367587 -0.0168058 -0.0357093 7.64798e-05 0.00772085
-0.0102404 -0.0340624 -0.00984838 -0.0343117 3.16144e-05 0.00441264
-0.0102404 -0.0340624 -0.00653594 -0.0331332 0.000100963 0.063524
-0.0372237 -0.016902 -0.0172736 -0.0295896 3.00434e-05 0.00325822
-0.0372237 -0.016902 -0.0364765 -0.0160203 0.000240225 0.281932
-0.0364765 -0.0160203 -0.0179426 -0.0208395 4.8644e-05 0.0113861
-0.0364765 -0.0160203 -0.0277213 -0.00568841 0.000239763 0.282983
-0.0280045 0.0116777 -0.0269532 0.0112523 9.08585e-05 0.0649558
-0.0280045 0.0116777 -0.0279142 0.0117585 0.000175084 0.252437
-0.0286934 0.0119564 -0.0280045 0.0116777 9.02815e-05 0.0660398
-0.0290135 0.0123146 -0.0286934 0.0119564 0.000267206 0.376886
-0.00397527 -0.000351996 -0.00243879 -0.00112928 3.31462e-05 0.0104523
-0.00397527 -0.000351996 -0.00416004 7.91886e-05 0.000111734 0.0219373
-0.00570439 0.000522754 -0.00397527 -0.000351996 3.42952e-05 0.00917745
-0.00570439 0.000522754 -0.00416004 7.91886e-05 6.91593e-05 0.0474635
-0.0201337 0.00782243 -0.017431 0.00645512 3.2805e-05 0.00773291
-0.0201337 0.00782243 -0.0201866 0.00851437 7.71335e-05 0.012244
-0.023557 0.00955423 -0.0201337 0.00782243 3.27894e-05 0.00777397
-0.023557 0.00955423 -0.023382 0.00980732 5.31391e-05 0.0217756
-0.0268552 0.0112228 -0.0267553 0.0111722 3.4159e-05 0.00828312
-0.0268552 0.0112228 -0.0231712 0.0101122 0.000256426 0.546586
-0.0279142 0.0117585 -0.0268552 0.0112228 3.373e-05 0.00841601
-0.0279142 0.0117585 -0.0241497 0.0151252 0.000175169 0.252464
-0.0290135 0.0123146 -0.0279142 0.0117585 3.41912e-05 0.00906772
-0.0355598 0.0196396 -0.0290135 0.0123146 0.000267571 0.376701
-0.0205842 0.0137145 -0.0200574 0.0135061 0.000125026 0.165817
-0.0205842 0.0137145 -0.0205938 0.0138404 8.25514e-05 0.0993416
-0.0206601 0.0137445 -0.0205842 0.0137145 0.000129743 0.1988
-0.0206601 0.0137445 -0.0205938 0.0138404 5.51122e-05 0.073081
-0.0241497 0.0151252 -0.0206601 0.0137445 0.000126979 0.220197
-0.0241497 0.0151252 -0.0209133 0.0180196 0.000171653 0.18893
-0.0355598 0.0196396 -0.0241497 0.0151252 0.000124502 0.129852
-0.0423835 0.0272751 -0.0355598 0.0196396 0.000270705 0.389936
0.0179605 0.0243618 0.0181373 0.0238556 0.000270478 0.0281457
0.0175072 0.0246126 0.0181373 0.0238556 2.88345e-05 0.000932134
0.019591 0.0196938 0.0193919 0.0202638 0.000274936 0.0488519
0.019591 0.0196938 0.0221123 0.0190799 0.000129446 0.0938507
0.0169823 0.0483251 0.0180047 0.0482723 3.09266e-05 0.000530166
-0.0235794 0.0352221 -0.0221915 0.034739 0.000220918 0.354365
-0.0367862 0.0469967 -0.0235794 0.0352221 0.000155481 0.00603387
-0.0367862 0.0469967 -0.0313319 0.0492653 3.30736e-05 0.00679694
-0.0246774 0.0479573 -0.0231368 0.0471047 0.000107136 0.0283419
-0.00642169 0.0309798 -0.00193877 0.027689 5.65946e-05 0.0171086
-0.00193877 0.027689 -7.21369e-06 0.0270167 0.000217989 0.329327
-0.000396682 0.0265571 0.00367248 0.0235701 5.28436e-05 0.00852977
0.00367248 0.0235701 0.00794775 0.022529 0.000122773 0.0751396
0.00544336 0.0312887 0.00502328 0.032758 2.26288e-05 0.00168889
0.00419724 0.0319783 0.00544336 0.0312887 0.000107162 0.0360097
0.00740212 0.0244375 0.00544336 0.0312887 2.18716e-05 0.00141595
0.00740212 0.0244375 0.0108513 0.0232368 0.000204595 0.184282
0.00794775 0.022529 0.00740212 0.0244375 2.13905e-05 0.000167245
0.00794775 0.022529 0.0106464 0.0218719 0.00012255 0.0750519
0.0272691 0.00624878 0.0315732 0.00308933 5.41921e-05 0.0260646
0.0315732 0.00308933 0.0338746 0.00337478 9.94998e-05 0.0733931
0.0207342 -0.0221945 0.0222895 -0.0191682 3.43375e-05 0.00983956
0.0222895 -0.0191682 0.0247164 -0.0198224 2.27927e-05 0.00238684
0.0311627 -0.00190211 0.0325092 0.000717867 3.53988e-05 0.00350884
0.0325092 0.000717867 0.0345057 9.88431e-06 0.000133935 0.157643
0.0217653 -0.025801 0.0234044 -0.0224804 7.57714e-05 0.0394434
0.0210549 -0.0233163 0.0234044 -0.0224804 0.000284422 0.655971
0.0297346 -0.00965597 0.0297981 -0.00952739 7.37622e-05 0.0404841
0.0297981 -0.00952739 0.0287646 -0.00656861 0.000270043 0.249666
0.0313759 -0.00633085 0.0330199 -0.00300032 7.54018e-05 0.0397802
0.0330199 -0.00300032 0.0437291 -0.00933319 0.000259215 0.558678
0.0330199 -0.00300032 0.0345057 9.88431e-06 7.84234e-05 0.0168808
0.0345057 9.88431e-06 0.0369482 -0.000856241 0.00013389 0.166973
0.0299248 0.00969347 0.0343745 0.00434743 2.75779e-05 0.00702756
0.0343745 0.00434743 0.0338746 0.00337478 3.38778e-05 0.00182896
0.0350615 0.00352199 0.0358009 0.00263369 2.80974e-05 0.00643253
0.0348415 0.000690202 0.0358009 0.00263369 7.34914e-05 0.000733384
0.0423373 -0.015744 0.0428417 -0.0134206 7.5369e-05 0.232609
0.0428417 -0.0134206 0.05 -0.0154766 6.90224e-05 0.0961015
0.0432496 -0.0115417 0.0435821 -0.0100104 7.43816e-05 0.0837736
0.0435821 -0.0100104 0.0462178 -0.0108049 0.000243464 0.603231
0.0435821 -0.0100104 0.0437291 -0.00933319 7.5369e-05 0.0296917
0.0437291 -0.00933319 0.0462178 -0.0108049 0.000258816 0.565147
-0.0221915 0.034739 -0.0228246 0.0430204 8.28688e-05 0.0342768
-0.0221915 0.034739 -0.0184557 0.0334386 0.000221206 0.348447
-0.0078143 0.0297343 -0.00193877 0.027689 0.000218348 0.328892
-0.0078143 0.0297343 -0.00642169 0.0309798 0.000184067 0.239708
-0.00925826 0.030237 -0.0078143 0.0297343 0.000220196 0.331873
-0.00925826 0.030237 -0.0079627 0.0321109 5.60535e-05 0.0211907
0.0456829 -0.0254736 0.05 -0.0266372 2.3315e-05 0.0102397
0.0456829 -0.0254736 0.05 -0.0276576 3.27216e-05 0.0186394
0.0446821 -0.0249673 0.05 -0.0238991 0.000114583 0.249655
0.0446821 -0.0249673 0.0456829 -0.0254736 3.30278e-05 0.0184055
-0.0150123 0.0254034 -0.0143597 0.0238806 0.000112806 0.0394494
-0.0143597 0.0238806 -0.0135945 0.024565 0.000174962 0.188787
-0.0143597 0.0238806 -0.0140892 0.0232492 0.000113315 0.0376545
-0.0140892 0.0232492 -0.0132999 0.0243908 5.37076e-05 0.0136794
0.0036393 0.0109552 0.00873655 0.00914773 0.000129768 0.107425
-0.0061909 0.0197194 0.0036393 0.0109552 0.000152387 0.137597
-0.00963023 0.0156607 0.0036393 0.0109552 0.000130178 0.126783
-0.00963023 0.0156607 -0.0061909 0.0197194 0.000229795 0.27087
-0.00517119 0.00243874 -0.00627716 0.00501956 0.000109387 0.00388488
-0.00517119 0.00243874 0.00221908 -0.000551554 8.87354e-05 0.0811684
-0.00070239 -0.000913913 0.00649095 -0.00297997 7.01405e-05 0.0832032
-0.00070239 -0.000913913 0.00221908 -0.000551554 9.91988e-05 0.140557
-0.00358144 -0.00127101 -0.00397527 -0.000351996 0.00011155 0.0222578
-0.00358144 -0.00127101 -0.00243879 -0.00112928 9.99189e-05 0.157769
-0.00187863 -0.00524458 -0.00358144 -0.00127101 0.00011179 0.0379731
-0.00187863 -0.00524458 0.00239031 -0.00964781 0.000251134 0.157673
0.00578474 -0.0105179 0.018314 -0.0137295 2.30956e-05 0.00319402
0.00578474 -0.0105179 0.00651414 -0.00565849 8.88998e-05 0.123769
0.00239031 -0.00964781 0.00578474 -0.0105179 2.35859e-05 0.00744552
0.00239031 -0.00964781 0.00544276 -0.0127963 0.000250875 0.157451
0.034296 -0.0224044 0.0352305 -0.0226563 2.3357e-05 0.00653551
0.0331542 -0.0191354 0.034296 -0.0224044 0.000271073 0.105239
0.0179489 -0.0179983 0.0196669 -0.0184613 2.31485e-05 0.00240922
0.0179489 -0.0179983 0.0188582 -0.0156327 6.72016e-05 0.0397268
0.0185933 -0.0263604 0.0189592 -0.0267379 0.00024918 0.0973204
0.0183164 -0.0268991 0.0185933 -0.0263604 3.43625e-05 0.00838468
0.0158301 -0.0235104 0.0170303 -0.0247483 0.000248553 0.125124
0.0158301 -0.0235104 0.0179489 -0.0179983 6.74352e-05 0.0391801
0.00544276 -0.0127963 0.00578474 -0.0105179 8.87521e-05 0.122828
0.00544276 -0.0127963 0.00784604 -0.0152752 0.000249031 0.127884
0.00716424 -0.0263465 0.00714719 -0.0263067 0.000108795 0.00317586
0.00716424 -0.0263465 0.00862282 -0.0277397 9.61182e-05 0.0261577
0.0087066 -0.0277688 0.0117229 -0.0285531 4.76858e-05 0.0118204
0.0087066 -0.0277688 0.0100032 -0.0289844 0.000138988 0.0307877
0.00861096 -0.0277439 0.00863331 -0.0277497 4.80862e-05 0.011739
0.00787526 -0.0280057 0.00861096 -0.0277439 0.000285073 0.614789
-0.00653594 -0.0331332 0.0028938 -0.0297781 0.000285803 0.50635
0.0028938 -0.0297781 0.00340241 -0.0263896 8.77231e-05 0.02177
-0.0128852 -0.00573227 -0.00822913 -0.0109423 0.000259428 0.165735
-0.00822913 -0.0109423 0.0017112 -0.0136216 2.27736e-05 0.00357261
-0.00822913 -0.0109423 -0.00395127 -0.015729 0.000259152 0.165915
-0.00395127 -0.015729 0.00387979 -0.0232092 9.64761e-05 0.028619
-0.00395127 -0.015729 -0.00300402 -0.016789 0.000259004 0.166282
-0.00300402 -0.016789 0.00387531 -0.023239 0.000137973 0.0598019
0.00371497 -0.0243073 0.00623387 -0.0271258 0.000258976 0.16295
0.00623387 -0.0271258 0.00765677 -0.0274958 4.71046e-05 0.0133503
0.00846053 -0.0293714 0.00787526 -0.0280057 0.000109617 0.0204812
0.00846053 -0.0293714 0.00994201 -0.0289998 9.99387e-05 0.0739127
0.00722648 -0.0282365 0.00828097 -0.0294164 0.000258967 0.0535138
0.00828097 -0.0294164 0.00846053 -0.0293714 9.97328e-05 0.0726314
0.00959347 -0.0320152 0.00866303 -0.0298439 0.000108774 0.00960086
0.00959347 -0.0320152 0.0104497 -0.0318432 0.000113948 0.0540526
0.0232593 0.00919225 0.0241711 0.00658176 0.000283503 0.448359
0.0241711 0.00658176 0.0256937 0.00740522 0.00045497 0.48263
0.027312 0.0025608 0.0325092 0.000717867 0.000134099 0.156578
0.027312 0.0025608 0.0315732 0.00308933 9.92677e-05 0.0722042
0.0260267 0.00301657 0.027312 0.0025608 0.000134645 0.150574
0.0272691 0.00624878 0.0260267 0.00301657 6.77929e-05 0.0061812
0.0312384 -0.0136508 0.0306862 -0.0120701 0.000271086 0.254103
0.0288249 -0.011499 0.0312384 -0.0136508 0.000151305 0.00743802
0.0407652 -0.0229858 0.0429468 -0.0240894 3.26497e-05 0.0171392
0.0405268 -0.0240839 0.0407652 -0.0229858 7.56207e-05 0.023501
0.0384951 -0.0218374 0.0407652 -0.0229858 3.28936e-05 0.0145549
0.0384951 -0.0218374 0.0399979 -0.0214604 0.000100568 0.136524
0.0331542 -0.0191354 0.0384951 -0.0218374 3.25401e-05 0.0110252
0.0331156 -0.0190251 0.0331542 -0.0191354 0.000271214 0.10567
0.034296 -0.0224044 0.0344522 -0.0228515 0.000271346 0.104903
0.0344522 -0.0228515 0.0352305 -0.0226563 0.000100675 0.137907
0.0344522 -0.0228515 0.0358135 -0.0267486 0.000268715 0.0865365
0.0358135 -0.0267486 0.0401368 -0.0258803 0.000115062 0.221019
0.0295304 -0.047293 0.0358697 -0.0455362 9.52332e-05 0.0681439
0.0358697 -0.0455362 0.0361102 -0.0444284 7.32968e-05 0.0225785
0.0361102 -0.0444284 0.0369058 -0.045249 0.00024444 0.0678846
0.0361102 -0.0444284 0.0380694 -0.0354037 7.47781e-05 0.0627248
0.0380694 -0.0354037 0.0389133 -0.0356231 4.81e-05 0.0374131
-0.05 -0.0485977 -0.0339645 -0.0428923 0.000294906 0.293314
-0.0218692 -0.0369794 -0.0168058 -0.0357093 0.00010212 0.0632488
-0.0218692 -0.0369794 -0.0208395 -0.0381279 5.02517e-05 0.00595123
-0.0363896 -0.0406218 -0.0341654 -0.0400639 0.00010103 0.058416
-0.0363896 -0.0406218 -0.035836 -0.0411401 0.000102845 0.0233894
0.0407652 -0.0229858 0.0409182 -0.0222809 7.52891e-05 0.0225309
0.0399979 -0.0214604 0.0409182 -0.0222809 0.00015283 0.306352
0.0409182 -0.0222809 0.0411596 -0.021169 7.49402e-05 0.00859055
0.0411596 -0.021169 0.0435198 -0.020577 9.93307e-05 0.202831
0.0485758 -0.0193087 0.05 -0.0198849 8.61284e-05 0.154126
0.0485758 -0.0193087 0.05 -0.0189514 0.000100334 0.218854
0.00544336 0.0312887 0.00770911 0.0300349 0.000106735 0.0360859
0.00502328 0.032758 0.00770911 0.0300349 0.000540221 0.241241
0.0142945 0.0461761 0.0138782 0.0434027 8.30703e-05 0.00212266
0.0138782 0.0434027 0.0153706 0.0451639 0.000219128 0.00652939
0.0120432 0.0311774 0.0119076 0.030274 8.3281e-05 0.00127199
0.00664838 0.0348709 0.0119076 0.030274 0.000189603 0.0515461
0.0115525 0.027908 0.0175072 0.0246126 0.000105311 0.0185618
0.015165 0.0274268 0.0175072 0.0246126 2.72363e-05 0.000948084
-0.00126987 0.0417919 -0.0103577 0.0497353 0.000162003 8.17282e-05
-0.00126987 0.0417919 0.000762129 0.0447311 5.14956e-05 0.00219044
0.00425806 0.0405309 0.0103954 0.0460197 0.000161431 0.0644583
0.00203864 0.0431975 0.00425806 0.0405309 2.6313e-05 0.000664165
0.00309769 0.0394932 0.00425806 0.0405309 0.000161443 0.0647273
0.00309769 0.0394932 0.00203864 0.0431975 2.13905e-05 6.38926e-05
0.00223883 0.0387251 0.00367658 0.0374684 0.00019174 0.15102
0.00309769 0.0394932 0.00367658 0.0374684 2.14813e-05 0.00109074
0.00781914 0.0362525 0.0120593 0.0412562 0.000254097 0.0443086
0.00425806 0.0405309 0.00781914 0.0362525 2.63434e-05 0.00234207
0.00781914 0.0362525 0.0120432 0.0311774 2.70169e-05 0.000956756
0.0131062 0.0382591 0.0120432 0.0311774 8.49986e-05 0.00123662
0.00371968 0.0490092 0.00945447 0.0487133 3.10389e-05 0.00354164
0.00945447 0.0487133 0.0103954 0.0460197 0.000258185 0.000407915
0.0103954 0.0460197 0.0124794 0.0478835 0.000161201 0.0032164
0.0103954 0.0460197 0.0120593 0.0412562 0.000258391 0.0386715
0.0120593 0.0412562 0.0138782 0.0434027 0.000219158 0.00699127
0.0120593 0.0412562 0.0131062 0.0382591 0.00027757 0.0710409
0.0138782 0.0434027 0.0131062 0.0382591 8.30931e-05 0.00334259
0.0313775 0.0169369 0.0317427 0.0167348 0.000104228 0.0432172
0.0317427 0.0167348 0.0394669 0.014854 0.000121921 0.0593188
0.0376915 0.0138938 0.0390393 0.0134246 0.000213798 0.762976
0.0376915 0.0138938 0.0394669 0.014854 0.000423456 0.1128
0.0358009 0.00263369 0.0363161 0.00367761 7.37481e-05 0.000789395
0.0363161 0.00367761 0.0415878 0.00433147 9.91517e-05 0.0820321
0.00438304 -0.0198564 0.0051786 -0.0145562 8.58424e-05 0.0377917
0.00438304 -0.0198564 0.0017112 -0.0136216 0.000107701 0.00734665
0.00387979 -0.0232092 0.00438304 -0.0198564 8.63042e-05 0.0383627
0.00387979 -0.0232092 0.00581157 -0.0250544 9.65634e-05 0.0274658
0.00387531 -0.023239 0.00387979 -0.0232092 8.66354e-05 0.0369597
0.00387531 -0.023239 0.00581157 -0.0250544 0.000137691 0.0572778
0.00371497 -0.0243073 0.00387531 -0.023239 8.68485e-05 0.032673
-0.00300402 -0.016789 0.00371497 -0.0243073 0.00025942 0.166494
0.0313377 0.0168335 0.0317427 0.0167348 0.000123998 0.0658609
0.0313377 0.0168335 0.0313775 0.0169369 6.94554e-05 0.00545927
0.0209244 0.00482588 0.0253302 0.00326358 0.0001355 0.089795
0.0209244 0.00482588 0.0241711 0.00658176 0.000449757 0.410973
0.0242566 0.00218183 0.0254374 0.00148353 0.000262638 0.341189
0.0242566 0.00218183 0.0256477 0.00235438 0.000102221 0.0408461
0.0203295 0.00450413 0.0242566 0.00218183 0.000262764 0.342298
0.0203295 0.00450413 0.0209244 0.00482588 0.000450704 0.408303
0.00870661 0.0198747 0.00978205 0.0161131 2.22411e-05 0.00130061
0.0101839 0.0187903 0.00978205 0.0161131 8.729e-05 0.0040798
-0.0174246 0.0184246 -0.0110535 0.0161654 0.000131842 0.128409
-0.0174246 0.0184246 -0.0140892 0.0232492 5.13197e-05 0.0122048
-0.0385093 -0.0184192 -0.0218692 -0.0369794 4.87861e-05 0.00527245
-0.0385093 -0.0184192 -0.0372237 -0.016902 0.000240366 0.281527
0.0408212 0.0128043 0.047993 0.0103078 0.000213365 0.781807
0.0403972 0.0119455 0.0408212 0.0128043 7.64987e-05 0.00123874
0.0117214 0.0485964 0.0124794 0.0478835 7.21898e-05 4.83954e-05
0.0124794 0.0478835 0.0131918 0.0485206 0.000161201 0.00124947
0.0145618 0.0497459 0.0148086 0.049601 3.56763e-05 0.00484218
0.0148086 0.049601 0.0146352 0.0484461 8.30702e-05 0.00171941
0.0131918 0.0485206 0.0146352 0.0484461 3.09266e-05 0.000962978
0.0138625 0.00184068 0.014069 0.00111839 2.18981e-05 0.00301103
0.014069 0.00111839 0.0144448 0.00132159 0.000469582 0.35783
0.0147961 0.00100841 0.0242566 0.00218183 0.000103546 0.0370917
0.0144448 0.00132159 0.0147961 0.00100841 0.000162792 0.0867877
0.0141243 0.000925088 0.0144284 -0.000138394 2.44609e-05 0.00132161
0.0144284 -0.000138394 0.017402 -0.00131493 0.000128305 0.051512
0.0233622 -0.00391516 0.0259314 -0.00468961 0.000241076 0.215937
0.0233622 -0.00391516 0.023443 -0.00370508 6.7224e-05 0.00546113
0.0187637 -0.00252893 0.0233622 -0.00391516 0.000241546 0.209309
0.017402 -0.00131493 0.0187637 -0.00252893 0.000162211 0.077529
0.0275068 -0.0090161 0.0297346 -0.00965597 6.51431e-05 0.0156108
0.0270459 -0.00991294 0.0275068 -0.0090161 3.33169e-05 0.00829167
0.0253428 -0.00839457 0.0275068 -0.0090161 6.5161e-05 0.0155538
0.0225854 -0.0059362 0.0253428 -0.00839457 0.000146382 0.00841272
0.0225854 -0.0059362 0.0233622 -0.00391516 6.53436e-05 0.0285682
0.0187637 -0.00252893 0.0225854 -0.0059362 0.000146863 0.0115592
0.0216353 -0.00840786 0.0267548 -0.0104793 8.72856e-05 0.0173917
0.0216353 -0.00840786 0.0220085 -0.00743691 6.54424e-05 0.0261529
0.0267349 -0.015888 0.0330102 -0.0190626 3.17221e-05 0.0031019
0.0267349 -0.015888 0.0325395 -0.0173759 2.29488e-05 0.00248064
0.0200584 -0.0125104 0.0245446 -0.01478 3.26133e-05 0.00218739
0.0200584 -0.0125104 0.0216353 -0.00840786 6.67787e-05 0.0396588
0.026667 -0.0158706 0.0267349 -0.015888 2.3434e-05 0.00255505
0.0247164 -0.0198224 0.026667 -0.0158706 7.54642e-05 0.0469143
0.0242964 -0.0152629 0.026667 -0.0158706 2.30273e-05 0.00224343
0.0222895 -0.0191682 0.0242964 -0.0152629 3.39708e-05 0.00985583
0.0185933 -0.0263604 0.0199569 -0.023707 3.4538e-05 0.00866294
0.0170303 -0.0247483 0.0199569 -0.023707 0.000284484 0.656052
0.0210549 -0.0233163 0.0207342 -0.0221945 2.19535e-05 0.00185149
0.0199569 -0.023707 0.0210549 -0.0233163 0.000284399 0.656088
0.0169698 -0.0355163 0.0194191 -0.0305542 7.47873e-05 0.0407007
0.0194191 -0.0305542 0.0234218 -0.031595 4.70405e-05 0.0120326
0.0194191 -0.0305542 0.0197 -0.0299852 7.47862e-05 0.0410847
0.0197 -0.0299852 0.021715 -0.0295804 0.000114184 0.100164
0.0197 -0.0299852 0.0205122 -0.0283397 7.53897e-05 0.0407879
0.0205122 -0.0283397 0.021715 -0.0295804 0.00024831 0.0935161
0.0205122 -0.0283397 0.0216341 -0.0260669 7.53597e-05 0.044001
0.0216341 -0.0260669 0.0218274 -0.0260184 9.95675e-05 0.0869922
0.0291917 -0.0473869 0.0295304 -0.047293 9.44867e-05 0.0177958
0.00770911 0.0300349 0.0113219 0.0263719 0.000539401 0.24595
0.0113219 0.0263719 0.0115525 0.027908 9.18465e-05 0.00536573
0.0113219 0.0263719 0.0162766 0.0213483 0.000537291 0.253052
0.0162766 0.0213483 0.0193919 0.0202638 0.000212958 0.120514
-0.0107736 0.0270877 -0.00179886 0.0249024 0.000123983 0.114076
-0.0107736 0.0270877 -0.0078143 0.0297343 0.000181936 0.235568
-0.0158391 0.0283212 -0.0113401 0.0272257 0.00013541 0.138831
-0.0165246 0.0289324 -0.0158391 0.0283212 0.000172333 0.141313
0.00904148 0.0111793 0.0116303 0.00964834 0.000250547 0.381699
0.00978205 0.0161131 0.00904148 0.0111793 8.51694e-05 0.00414814
-0.00774825 0.0211078 -0.00592698 0.0200308 0.000255657 0.430786
-0.0125871 0.0254219 -0.00774825 0.0211078 0.00015723 0.134794
-0.0125074 0.0255371 -0.0113401 0.0272257 5.34754e-05 0.0165581
-0.0125074 0.0255371 -0.0107736 0.0270877 0.000176348 0.218373
-0.0125871 0.0254219 -0.0125074 0.0255371 5.28261e-05 0.0160013
-0.0126117 0.0254439 -0.0125871 0.0254219 0.000157423 0.134618
-0.0135945 0.024565 -0.0132999 0.0243908 0.000255858 0.433132
-0.0135945 0.024565 -0.0126117 0.0254439 0.000174386 0.219344
-0.0191786 0.00439278 -0.00815148 0.0012256 6.99718e-05 0.034605
-0.0191786 0.00439278 -0.017431 0.00645512 0.000239348 0.467424
-0.0280952 0.0115966 -0.0280045 0.0116777 0.000175255 0.251847
-0.0280952 0.0115966 -0.0269532 0.0112523 0.000256441 0.546969
-0.0173055 -0.00297324 -0.0149788 -0.00519563 9.96774e-05 0.0284893
-0.0173055 -0.00297324 -0.015546 -0.00275501 9.93194e-05 0.0648171
-0.0196786 0.00186924 -0.0198142 0.00364269 7.55226e-05 0.0177722
-0.0205196 0.00281026 -0.0196786 0.00186924 0.000259422 0.174122
-0.0217903 0.00131067 -0.0194662 -0.000909324 9.9186e-05 0.0295489
-0.0217903 0.00131067 -0.0205196 0.00281026 0.000234257 0.309315
-0.00550027 -0.00150901 -0.00358144 -0.00127101 9.9931e-05 0.140116
-0.00550027 -0.00150901 -0.00187863 -0.00524458 0.00025202 0.170756
-0.0194296 -0.00138849 -0.0194662 -0.000909324 7.81284e-05 0.00964876
-0.0194296 -0.00138849 -0.0176886 -0.00302077 0.000141991 0.0612881
-0.0176886 -0.00302077 -0.0173055 -0.00297324 9.95931e-05 0.0638462
-0.0176886 -0.00302077 -0.0155158 -0.00505798 0.000141574 0.0593754
-0.0220197 0.00104 -0.0217903 0.00131067 0.00023473 0.302771
-0.0220197 0.00104 -0.0194296 -0.00138849 0.000142185 0.061739
-0.0341654 -0.0400639 -0.0332804 -0.0406268 0.000114756 0.0431302
-0.0341654 -0.0400639 -0.0218692 -0.0369794 0.000102899 0.063177
0.0128788 0.000474693 0.0135888 0.000858667 0.000470929 0.353436
0.0128788 0.000474693 0.0144284 -0.000138394 0.000129186 0.0511588
0.00929331 0.000325885 0.0114189 -0.000314861 0.000261218 0.620351
0.00929331 0.000325885 0.0123094 0.00069998 0.000103681 0.0618634
0.00837422 0.00673381 0.00773991 0.00250792 8.64982e-05 0.0154112
0.00773991 0.00250792 0.0123094 0.00069998 0.000118568 0.112674
-0.0110535 0.0161654 -0.0104318 0.0147147 0.000110556 0.0372909
-0.0104318 0.0147147 -0.00963023 0.0156607 0.000229189 0.269576
-0.0104318 0.0147147 -0.00784293 0.00867334 0.00010942 0.0434933
-0.00784293 0.00867334 0.00773991 0.00250792 0.000119007 0.117424
-0.00916965 0.0022758 -0.00815148 0.0012256 0.000254351 0.196214
-0.00916965 0.0022758 -0.00570439 0.000522754 3.32006e-05 0.00839901
-0.0201866 0.00851437 -0.0168351 0.00715826 9.06877e-05 0.0633901
-0.0201866 0.00851437 -0.0202413 0.009229 7.92577e-05 0.0141296
-0.023382 0.00980732 -0.0201866 0.00851437 9.13429e-05 0.0648563
-0.023382 0.00980732 -0.0231712 0.0101122 5.36693e-05 0.0230373
-0.0267553 0.0111722 -0.023382 0.00980732 9.18122e-05 0.0653881
-0.0267553 0.0111722 -0.023557 0.00955423 3.42054e-05 0.00843979
0.00861096 -0.0277439 0.00862282 -0.0277397 0.000285036 0.615079
0.00862282 -0.0277397 0.00863331 -0.0277497 9.77233e-05 0.014472
0.00862282 -0.0277397 0.00866106 -0.0277261 0.00028496 0.619104
0.00866106 -0.0277261 0.0087066 -0.0277688 0.000138938 0.0307224
0.0141232 -0.0279509 0.0150887 -0.0254391 6.75225e-05 0.0303395
0.0141232 -0.0279509 0.0183164 -0.0268991 9.95149e-05 0.0759513
0.0183068 -0.030265 0.0194191 -0.0305542 4.79707e-05 0.0123971
0.0183068 -0.030265 0.0197 -0.0299852 0.000114415 0.0999832
0.0167894 -0.0298705 0.0183068 -0.030265 4.72523e-05 0.0122795
0.0163886 -0.0306503 0.0167894 -0.0298705 3.45065e-05 0.00853474
0.0128093 -0.0313692 0.0136947 -0.0290658 6.76148e-05 0.0311146
0.0128093 -0.0313692 0.0163886 -0.0306503 0.000114698 0.0997721
0.0127397 -0.0315502 0.0128093 -0.0313692 6.80593e-05 0.0321889
0.0127397 -0.0315502 0.01489 -0.0335663 0.000138208 0.0322299
0.0169039 -0.0356497 0.0274652 -0.0457378 9.37755e-05 0.0178412
0.0158179 -0.0378499 0.0169039 -0.0356497 7.29429e-05 0.0507434
0.014835 -0.0336735 0.0169039 -0.0356497 9.48682e-05 0.0145127
0.0138311 -0.0356268 0.014835 -0.0336735 3.34512e-05 0.00990522
0.012593 -0.0314127 0.0128093 -0.0313692 0.000114582 0.0991149
0.012593 -0.0314127 0.0127397 -0.0315502 0.000141034 0.0314425
0.0124898 -0.0314334 0.012593 -0.0314127 0.000114938 0.101002
0.0124898 -0.0314334 0.0127054 -0.0316394 9.75836e-05 0.0138144
0.0446417 -0.0371126 0.0438293 -0.0251386 0.000417223 0.00300104
0.0438293 -0.0251386 0.0440694 -0.0250904 0.000114351 0.26062
0.0437869 -0.0245145 0.0446821 -0.0249673 3.27991e-05 0.0180007
0.0437869 -0.0245145 0.0438103 -0.0248594 0.000430655 0.00911703
-0.0312417 -0.0419235 -0.0207753 -0.0381995 0.000286516 0.507336
-0.0207753 -0.0381995 -0.0162276 -0.043272 4.90869e-05 0.0072859
0.0124523 -0.00469219 0.0161591 -0.00619204 8.65447e-05 0.00640466
0.0124523 -0.00469219 0.0160235 -0.00571791 6.65919e-05 0.0063727
-0.0168058 -0.0357093 -0.0172736 -0.0295896 7.70157e-05 0.00787924
-0.0168058 -0.0357093 -0.0102404 -0.0340624 0.000101552 0.0634414
-0.00243879 -0.00112928 0.00651414 -0.00565849 3.27967e-05 0.0115628
-0.00243879 -0.00112928 -0.00070239 -0.000913913 9.96747e-05 0.157826
-0.017431 0.00645512 -0.00916965 0.0022758 3.27027e-05 0.00631026
-0.017431 0.00645512 -0.0168351 0.00715826 0.00023928 0.467754
-0.0202413 0.009229 -0.0161305 0.00798981 0.00025591 0.537358
-0.0202413 0.009229 -0.0205842 0.0137145 8.00162e-05 0.039234
-0.0231712 0.0101122 -0.0202413 0.009229 0.000256038 0.544977
-0.0231712 0.0101122 -0.0206601 0.0137445 5.40386e-05 0.034423
-0.0205938 0.0138404 -0.020612 0.0140781 8.24091e-05 0.100419
-0.0205938 0.0138404 -0.0205055 0.0139682 5.53501e-05 0.0714188
0.0181373 0.0238556 0.0193919 0.0202638 0.000269979 0.0281205
0.0193919 0.0202638 0.0218346 0.0194136 0.000208549 0.223868
0.0221123 0.0190799 0.0243782 0.0185281 0.000129297 0.0934368
0.0218346 0.0194136 0.0221123 0.0190799 2.77141e-05 0.00147018
-0.0079627 0.0321109 -0.00642169 0.0309798 5.73686e-05 0.0142864
-0.00642169 0.0309798 -0.00167286 0.0352268 0.000184086 0.238875
-7.21369e-06 0.0270167 0.00740212 0.0244375 0.000204898 0.184143
-7.21369e-06 0.0270167 0.00419724 0.0319783 0.000245338 0.472287
-0.00193877 0.027689 -0.000396682 0.0265571 5.6518e-05 0.0175432
-0.000396682 0.0265571 -7.21369e-06 0.0270167 0.000237686 0.344196
0.00498158 0.0329039 0.00502328 0.032758 2.24852e-05 0.000465457
0.00493436 0.0328482 0.00502328 0.032758 0.000540375 0.241083
-0.0231368 0.0471047 -0.00466419 0.0368821 0.000105046 0.0472989
-0.00466419 0.0368821 -0.00126987 0.0417919 5.24967e-05 0.0219452
-0.00466419 0.0368821 -0.00167286 0.0352268 0.000103263 0.0457339
-0.00167286 0.0352268 0.00223883 0.0387251 0.00018128 0.211856
-0.00167286 0.0352268 0.00419724 0.0319783 0.000111364 0.0924072
0.00419724 0.0319783 0.00493436 0.0328482 0.000245711 0.497747
0.0232593 0.00919225 0.0256937 0.00740522 5.45412e-05 0.019172
0.0256937 0.00740522 0.0282438 0.00878432 0.000454892 0.482696
0.0256937 0.00740522 0.0272691 0.00624878 5.46988e-05 0.0192546
0.0282438 0.00878432 0.0272691 0.00624878 7.13628e-05 0.010908
0.0338746 0.00337478 0.0350615 0.00352199 9.93495e-05 0.0742162
0.0331377 0.0019409 0.0338746 0.00337478 3.3341e-05 0.000263552
0.0247164 -0.0198224 0.0282205 -0.0207668 2.30677e-05 0.00251502
0.0234044 -0.0224804 0.0247164 -0.0198224 7.57136e-05 0.0468074
0.0275068 -0.0090161 0.0287646 -0.00656861 3.33034e-05 0.00819194
0.0287646 -0.00656861 0.0284573 -0.00568901 0.000269976 0.24882
0.0292206 -0.00568115 0.0311627 -0.00190211 3.39953e-05 0.00819139
0.0311627 -0.00190211 0.0330199 -0.00300032 0.0002596 0.551396
0.0266737 -0.015857 0.0288249 -0.011499 7.51955e-05 0.0467471
0.0284509 -0.0111656 0.0288249 -0.011499 0.00014922 0.00499508
0.0288998 -0.0113472 0.0297346 -0.00965597 7.4341e-05 0.0413421
0.0297346 -0.00965597 0.0298551 -0.00969057 6.64902e-05 0.0166062
0.0297981 -0.00952739 0.0311641 -0.00675996 7.61916e-05 0.0728233
0.0311641 -0.00675996 0.0432496 -0.0115417 0.000119838 0.119914
0.0311641 -0.00675996 0.0313759 -0.00633085 7.57942e-05 0.0773733
0.0313759 -0.00633085 0.0435821 -0.0100104 0.000243722 0.586207
0.0290139 0.0107879 0.0299248 0.00969347 2.75402e-05 0.00366827
0.0299248 0.00969347 0.0333401 0.0115405 0.000454545 0.481921
0.0343745 0.00434743 0.0350615 0.00352199 2.71208e-05 0.00735405
0.0350615 0.00352199 0.0363161 0.00367761 9.91641e-05 0.0745435
0.0428417 -0.0134206 0.0432496 -0.0115417 7.4534e-05 0.172971
0.0432496 -0.0115417 0.0497351 -0.0141077 0.000119106 0.176576
0.0462178 -0.0108049 0.0472434 -0.0111141 0.00025354 0.626609
0.0462178 -0.0108049 0.0477308 -0.0116996 0.000248095 0.541178
-0.0079627 0.0321109 -0.00466419 0.0368821 5.14617e-05 0.0176071
-0.0224412 0.042739 -0.0079627 0.0321109 5.25231e-05 0.0102413
0.00873655 0.00914773 0.0121161 0.00794934 0.000129734 0.10153
0.00904148 0.0111793 0.00873655 0.00914773 8.75616e-05 0.0149483
-0.00774825 0.0211078 -0.0061909 0.0197194 0.000156391 0.139192
-0.0061909 0.0197194 -0.00592698 0.0200308 0.000231594 0.272223
0.00221908 -0.000551554 0.00699088 -0.00248235 9.12518e-05 0.131425
0.00221908 -0.000551554 0.00737671 8.81628e-05 9.60441e-05 0.0952981
0.00651414 -0.00565849 0.00689861 -0.00309706 8.84599e-05 0.128183
0.00651414 -0.00565849 0.0176116 -0.0112726 3.14889e-05 0.00137326
0.0405268 -0.0240839 0.0438179 -0.0249709 2.32793e-05 0.00945336
0.0401368 -0.0258803 0.0405268 -0.0240839 7.55239e-05 0.0239764
0.0352305 -0.0226563 0.0405268 -0.0240839 2.38507e-05 0.00781682
0.0352305 -0.0226563 0.0384951 -0.0218374 0.000100616 0.137652
0.0189592 -0.0267379 0.0205122 -0.0283397 0.000248686 0.0943432
0.0189592 -0.0267379 0.0216341 -0.0260669 9.9951e-05 0.0834717
0.0167894 -0.0298705 0.0183164 -0.0268991 3.40383e-05 0.00836349
0.0183164 -0.0268991 0.0189592 -0.0267379 9.92266e-05 0.0761373
0.0170303 -0.0247483 0.0185933 -0.0263604 0.000249294 0.0973197
0.0150887 -0.0254391 0.0170303 -0.0247483 0.000284836 0.631233
0.00714719 -0.0263067 0.00438304 -0.0198564 0.000107967 0.00671044
0.00714719 -0.0263067 0.00866106 -0.0277261 0.000137374 0.0546396
0.0117229 -0.0285531 0.0136947 -0.0290658 4.77754e-05 0.012001
0.0117229 -0.0285531 0.0141232 -0.0279509 9.94926e-05 0.075384
0.0100032 -0.0289844 0.012593 -0.0314127 0.000138245 0.0302518
0.0100032 -0.0289844 0.0117229 -0.0285531 9.98705e-05 0.0751958
0.00863331 -0.0277497 0.0087066 -0.0277688 4.82598e-05 0.0119
0.00863331 -0.0277497 0.00994201 -0.0289998 9.74707e-05 0.0144089
0.00994201 -0.0289998 0.0100032 -0.0289844 9.94571e-05 0.0745334
0.00994201 -0.0289998 0.0124898 -0.0314334 9.71899e-05 0.0141815
0.0306862 -0.0120701 0.0298551 -0.00969057 0.000270659 0.261852
0.0409692 -0.0162308 0.0306862 -0.0120701 8.45154e-05 0.001369
0.0399979 -0.0214604 0.0411596 -0.021169 9.97165e-05 0.148716
0.0365775 -0.0184109 0.0399979 -0.0214604 0.000152647 0.313922
0.0401368 -0.0258803 0.0438293 -0.0251386 0.000114663 0.234545
0.0383635 -0.0340489 0.0401368 -0.0258803 7.36804e-05 0.0444306
0.000762129 0.0447311 0.00135499 0.0455887 5.016e-05 0.00195619
0.000762129 0.0447311 -0.00309095 0.0493605 2.63146e-05 3.9433e-05
0.000762129 0.0447311 0.00203864 0.0431975 2.67321e-05 0.000510152
0.00135499 0.0455887 0.00203864 0.0431975 2.15545e-05 0.000114687
0.000327051 0.0491842 0.00371968 0.0490092 3.09266e-05 0.000561907
0.0198986 0.0232893 0.0313775 0.0169369 0.000105207 0.0447844
0.0313775 0.0169369 0.0350957 0.0266099 6.88977e-05 0.00850889
0.0394669 0.014854 0.0397398 0.0147875 0.00011793 0.25833
0.0394669 0.014854 0.0398921 0.015084 0.000421107 0.058259
0.00581157 -0.0250544 0.00716424 -0.0263465 9.64089e-05 0.0275261
0.00581157 -0.0250544 0.00714719 -0.0263067 0.000137519 0.0573379
0.0254374 0.00148353 0.0260859 0.00110009 0.000262501 0.343887
0.025707 0.00218477 0.0254374 0.00148353 6.96622e-05 0.00396936
0.0256477 0.00235438 0.0257784 0.00237058 9.97016e-05 0.0782332
0.0253302 0.00326358 0.0256477 0.00235438 0.000276538 0.307957
0.0131918 0.0485206 0.0145618 0.0497459 0.000161201 0.00107165
0.0117214 0.0485964 0.0131918 0.0485206 3.09266e-05 3.61311e-05
0.0121161 0.00794934 0.0138625 0.00184068 2.21144e-05 0.00284709
0.00837422 0.00673381 0.0138625 0.00184068 0.000152036 0.159675
0.0144448 0.00132159 0.0203295 0.00450413 0.000464246 0.383796
0.0138625 0.00184068 0.0144448 0.00132159 0.000151824 0.159879
0.0259314 -0.00468961 0.0284573 -0.00568901 0.000117655 0.0445706
0.0259314 -0.00468961 0.0283644 -0.00542305 0.000242953 0.222528
0.023443 -0.00370508 0.0259314 -0.00468961 0.000126012 0.0575388
0.023443 -0.00370508 0.0254374 0.00148353 7.01657e-05 0.0054857
0.017402 -0.00131493 0.023443 -0.00370508 0.000127328 0.0570844
0.0147961 0.00100841 0.017402 -0.00131493 0.000162807 0.081294
0.0245446 -0.01478 0.0267548 -0.0104793 3.36513e-05 0.00968517
0.0267548 -0.0104793 0.0284509 -0.0111656 8.64772e-05 0.0184333
0.0267548 -0.0104793 0.0270459 -0.00991294 3.43007e-05 0.00728575
0.0253428 -0.00839457 0.0270459 -0.00991294 0.000146679 0.0067455
0.0266737 -0.015857 0.0267349 -0.015888 3.19415e-05 0.00298831
0.026667 -0.0158706 0.0266737 -0.015857 7.52739e-05 0.0469238
0.0245446 -0.01478 0.0266737 -0.015857 3.18478e-05 0.00246446
0.0242964 -0.0152629 0.0245446 -0.01478 3.38056e-05 0.00985246
0.0169039 -0.0356497 0.0169698 -0.0355163 7.31554e-05 0.0465461
0.0169698 -0.0355163 0.0273164 -0.0452172 0.000135013 0.0358553
0.021715 -0.0295804 0.0227844 -0.0293656 0.000115206 0.127524
0.021715 -0.0295804 0.0233188 -0.0312346 0.000246537 0.0809887
-0.00179886 0.0249024 0.00367248 0.0235701 0.000123119 0.076859
-0.00179886 0.0249024 -0.000396682 0.0265571 0.000237635 0.341995
-0.00592698 0.0200308 0.00904148 0.0111793 0.000250809 0.38511
-0.00592698 0.0200308 -0.00179886 0.0249024 0.000237748 0.322146
-0.0158391 0.0283212 -0.0126117 0.0254439 0.000161173 0.133343
-0.0126117 0.0254439 -0.0125074 0.0255371 0.000176411 0.218524
-0.00815148 0.0012256 -0.00570439 0.000522754 6.95127e-05 0.0477385
-0.00815148 0.0012256 -0.00550027 -0.00150901 0.000254285 0.192737
-0.0198142 0.00364269 -0.0198871 0.00459629 7.9601e-05 0.0122594
-0.0198142 0.00364269 -0.0191786 0.00439278 0.000239389 0.465315
-0.0228853 0.00545744 -0.0205196 0.00281026 0.000269613 0.310582
-0.0205196 0.00281026 -0.0198142 0.00364269 0.000239604 0.463367
0.0135888 0.000858667 0.014069 0.00111839 0.000469615 0.357744
0.0135888 0.000858667 0.0141243 0.000925088 0.000104825 0.0280731
0.0123094 0.00069998 0.0135888 0.000858667 9.66088e-05 0.0465907
0.0123094 0.00069998 0.0128788 0.000474693 0.000122013 0.125172
0.00873655 0.00914773 0.00837422 0.00673381 8.65241e-05 0.0240093
0.0036393 0.0109552 0.00837422 0.00673381 0.000152208 0.154605
-0.0168351 0.00715826 -0.0120106 0.00520616 9.09727e-05 0.0552269
-0.0168351 0.00715826 -0.0161305 0.00798981 0.000239158 0.471022
0.01489 -0.0335663 0.0163886 -0.0306503 3.46341e-05 0.00880328
0.0163886 -0.0306503 0.0183068 -0.030265 0.000114555 0.0999881
0.01489 -0.0335663 0.0169698 -0.0355163 0.000137689 0.032535
0.014835 -0.0336735 0.01489 -0.0335663 3.39636e-05 0.00972201
-0.0161305 0.00798981 -0.0141226 0.00738455 0.000252643 0.498409
-0.0161305 0.00798981 -0.0154677 0.00877195 0.000243198 0.510879
0.0218346 0.0194136 0.0243782 0.0185281 0.00020855 0.223901
0.0181373 0.0238556 0.0218346 0.0194136 2.65231e-05 0.00179927
0.00367658 0.0374684 0.00498158 0.0329039 2.43103e-05 0.00220135
0.00664838 0.0348709 0.00498158 0.0329039 0.000257059 0.0308501
0.00498158 0.0329039 0.00493436 0.0328482 0.00025503 0.0312643
0.0282438 0.00878432 0.0299248 0.00969347 0.000454695 0.481966
0.0290139 0.0107879 0.0282438 0.00878432 6.76766e-05 0.00518722
0.025707 0.00218477 0.0260859 0.00110009 0.000276738 0.291567
0.0260859 0.00110009 0.0311627 -0.00190211 0.000259837 0.550298
0.0284573 -0.00568901 0.0283644 -0.00542305 0.000269133 0.214445
0.0284573 -0.00568901 0.0290883 -0.00593867 0.000119905 0.122642
0.0290883 -0.00593867 0.0292206 -0.00568115 3.48252e-05 0.0154229
0.0292206 -0.00568115 0.0313759 -0.00633085 0.000243679 0.574554
0.0270459 -0.00991294 0.0284509 -0.0111656 0.000147349 0.00653605
0.0284509 -0.0111656 0.0288998 -0.0113472 8.59155e-05 0.0210878
0.0288249 -0.011499 0.0288998 -0.0113472 7.47405e-05 0.0419469
0.0288998 -0.0113472 0.0306862 -0.0120701 8.65461e-05 0.0216473
0.0221123 0.0190799 0.0290139 0.0107879 2.7982e-05 0.00386797
0.0303184 0.0141817 0.0290139 0.0107879 6.98699e-05 0.00492122
0.00135499 0.0455887 0.00371968 0.0490092 4.94628e-05 0.00187112
0.00135499 0.0455887 0.000327051 0.0491842 2.13905e-05 0.000144925
-0.00309095 0.0493605 0.000327051 0.0491842 3.09266e-05 0.000461669
0.0257784 0.00237058 0.0260267 0.00301657 6.92859e-05 0.00696464
0.0257784 0.00237058 0.027312 0.0025608 9.96318e-05 0.0791974
0.025707 0.00218477 0.0257784 0.00237058 6.91231e-05 0.00829179
0.0256477 0.00235438 0.025707 0.00218477 0.000276764 0.294609
0.0283644 -0.00542305 0.0292206 -0.00568115 0.000243686 0.573476
0.0260859 0.00110009 0.0283644 -0.00542305 0.000274691 0.101823
0.0290883 -0.00593867 0.0311641 -0.00675996 0.000119907 0.12248
0.0287646 -0.00656861 0.0290883 -0.00593867 3.44539e-05 0.0150337
