# time=900000
x1 y1 x2 y2 aperture velocity
0.0443843 -0.00631477 0.05 -0.010437 7.04126e-05 0.045676
0.0440694 -0.0250904 0.05 -0.0303778 0.000175318 0.475334
-0.05 0.000316541 -0.04286 -0.00160796 2.22582e-05 0.00342417
-0.05 -0.0312056 -0.04959 -0.0314953 0.000367348 0.454052
0.0474957 0.00801726 0.05 0.0066314 0.000201433 0.670014
0.0458809 0.000579001 0.05 -0.00302134 0.000300255 0.984326
-0.05 0.0299759 -0.0423835 0.0272751 0.000131282 0.118412
-0.05 -0.0125039 -0.0419318 -0.0146018 4.557e-05 0.0131947
0.0450408 -0.0429945 0.05 -0.0416201 0.000103552 0.267689
0.0477065 0.0302897 0.05 0.0347524 3.30499e-05 0.0132775
-0.05 -0.043985 -0.0489825 -0.0437807 0.000111127 0.0403165
-0.05 0.0229315 -0.0399407 0.0178426 3.11145e-05 0.0062764
-0.05 0.0272741 -0.046455 0.0239504 0.000138652 0.101738
-0.05 -0.00702845 -0.0488496 -0.00688577 9.48929e-05 0.062949
0.0497351 -0.0141077 0.05 -0.014426 3.11814e-05 0.00899485
0.0490599 0.0294953 0.05 0.0313998 7.76801e-05 0.0904699
-0.05 0.025353 -0.046455 0.0239504 0.000117832 0.0936588
-0.05 0.0444191 -0.0461801 0.0430894 0.000251651 0.472247
-0.05 0.0366396 -0.0228218 0.0300215 0.00011863 0.106922
-0.05 0.0132453 -0.0320246 0.00808241 6.46759e-05 0.028973
-0.05 0.00378124 -0.039767 0.00115824 2.26532e-05 0.00356728
0.0487448 0.0137711 0.05 0.0195529 7.76079e-05 0.0423686
-0.05 -0.0286948 -0.0496576 -0.0281995 4.88291e-05 0.0078381
-0.05 -0.0319792 -0.04959 -0.0314953 0.000246328 0.161627
-0.05 0.0181997 -0.0357353 0.0138996 0.000493536 1.69563
-0.05 -0.027879 -0.0496576 -0.0281995 0.000102473 0.0443126
-0.05 -0.00799343 -0.0488104 -0.00692954 0.000175724 0.162145
-0.05 -0.00560268 -0.0488496 -0.00688577 4.70573e-05 0.0104129
0.0487448 0.0137711 0.05 0.0125904 7.81411e-05 0.147474
-0.05 -0.0440359 -0.0489825 -0.0437807 9.49983e-05 0.0291482
-0.05 -0.0299924 -0.048906 -0.0306882 0.000111152 0.0549716
-0.05 0.0415005 -0.0461801 0.0430894 3.30736e-05 0.0079751
0.0453562 -0.0476437 0.05 -0.044689 8.8183e-05 0.180381
-0.05 -0.00877678 -0.0433793 -0.0129873 2.93384e-05 0.00474392
-0.05 0.0282563 -0.0448113 0.0233 9.3618e-05 0.0460614
-0.05 0.0205776 -0.0374354 0.0154937 8.4088e-05 0.0476568
0.0490599 0.0294953 0.05 0.0289434 3.85945e-05 0.0435121
0.0429283 0.0469867 0.05 0.046622 3.09266e-05 0.0263376
-0.05 0.0460933 -0.0454404 0.043397 0.000605158 2.48436
-0.0228246 0.0430204 -0.0224412 0.042739 8.50294e-05 0.0231063
-0.0224412 0.042739 -0.0228816 0.0437668 0.000172773 0.0388203
0.0101839 0.0187903 0.0232593 0.00919225 5.42011e-05 0.0147405
0.0205138 0.0170522 0.0232593 0.00919225 0.000549932 1.83551
0.0348415 0.000690202 0.0369482 -0.000856241 5.9109e-05 0.0348055
0.0369482 -0.000856241 0.0394415 -0.00174035 0.000157506 0.252479
0.0369482 -0.000856241 0.0414656 -0.00417222 6.13897e-05 0.0327816
0.0394415 -0.00174035 0.0414656 -0.00417222 3.10558e-05 0.00665163
0.0414656 -0.00417222 0.0443843 -0.00631477 6.03742e-05 0.0331762
0.0441494 -0.00739678 0.0443843 -0.00631477 0.00011444 0.0220867
-0.0221296 0.0339296 -0.0165246 0.0289324 0.000639581 1.81871
-0.0184557 0.0334386 -0.0165246 0.0289324 0.000182259 0.0346048
0.0438103 -0.0248594 0.0439864 -0.0250164 0.000177501 0.473912
0.0439864 -0.0250164 0.0441792 -0.0250683 2.74561e-05 0.0149819
0.0439864 -0.0250164 0.0440694 -0.0250904 0.000177013 0.475131
0.0440694 -0.0250904 0.0441792 -0.0250683 0.000132745 0.3591
0.0017112 -0.0136216 -0.000285636 -0.00896189 0.000111935 0.00771617
0.0017112 -0.0136216 0.0051786 -0.0145562 2.41131e-05 0.003761
0.00765677 -0.0274958 0.00787526 -0.0280057 0.000117723 0.000370969
0.00722648 -0.0282365 0.00787526 -0.0280057 0.000333064 0.817706
0.0111578 -0.0356656 0.0123643 -0.038481 0.0001046 0.00220749
0.00850765 -0.0459855 0.0123643 -0.038481 3.30298e-05 0.000352711
0.0123643 -0.038481 0.0138245 -0.0418884 0.000104588 0.00200959
0.011015 -0.0475801 0.0138245 -0.0418884 7.20998e-05 0.000351255
-0.0189195 -0.00806083 -0.00964767 -0.0105599 2.302e-05 0.00277693
-0.0189195 -0.00806083 -0.0192217 -0.00410808 7.73577e-05 0.0111586
-0.0313376 -0.00471369 -0.0277213 -0.00568841 2.34321e-05 0.00363029
-0.0313376 -0.00471369 -0.0263736 -0.00409799 9.90036e-05 0.0674794
-0.0330937 -0.00424034 -0.0313376 -0.00471369 2.37888e-05 0.00370198
-0.0330937 -0.00424034 -0.0309279 -0.00110746 5.1665e-05 0.0112968
-0.04286 -0.00160796 -0.0330937 -0.00424034 2.28958e-05 0.00331055
-0.04286 -0.00160796 -0.039767 0.00115824 0.000172528 0.160146
0.0331156 -0.0190251 0.0325395 -0.0173759 0.000313629 0.309016
0.0330102 -0.0190626 0.0331156 -0.0190251 0.000328316 0.887321
0.0383635 -0.0340489 0.0389133 -0.0356231 0.000287319 0.06219
0.0389133 -0.0356231 0.0446417 -0.0371126 5.07028e-05 0.0615515
0.0389133 -0.0356231 0.0418017 -0.0438922 0.000288413 0.0607827
0.0369058 -0.045249 0.0418017 -0.0438922 0.000103526 0.265134
-0.0359186 -0.0411567 -0.0355098 -0.0414455 0.000275452 0.193121
-0.0359186 -0.0411567 -0.035836 -0.0411401 0.000115662 0.0661146
-0.04959 -0.0314953 -0.0366005 -0.0406747 0.000277805 0.209079
-0.04959 -0.0314953 -0.048906 -0.0306882 0.000337724 0.439783
0.0331156 -0.0190251 0.0355687 -0.0181523 0.000328075 0.451293
0.0355687 -0.0181523 0.0365775 -0.0184109 2.81687e-05 0.0089302
0.0360825 -0.0179695 0.0409692 -0.0162308 0.000327122 0.203103
0.0409692 -0.0162308 0.0421297 -0.0167004 0.00010074 0.21651
0.0409692 -0.0162308 0.0423373 -0.015744 0.000326811 0.136457
0.0423373 -0.015744 0.0421297 -0.0167004 8.6601e-05 0.19048
0.0179605 0.0243618 0.0198986 0.0232893 0.000144052 0.0934212
0.017648 0.0252564 0.0198986 0.0232893 0.000253419 0.226681
0.0372793 0.0136709 0.0387482 0.0128581 0.000207268 0.716698
0.0387482 0.0128581 0.0366047 0.00868707 5.82137e-05 0.00956704
0.0387482 0.0128581 0.0403972 0.0119455 0.00020523 0.724112
0.0403972 0.0119455 0.0381305 0.00735337 0.000142607 0.020349
0.0403972 0.0119455 0.0474957 0.00801726 0.000205471 0.704138
0.0468369 0.00498253 0.0474957 0.00801726 0.000147998 0.0123631
-0.0179426 -0.0208395 -0.0189195 -0.00806083 8.118e-05 0.0104995
-0.0179426 -0.0208395 0.00340241 -0.0263896 4.78432e-05 0.0122544
-0.0162276 -0.043272 -0.0166847 -0.0372934 7.9744e-05 0.00596485
0.0257193 0.0182016 0.0259861 0.0179684 0.00028239 0.338738
0.0259861 0.0179684 0.031091 0.0161914 0.00027733 0.383177
0.0259861 0.0179684 0.0303184 0.0141817 0.000447532 1.05458
0.031091 0.0161914 0.0303184 0.0141817 8.96799e-05 0.0126184
0.0303184 0.0141817 0.0333401 0.0115405 0.000439884 1.06317
0.0333401 0.0115405 0.0372793 0.0136709 0.00082974 1.44869
0.0381305 0.00735337 0.0415878 0.00433147 0.000330484 1.29108
0.0415878 0.00433147 0.0468369 0.00498253 0.000218631 0.670596
0.0415878 0.00433147 0.0458809 0.000579001 0.000299892 1.00187
0.0458809 0.000579001 0.0449531 -0.0036948 0.000104955 0.00288196
0.0121161 0.00794934 0.0180793 0.00583476 0.00014169 0.124111
0.0116303 0.00964834 0.0121161 0.00794934 2.49171e-05 0.00259914
-0.0423835 0.0272751 -0.0210423 0.0197074 0.000204682 0.313732
-0.05 0.0357977 -0.0423835 0.0272751 0.000394905 0.757482
-0.0405122 -0.0149709 -0.0400859 -0.0150818 4.58826e-05 0.0136415
-0.0405122 -0.0149709 -0.0404352 -0.0148596 5.02252e-05 0.00981137
-0.0419318 -0.0146018 -0.0405122 -0.0149709 4.68824e-05 0.0142573
-0.0419318 -0.0146018 -0.0409862 -0.0156566 4.70573e-05 0.00983423
0.0418017 -0.0438922 0.0450408 -0.0429945 0.000103789 0.433367
0.0450408 -0.0429945 0.0453562 -0.0476437 0.000454854 0.0349708
0.0397398 0.0147875 0.0390393 0.0134246 3.81747e-05 0.017953
0.0397398 0.0147875 0.041579 0.0143397 0.000131164 0.350415
0.0398921 0.015084 0.0423221 0.0198124 3.41745e-05 0.00195253
0.0350957 0.0266099 0.0423221 0.0198124 8.36357e-05 0.020161
0.0423221 0.0198124 0.0477065 0.0302897 4.01171e-05 0.0233343
0.0385714 0.0356521 0.0477065 0.0302897 3.56963e-05 0.0194567
-0.0489825 -0.0437807 -0.0359186 -0.0411567 0.00010987 0.0395147
-0.0489825 -0.0437807 -0.0366005 -0.0406747 9.64339e-05 0.0301532
-0.0399407 0.0178426 -0.0381487 0.0169361 3.20875e-05 0.00668251
-0.0399407 0.0178426 -0.0374354 0.0154937 0.000136621 0.0992905
-0.046455 0.0239504 -0.0399407 0.0178426 0.000136813 0.0992912
-0.046455 0.0239504 -0.0448113 0.0233 0.000119429 0.0967759
-0.0487472 -0.00687306 -0.0336164 -0.00499634 0.00010029 0.067529
-0.0487472 -0.00687306 -0.04286 -0.00160796 0.000172814 0.159878
-0.0488496 -0.00688577 -0.0487472 -0.00687306 9.4584e-05 0.0627328
-0.0488496 -0.00688577 -0.0488104 -0.00692954 4.82794e-05 0.0109757
0.0441494 -0.00739678 0.0472434 -0.0111141 4.44962e-05 0.0144419
0.0472434 -0.0111141 0.05 -0.011945 0.000432685 2.00028
0.0472434 -0.0111141 0.0477308 -0.0116996 5.03558e-05 0.0186793
0.0477308 -0.0116996 0.05 -0.0130415 0.000303473 0.878729
0.0477308 -0.0116996 0.0497351 -0.0141077 3.10161e-05 0.00654755
0.0497351 -0.0141077 0.05 -0.0142125 0.000135529 0.246996
0.0426945 0.0165995 0.0436595 0.0185545 7.79666e-05 0.0326563
0.0423221 0.0198124 0.0436595 0.0185545 7.26206e-05 0.0112476
0.0436595 0.0185545 0.0490599 0.0294953 7.76261e-05 0.0968132
0.0477065 0.0302897 0.0490599 0.0294953 4.00349e-05 0.0297694
0.0243782 0.0185281 0.0259861 0.0179684 0.000441219 1.09372
0.0243782 0.0185281 0.0257193 0.0182016 0.000218463 0.278703
-0.0461801 0.0430894 -0.0431173 0.0420233 0.000251177 0.471885
-0.0461801 0.0430894 -0.0454404 0.043397 4.31062e-05 0.0134184
0.0160235 -0.00571791 0.0147674 -0.00132426 2.13905e-05 0.000296227
0.0160235 -0.00571791 0.0220085 -0.00743691 6.92531e-05 0.00868904
0.018314 -0.0137295 0.0176116 -0.0112726 2.21646e-05 0.00331854
0.018314 -0.0137295 0.0194753 -0.0140272 2.34428e-05 0.00320308
0.0188582 -0.0156327 0.018314 -0.0137295 2.30393e-05 0.00219487
0.0188582 -0.0156327 0.0194753 -0.0140272 7.37723e-05 0.0480053
0.0233188 -0.0312346 0.0227844 -0.0293656 2.34208e-05 0.00213112
0.0233188 -0.0312346 0.0237512 -0.0316807 0.000273697 0.0989615
0.0273164 -0.0452172 0.0274652 -0.0457378 2.30792e-05 0.000463953
0.0274652 -0.0457378 0.0291917 -0.0473869 9.55053e-05 0.0185365
0.0274652 -0.0457378 0.0280288 -0.0477092 2.19921e-05 0.00113603
0.0106464 0.0218719 0.0173765 0.0202331 0.000140953 0.0810211
0.0106464 0.0218719 0.0108513 0.0232368 0.0001033 0.0220424
-0.0228218 0.0300215 -0.021812 0.0297757 0.000134707 0.148747
-0.0228218 0.0300215 -0.0217839 0.0294078 0.000275368 0.50594
-0.0228853 0.00545744 -0.0198871 0.00459629 9.40292e-05 0.0693465
-0.024861 0.00766809 -0.0228853 0.00545744 0.000364536 0.537687
-0.0275275 0.00679075 -0.0258088 0.00629711 0.00013178 0.119859
-0.0275275 0.00679075 -0.0262868 0.00560566 0.000107231 0.0525781
-0.0320246 0.00808241 -0.0284296 0.00704984 6.8998e-05 0.0304254
-0.0320246 0.00808241 -0.0307483 0.00922386 0.000171322 0.159954
-0.0128852 -0.00573227 -0.000285636 -0.00896189 2.49126e-05 0.00425083
-0.015546 -0.00275501 -0.0128852 -0.00573227 0.000296985 0.210475
-0.0192217 -0.00410808 -0.0155158 -0.00505798 2.35523e-05 0.00284402
-0.0192217 -0.00410808 -0.0192896 -0.00321934 7.85506e-05 0.0119119
-0.0215804 -0.00350347 -0.0192217 -0.00410808 3.10965e-05 0.00448485
-0.0215804 -0.00350347 -0.0192896 -0.00321934 0.00012977 0.0949249
-0.0309279 -0.00110746 -0.0251044 -0.00260018 2.34892e-05 0.00363909
-0.0309279 -0.00110746 -0.0265237 0.00526295 5.07591e-05 0.0114182
-0.039767 0.00115824 -0.0309279 -0.00110746 2.34414e-05 0.00347293
-0.039767 0.00115824 -0.0320246 0.00808241 0.000172301 0.160354
0.0487448 0.0137711 0.0485023 0.0126538 7.8135e-05 0.0246455
0.0446268 0.0176446 0.0487448 0.0137711 7.8254e-05 0.213888
-0.0496576 -0.0281995 -0.0409862 -0.0156566 4.95273e-05 0.00921446
-0.0496576 -0.0281995 -0.0480626 -0.0296929 0.000102239 0.0436937
-0.0141226 0.00738455 -0.00627716 0.00501956 0.000484493 2.00948
-0.0141226 0.00738455 -0.0120106 0.00520616 0.000288668 0.250665
-0.0346169 0.0135625 -0.0284738 0.0117107 0.0004568 1.49403
-0.0346169 0.0135625 -0.0304004 0.00953495 0.000186508 0.17736
-0.0357353 0.0138996 -0.0346169 0.0135625 0.000466046 1.5254
-0.0357353 0.0138996 -0.0307483 0.00922386 0.000300281 0.463341
0.0119722 -0.0335468 0.0127054 -0.0316394 7.34865e-05 0.0396178
0.0104497 -0.0318432 0.0119722 -0.0335468 0.000269864 0.0239396
0.00744961 -0.0453126 0.0111578 -0.0356656 6.53754e-05 0.00163172
0.00744961 -0.0453126 0.00850765 -0.0459855 2.93384e-05 0.0012603
-0.0488104 -0.00692954 -0.0487472 -0.00687306 0.000175434 0.162273
-0.0488104 -0.00692954 -0.0433793 -0.0129873 5.05786e-05 0.0109621
0.0119722 -0.0335468 0.0138311 -0.0356268 0.000262182 0.0154684
0.0123643 -0.038481 0.0138311 -0.0356268 3.30326e-05 0.000980058
0.0138311 -0.0356268 0.0158179 -0.0378499 0.000260425 0.0142944
0.0138245 -0.0418884 0.0158179 -0.0378499 7.21011e-05 0.00326632
-0.0154677 0.00877195 -0.0141226 0.00738455 0.000596073 1.36495
-0.0154677 0.00877195 -0.0136158 0.0109574 0.000248035 0.332839
-0.0200574 0.0135061 -0.0154677 0.00877195 0.000373129 0.220295
-0.0200574 0.0135061 -0.0136158 0.0109574 0.000142298 0.0758011
-0.020612 0.0140781 -0.0205055 0.0139682 0.000348803 0.0755483
-0.0209133 0.0180196 -0.020612 0.0140781 9.63236e-05 0.0689068
0.0438103 -0.0248594 0.0438179 -0.0249709 0.000500125 0.00499361
0.0429468 -0.0240894 0.0438103 -0.0248594 0.000177446 0.449153
0.0434931 -0.0201836 0.0435198 -0.020577 0.000498944 0.000868261
0.0434931 -0.0201836 0.044282 -0.0203858 2.26532e-05 0.00893814
-0.0336307 -0.0427735 -0.0312417 -0.0419235 0.000340091 0.646819
-0.0332804 -0.0406268 -0.0312417 -0.0419235 0.000113488 0.039295
-0.0332804 -0.0406268 -0.0208395 -0.0381279 0.000127811 0.0920263
-0.048906 -0.0306882 -0.0429602 -0.03447 0.000168576 0.0777509
-0.048906 -0.0306882 -0.0480626 -0.0296929 0.000325709 0.434525
0.00695375 -0.00272968 0.00723125 -0.00257961 0.000536069 0.087221
0.00699088 -0.00248235 0.00695375 -0.00272968 0.000113401 0.17281
0.00649095 -0.00297997 0.00695375 -0.00272968 0.000523879 0.0284399
0.00689861 -0.00309706 0.00649095 -0.00297997 7.95857e-05 0.0617322
0.00116224 -0.0413141 0.00744961 -0.0453126 3.08995e-05 0.00464893
0.00116224 -0.0413141 0.00233931 -0.0334722 8.41109e-05 0.000957102
-0.00984838 -0.0343117 -0.00792624 -0.0355342 3.56085e-05 0.00417443
-0.0167256 -0.0367587 -0.00984838 -0.0343117 0.000335884 0.663345
-0.0172736 -0.0295896 -0.0102404 -0.0340624 3.30297e-05 0.0046431
-0.0172736 -0.0295896 -0.0179426 -0.0208395 8.23466e-05 0.00700931
-0.0400859 -0.0150818 -0.0372237 -0.016902 2.95483e-05 0.00490888
-0.0400859 -0.0150818 -0.0364765 -0.0160203 4.60776e-05 0.0138072
-0.0404352 -0.0148596 -0.0400859 -0.0150818 3.02306e-05 0.00513863
-0.0404352 -0.0148596 -0.0336164 -0.00499634 4.99624e-05 0.0100306
-0.0433793 -0.0129873 -0.0404352 -0.0148596 3.06871e-05 0.00533514
-0.0433793 -0.0129873 -0.0419318 -0.0146018 4.90689e-05 0.0107993
-0.0360532 0.0149344 -0.0346169 0.0135625 9.58424e-05 0.0484545
-0.0360532 0.0149344 -0.0286934 0.0119564 8.70456e-05 0.0523012
-0.0381487 0.0169361 -0.0360532 0.0149344 9.68389e-05 0.0496572
-0.0381487 0.0169361 -0.0290135 0.0123146 3.20104e-05 0.00678276
-0.0448113 0.0233 -0.0381487 0.0169361 9.71087e-05 0.0495469
-0.0448113 0.0233 -0.0355598 0.0196396 0.000117399 0.0941963
-0.0374354 0.0154937 -0.0360532 0.0149344 8.64951e-05 0.0507294
-0.0374354 0.0154937 -0.0357353 0.0138996 0.000135385 0.0973868
0.0173765 0.0202331 0.0205138 0.0170522 0.00102549 1.11772
0.0205138 0.0170522 0.019591 0.0196938 0.000549256 0.249071
-0.0103577 0.0497353 -0.00309095 0.0493605 3.09266e-05 0.00036341
0.0180047 0.0482723 0.0429283 0.0469867 3.09266e-05 0.00638438
-0.0431173 0.0420233 -0.0228218 0.0300215 0.000279666 0.524458
-0.0431173 0.0420233 -0.0235794 0.0352221 0.000563674 2.60006
-0.0454404 0.043397 -0.0431173 0.0420233 0.000602143 2.4807
-0.0454404 0.043397 -0.0367862 0.0469967 8.12876e-05 0.126425
-0.0313319 0.0492653 -0.0228246 0.0430204 4.92662e-05 0.00430043
-0.0228246 0.0430204 -0.0228816 0.0437668 0.00010783 0.0461982
-0.0228816 0.0437668 -0.0246774 0.0479573 0.000165692 0.0450538
-0.0228816 0.0437668 -0.0231368 0.0471047 0.000107023 0.0394642
0.00367248 0.0235701 0.00870661 0.0198747 6.10059e-05 0.0167131
0.00794775 0.022529 0.00870661 0.0198747 2.40793e-05 0.00135167
0.00870661 0.0198747 0.0101839 0.0187903 5.80008e-05 0.0173576
0.0106464 0.0218719 0.0101839 0.0187903 9.84023e-05 0.00672386
0.0315732 0.00308933 0.0331377 0.0019409 6.04834e-05 0.0344144
0.0331377 0.0019409 0.0325092 0.000717867 3.42317e-05 0.000302146
0.0331377 0.0019409 0.0348415 0.000690202 5.99367e-05 0.0345452
0.0348415 0.000690202 0.0345057 9.88431e-06 8.61042e-05 0.000514092
0.0394415 -0.00174035 0.0449531 -0.0036948 0.0001569 0.254099
0.0358009 0.00263369 0.0394415 -0.00174035 3.20741e-05 0.00960083
0.0437291 -0.00933319 0.0441494 -0.00739678 0.000127347 0.023198
0.0414656 -0.00417222 0.0441494 -0.00739678 3.07776e-05 0.00701927
-0.0235794 0.0352221 -0.0221296 0.0339296 0.000670699 1.88323
-0.0221296 0.0339296 -0.0221915 0.034739 0.000365173 0.277929
-0.0184557 0.0334386 -0.0224412 0.042739 0.000182313 0.0324883
-0.0184557 0.0334386 -0.00925826 0.030237 0.000355417 0.830284
0.0441792 -0.0250683 0.0456829 -0.0254736 2.78714e-05 0.0144245
0.0441792 -0.0250683 0.0446821 -0.0249673 0.000133572 0.356946
-0.0140892 0.0232492 -0.0110535 0.0161654 0.000150923 0.0674332
-0.0110535 0.0161654 -0.00963023 0.0156607 0.000158 0.181801
-0.00416004 7.91886e-05 -0.00517119 0.00243874 0.000120995 0.0188358
-0.00416004 7.91886e-05 -0.00070239 -0.000913913 8.05625e-05 0.0776568
-0.000285636 -0.00896189 -0.00187863 -0.00524458 0.000109498 0.00803734
-0.000285636 -0.00896189 0.00239031 -0.00964781 2.38821e-05 0.00374892
0.0282205 -0.0207668 0.034296 -0.0224044 2.54407e-05 0.0049527
0.0234044 -0.0224804 0.0282205 -0.0207668 0.000328765 0.886797
0.0196669 -0.0184613 0.0222895 -0.0191682 2.3188e-05 0.00252272
0.0196669 -0.0184613 0.0188582 -0.0156327 2.34916e-05 0.00272348
0.00784604 -0.0152752 0.0179489 -0.0179983 2.41719e-05 0.00412402
0.00784604 -0.0152752 0.0158301 -0.0235104 0.000277057 0.165759
0.0051786 -0.0145562 0.00784604 -0.0152752 2.39413e-05 0.00343291
0.0051786 -0.0145562 0.00544276 -0.0127963 9.37003e-05 0.0453066
0.00716424 -0.0263465 0.00765677 -0.0274958 0.000118433 6.38369e-05
0.00765677 -0.0274958 0.00861096 -0.0277439 5.34676e-05 0.0169635
-0.00984838 -0.0343117 -0.00653594 -0.0331332 0.000335657 0.664324
-0.00653594 -0.0331332 0.00273943 -0.0308065 0.000117002 0.080265
0.0028938 -0.0297781 0.00722648 -0.0282365 0.000335497 0.674778
0.00623387 -0.0271258 0.00722648 -0.0282365 0.00029671 0.219692
0.00866303 -0.0298439 0.00846053 -0.0293714 0.000125466 0.0290099
0.00828097 -0.0294164 0.00866303 -0.0298439 0.000292983 0.057518
0.00959347 -0.0320152 0.0111578 -0.0356656 0.000120111 0.00525097
0.0111578 -0.0356656 0.0119722 -0.0335468 7.36937e-05 0.0068726
0.00850765 -0.0459855 0.011015 -0.0475801 2.93384e-05 0.000863216
-0.0092509 -0.0106669 -0.00822913 -0.0109423 2.98785e-05 0.00602568
-0.0092509 -0.0106669 -0.00395127 -0.015729 0.000119772 0.0445672
-0.00964767 -0.0105599 -0.0092509 -0.0106669 3.01091e-05 0.00341448
-0.00964767 -0.0105599 -0.00300402 -0.016789 0.000169566 0.0878885
-0.0277213 -0.00568841 -0.0189195 -0.00806083 2.56821e-05 0.0029117
-0.0277213 -0.00568841 -0.0263736 -0.00409799 0.00031099 0.44874
-0.0263736 -0.00409799 -0.0215804 -0.00350347 0.000130611 0.0941741
-0.0263736 -0.00409799 -0.0251044 -0.00260018 0.000303178 0.441767
0.0241711 0.00658176 0.0253302 0.00326358 0.000312538 0.464558
0.0253302 0.00326358 0.0260267 0.00301657 0.000154587 0.196851
0.0298551 -0.00969057 0.0297981 -0.00952739 0.000312974 0.334036
0.0298551 -0.00969057 0.0428417 -0.0134206 7.76238e-05 0.0422829
0.0325395 -0.0173759 0.0312384 -0.0136508 0.000313416 0.309403
0.0325395 -0.0173759 0.0355687 -0.0181523 2.44144e-05 0.00103487
0.0282205 -0.0207668 0.0330102 -0.0190626 0.00032845 0.88757
0.0330102 -0.0190626 0.0331542 -0.0191354 3.75117e-05 0.0095181
0.0358135 -0.0267486 0.0383635 -0.0340489 0.000288434 0.0592883
0.0380694 -0.0354037 0.0383635 -0.0340489 8.07298e-05 0.0631983
0.0446417 -0.0371126 0.05 -0.0385058 4.83999e-05 0.0543172
0.0450408 -0.0429945 0.0446417 -0.0371126 0.000440895 0.00306764
0.0358697 -0.0455362 0.0369058 -0.045249 9.85713e-05 0.0558165
-0.0355098 -0.0414455 -0.0336307 -0.0427735 0.000275545 0.192091
-0.0355098 -0.0414455 -0.0339645 -0.0428923 0.000105262 0.0243946
-0.035836 -0.0411401 -0.0332804 -0.0406268 0.00011521 0.0686834
-0.035836 -0.0411401 -0.0355098 -0.0414455 0.000106237 0.0216682
-0.0366005 -0.0406747 -0.0359186 -0.0411567 0.000276763 0.204149
-0.0366005 -0.0406747 -0.0363896 -0.0406218 0.000100585 0.0446371
0.0414853 -0.0196689 0.0434931 -0.0201836 2.63971e-05 0.0240818
0.0414853 -0.0196689 0.0411596 -0.021169 8.14579e-05 0.080119
0.0365775 -0.0184109 0.0414853 -0.0196689 2.64114e-05 0.00902955
0.0360825 -0.0179695 0.0365775 -0.0184109 0.000176054 0.440609
0.0355687 -0.0181523 0.0360825 -0.0179695 0.000327629 0.451217
0.0360825 -0.0179695 0.0312384 -0.0136508 0.000174007 0.0219611
0.0421297 -0.0167004 0.0485758 -0.0193087 0.000102231 0.306983
0.0421297 -0.0167004 0.0414853 -0.0196689 8.17839e-05 0.0846565
0.00770911 0.0300349 0.0115525 0.027908 0.00022672 0.0582257
0.0115525 0.027908 0.0119076 0.030274 0.000107766 0.00048426
0.0175072 0.0246126 0.0179605 0.0243618 0.000193697 0.0768819
0.017648 0.0252564 0.0179605 0.0243618 0.000341877 0.0713532
-0.00126987 0.0417919 0.00223883 0.0387251 0.00021074 0.0117901
0.00223883 0.0387251 0.00309769 0.0394932 0.000162115 0.0654165
0.00367658 0.0374684 0.00664838 0.0348709 0.000296707 0.371587
0.00664838 0.0348709 0.00781914 0.0362525 0.000397148 0.0967229
0.0119076 0.030274 0.015165 0.0274268 0.000282797 0.123036
0.0120432 0.0311774 0.015165 0.0274268 2.64727e-05 0.000991284
0.015165 0.0274268 0.017648 0.0252564 0.000275285 0.126282
0.0131062 0.0382591 0.017648 0.0252564 0.000361684 0.130157
0.0317427 0.0167348 0.0354949 0.0146584 0.000148454 0.115092
0.0354949 0.0146584 0.0376915 0.0138938 0.000277303 0.394913
0.0354949 0.0146584 0.0372793 0.0136709 0.0001351 0.0986498
0.0372793 0.0136709 0.0376915 0.0138938 0.000815239 1.3086
0.0366047 0.00868707 0.0343745 0.00434743 5.56083e-05 0.00378386
0.0333401 0.0115405 0.0366047 0.00868707 0.00033188 1.28745
0.0381305 0.00735337 0.0363161 0.00367761 0.000141527 0.0271605
0.0366047 0.00868707 0.0381305 0.00735337 0.000329157 1.29915
0.0458809 0.000579001 0.0468369 0.00498253 0.000124789 0.0368773
0.0468369 0.00498253 0.05 0.00537486 0.000213356 0.700168
0.00340241 -0.0263896 0.00623387 -0.0271258 5.55934e-05 0.0160231
0.00340241 -0.0263896 0.00371497 -0.0243073 9.63388e-05 0.0254118
-0.0166847 -0.0372934 -0.0167256 -0.0367587 9.1794e-05 0.0115644
-0.0166847 -0.0372934 -0.00792624 -0.0355342 0.000135184 0.104648
0.0198986 0.0232893 0.0257193 0.0182016 0.000248475 0.23043
0.0257193 0.0182016 0.0313377 0.0168335 0.000166985 0.134661
0.031091 0.0161914 0.0354949 0.0146584 0.000274506 0.385245
0.0313377 0.0168335 0.031091 0.0161914 9.3984e-05 0.00656897
0.0443843 -0.00631477 0.0449531 -0.0036948 8.57695e-05 0.0153252
0.0449531 -0.0036948 0.05 -0.00548444 0.00015593 0.266049
0.0180793 0.00583476 0.0209244 0.00482588 0.000146413 0.126218
0.0180793 0.00583476 0.0203295 0.00450413 0.000278907 0.488892
0.00978205 0.0161131 0.0116303 0.00964834 2.25965e-05 0.00184436
0.0116303 0.00964834 0.0180793 0.00583476 0.000280664 0.48902
-0.0195985 0.0191954 -0.0174246 0.0184246 0.000151738 0.169317
-0.0195985 0.0191954 -0.0143597 0.0238806 0.000245961 0.349696
-0.0210423 0.0197074 -0.0195985 0.0191954 0.000200053 0.311042
-0.0217839 0.0294078 -0.0210423 0.0197074 7.67092e-05 0.00273513
-0.0409862 -0.0156566 -0.0385093 -0.0184192 4.74383e-05 0.00988382
-0.0409862 -0.0156566 -0.0405122 -0.0149709 4.88291e-05 0.00922129
0.0390393 0.0134246 0.0387482 0.0128581 6.93515e-05 0.0089164
0.0390393 0.0134246 0.0408212 0.0128043 0.000395575 2.81895
0.041579 0.0143397 0.0485023 0.0126538 0.000130364 0.380632
0.041579 0.0143397 0.0408212 0.0128043 8.18417e-05 0.0560246
0.0398921 0.015084 0.0397398 0.0147875 3.57514e-05 0.0211742
0.0398921 0.015084 0.0426945 0.0165995 0.000452213 0.0700557
0.00945447 0.0487133 0.0117214 0.0485964 3.09266e-05 0.000151364
0.0124794 0.0478835 0.0142945 0.0461761 7.219e-05 0.00449043
0.0146352 0.0484461 0.0142945 0.0461761 8.30702e-05 0.00188931
0.0142945 0.0461761 0.0153706 0.0451639 7.21899e-05 0.00421851
0.0153706 0.0451639 0.0176949 0.0479067 0.000219052 0.00187131
0.0153706 0.0451639 0.0350957 0.0266099 7.22652e-05 0.0195439
0.0350957 0.0266099 0.0385714 0.0356521 6.46728e-05 0.0162536
0.0148086 0.049601 0.0169823 0.0483251 3.56763e-05 0.000852993
0.0146352 0.0484461 0.0169823 0.0483251 3.09266e-05 0.000567749
0.0169823 0.0483251 0.0176949 0.0479067 3.56763e-05 0.000877243
0.0176949 0.0479067 0.0180047 0.0482723 0.000219052 0.000825165
0.0176949 0.0479067 0.0385714 0.0356521 3.56763e-05 0.00730054
0.0385714 0.0356521 0.0429283 0.0469867 6.4639e-05 0.00954667
-0.0336164 -0.00499634 -0.0313376 -0.00471369 9.92336e-05 0.0672928
-0.0336164 -0.00499634 -0.0330937 -0.00424034 5.246e-05 0.0113594
0.0426945 0.0165995 0.041579 0.0143397 7.84776e-05 0.105049
0.0426945 0.0165995 0.0446268 0.0176446 0.000451412 0.0462769
0.014069 0.00111839 0.0141243 0.000925088 4.42396e-05 0.00493496
0.0141243 0.000925088 0.0147961 0.00100841 0.000184281 0.0889612
0.0144284 -0.000138394 0.0147674 -0.00132426 4.28445e-05 0.00481352
0.0147674 -0.00132426 0.0187637 -0.00252893 0.000242298 0.184694
0.0220085 -0.00743691 0.0253428 -0.00839457 6.684e-05 0.0135729
0.0220085 -0.00743691 0.0225854 -0.0059362 6.69815e-05 0.023468
0.0161591 -0.00619204 0.0160235 -0.00571791 2.49303e-05 0.00244583
0.0161591 -0.00619204 0.0216353 -0.00840786 9.00189e-05 0.00909679
0.0176116 -0.0112726 0.0161591 -0.00619204 2.15259e-05 0.00327552
0.0176116 -0.0112726 0.0200584 -0.0125104 3.16453e-05 0.00158832
0.0194753 -0.0140272 0.0242964 -0.0152629 2.4388e-05 0.00248431
0.0194753 -0.0140272 0.0200584 -0.0125104 7.33816e-05 0.0484585
0.0207342 -0.0221945 0.0196669 -0.0184613 2.42323e-05 0.002219
0.0199569 -0.023707 0.0207342 -0.0221945 3.88632e-05 0.0114093
0.0217653 -0.025801 0.0210549 -0.0233163 2.46781e-05 0.00133184
0.0216341 -0.0260669 0.0217653 -0.025801 8.8017e-05 0.054459
0.0218274 -0.0260184 0.0217653 -0.025801 2.72109e-05 0.00105743
0.0218274 -0.0260184 0.0344522 -0.0228515 0.000113966 0.116985
0.0227844 -0.0293656 0.0218274 -0.0260184 2.43115e-05 0.0014092
0.0227844 -0.0293656 0.0358135 -0.0267486 0.000134529 0.178113
0.0237512 -0.0316807 0.0361102 -0.0444284 0.000271321 0.098132
0.0237512 -0.0316807 0.0380694 -0.0354037 5.16869e-05 0.0234008
0.0234218 -0.031595 0.0233188 -0.0312346 2.42753e-05 0.00173964
0.0234218 -0.031595 0.0237512 -0.0316807 5.09594e-05 0.0147048
0.0273164 -0.0452172 0.0234218 -0.031595 2.18499e-05 0.00119288
0.0273164 -0.0452172 0.0295304 -0.047293 0.000142129 0.0401272
0.0280288 -0.0477092 0.0291917 -0.0473869 9.4271e-05 0.000265018
0.0173765 0.0202331 0.019591 0.0196938 0.000246237 0.187785
0.0162766 0.0213483 0.0173765 0.0202331 0.00104498 1.1302
0.0108513 0.0232368 0.0113219 0.0263719 9.56051e-05 0.049714
0.0108513 0.0232368 0.0162766 0.0213483 0.000220165 0.200652
-0.0113401 0.0272257 -0.0107736 0.0270877 0.000529516 2.01498
-0.0113401 0.0272257 -0.00925826 0.030237 0.000245386 0.33914
-0.0163121 0.0284364 -0.0158391 0.0283212 0.000273768 0.566512
-0.0165246 0.0289324 -0.0163121 0.0284364 0.00049667 0.281082
-0.021812 0.0297757 -0.0163121 0.0284364 0.000134353 0.143116
-0.021812 0.0297757 -0.0221296 0.0339296 8.53137e-05 0.0189859
-0.0132999 0.0243908 -0.00774825 0.0211078 0.000300526 0.583614
-0.0132999 0.0243908 -0.0125871 0.0254219 6.17472e-05 0.0195594
-0.0150123 0.0254034 -0.0135945 0.024565 0.000274949 0.497626
-0.0163121 0.0284364 -0.0150123 0.0254034 0.000121431 0.0308018
-0.0217839 0.0294078 -0.0150123 0.0254034 0.000275118 0.502691
-0.0217839 0.0294078 -0.021812 0.0297757 8.57738e-05 0.00945028
-0.0198871 0.00459629 -0.0191786 0.00439278 9.47518e-05 0.0725934
-0.0198871 0.00459629 -0.0201337 0.00782243 0.000101184 0.0186543
-0.0284738 0.0117107 -0.0282489 0.0114591 0.000528949 1.24153
-0.0282489 0.0114591 -0.0280952 0.0115966 0.000434804 1.46457
-0.0282489 0.0114591 -0.024861 0.00766809 0.000360053 0.522652
-0.024861 0.00766809 -0.023557 0.00955423 7.37385e-05 0.0373978
-0.0258088 0.00629711 -0.0228853 0.00545744 9.80281e-05 0.0632252
-0.0258088 0.00629711 -0.024861 0.00766809 0.000130091 0.0813378
-0.0149788 -0.00519563 -0.0092509 -0.0106669 0.000124191 0.0436038
-0.0149788 -0.00519563 -0.0128852 -0.00573227 3.02668e-05 0.00541894
-0.0194662 -0.000909324 -0.0173055 -0.00297324 0.000121471 0.0415267
-0.0194662 -0.000909324 -0.0196786 0.00186924 9.32219e-05 0.0153237
-0.0262868 0.00560566 -0.0217903 0.00131067 0.000104951 0.0500889
-0.0262868 0.00560566 -0.0258088 0.00629711 5.68548e-05 0.0173103
-0.0284296 0.00704984 -0.0275275 0.00679075 6.72378e-05 0.0292958
-0.0284296 0.00704984 -0.0265237 0.00526295 0.000137806 0.0871116
-0.0304004 0.00953495 -0.0282489 0.0114591 0.000301579 0.557987
-0.0304004 0.00953495 -0.0275275 0.00679075 0.000163044 0.119374
-0.0307483 0.00922386 -0.0304004 0.00953495 0.000295127 0.52405
-0.0307483 0.00922386 -0.0284296 0.00704984 0.000137331 0.0864704
-0.0196786 0.00186924 -0.015546 -0.00275501 0.000291381 0.208369
-0.015546 -0.00275501 -0.00550027 -0.00150901 0.000108588 0.101825
-0.0155158 -0.00505798 -0.0149788 -0.00519563 3.16938e-05 0.00442078
-0.0155158 -0.00505798 -0.00964767 -0.0105599 0.000172754 0.0864921
-0.0192896 -0.00321934 -0.0194296 -0.00138849 0.000100539 0.0150594
-0.0192896 -0.00321934 -0.0176886 -0.00302077 0.000125616 0.0934596
-0.0251044 -0.00260018 -0.0215804 -0.00350347 3.21723e-05 0.00490303
-0.0251044 -0.00260018 -0.0220197 0.00104 0.000302537 0.442464
-0.0265237 0.00526295 -0.0262868 0.00560566 5.05652e-05 0.0119268
-0.0265237 0.00526295 -0.0220197 0.00104 0.000137595 0.0870746
0.0474957 0.00801726 0.047993 0.0103078 0.00015706 0.0735153
0.047993 0.0103078 0.05 0.0096092 0.000390417 2.88915
0.047993 0.0103078 0.0485023 0.0126538 0.000146293 0.029337
0.0485023 0.0126538 0.05 0.0122891 0.000132497 0.421428
0.0446268 0.0176446 0.0436595 0.0185545 7.8933e-05 0.0526057
-0.0429602 -0.03447 -0.0363896 -0.0406218 0.000152142 0.0532101
-0.0429602 -0.03447 -0.0341654 -0.0400639 0.000154277 0.0739663
-0.0480626 -0.0296929 -0.0429602 -0.03447 0.000147515 0.0433848
-0.0480626 -0.0296929 -0.0385093 -0.0184192 0.000317517 0.439649
0.0114189 -0.000314861 0.0147674 -0.00132426 0.000242418 0.183726
0.0114189 -0.000314861 0.0128788 0.000474693 0.000864228 1.10939
0.00749381 0.000868339 0.00929331 0.000325885 0.000472528 2.02192
0.00773991 0.00250792 0.00749381 0.000868339 9.36868e-05 0.0275941
-0.00627716 0.00501956 0.00749381 0.000868339 0.000477084 2.05399
-0.00784293 0.00867334 -0.00627716 0.00501956 0.000118055 0.047839
-0.0120106 0.00520616 -0.00916965 0.0022758 0.000294377 0.256984
-0.0120106 0.00520616 -0.00517119 0.00243874 0.000101666 0.0838824
-0.0269532 0.0112523 -0.0268552 0.0112228 0.000463973 1.68586
-0.0269532 0.0112523 -0.0267553 0.0111722 0.000168805 0.202553
-0.0284738 0.0117107 -0.0280952 0.0115966 0.00031158 0.760083
-0.0286934 0.0119564 -0.0284738 0.0117107 0.000349997 0.603028
0.0150887 -0.0254391 0.0158301 -0.0235104 7.89621e-05 0.0370851
0.00866106 -0.0277261 0.0150887 -0.0254391 0.000332221 0.851187
0.0136947 -0.0290658 0.0141232 -0.0279509 7.65062e-05 0.040289
0.0136947 -0.0290658 0.0167894 -0.0298705 5.39174e-05 0.0153748
0.0127054 -0.0316394 0.0127397 -0.0315502 7.60058e-05 0.0421452
0.0127054 -0.0316394 0.014835 -0.0336735 0.000104345 0.0164135
0.00866303 -0.0298439 0.0104497 -0.0318432 0.00029048 0.0506321
0.0104497 -0.0318432 0.0124898 -0.0314334 0.000132913 0.13035
-0.0136158 0.0109574 -0.0104318 0.0147147 0.000249929 0.305339
-0.0136158 0.0109574 -0.00784293 0.00867334 0.00012971 0.131284
-0.0205055 0.0139682 -0.0200574 0.0135061 0.000360051 0.106662
-0.0174246 0.0184246 -0.0205055 0.0139682 5.14401e-05 0.00139256
-0.0210423 0.0197074 -0.0209133 0.0180196 0.000118003 0.0186435
-0.0209133 0.0180196 -0.0195985 0.0191954 0.000208425 0.237391
0.0438179 -0.0249709 0.0438293 -0.0251386 0.000498071 0.0049842
0.0438179 -0.0249709 0.0439864 -0.0250164 2.69101e-05 0.0147138
0.0409182 -0.0222809 0.0429468 -0.0240894 0.000177657 0.449249
0.0429468 -0.0240894 0.0437869 -0.0245145 3.82747e-05 0.025646
0.0435198 -0.020577 0.0437869 -0.0245145 0.000501506 0.0137469
0.0435198 -0.020577 0.044282 -0.0203858 0.00011202 0.226492
0.044282 -0.0203858 0.05 -0.0218515 2.60087e-05 0.013083
0.044282 -0.0203858 0.0485758 -0.0193087 0.000111776 0.225754
-0.0339645 -0.0428923 -0.0336307 -0.0427735 0.00037082 0.450482
-0.0202296 -0.0380054 -0.0166847 -0.0372934 0.000136713 0.107762
-0.0207753 -0.0381995 -0.0202296 -0.0380054 0.000338462 0.66312
-0.0208395 -0.0381279 -0.0202296 -0.0380054 0.000127518 0.0951995
-0.0208395 -0.0381279 -0.0207753 -0.0381995 5.42405e-05 0.00884668
0.00723125 -0.00257961 0.0114189 -0.000314861 0.000515126 0.10881
0.00723125 -0.00257961 0.0124523 -0.00469219 9.82722e-05 0.00716877
0.00749381 0.000868339 0.00737671 8.81628e-05 0.000172105 0.157479
0.00737671 8.81628e-05 0.00929331 0.000325885 0.000163821 0.178264
0.00737671 8.81628e-05 0.00699088 -0.00248235 9.44234e-05 0.0951717
0.00699088 -0.00248235 0.00723125 -0.00257961 9.08578e-05 0.110047
0.00689861 -0.00309706 0.0124523 -0.00469219 7.63479e-05 0.00853936
0.00689861 -0.00309706 0.00695375 -0.00272968 0.000102851 0.119207
0.00273943 -0.0308065 0.0028938 -0.0297781 0.00010249 0.0355387
0.00273943 -0.0308065 0.00828097 -0.0294164 0.00011547 0.0753113
0.00233931 -0.0334722 0.00273943 -0.0308065 0.000104254 0.0282708
0.00233931 -0.0334722 0.00959347 -0.0320152 0.00013003 0.0861673
-0.00792624 -0.0355342 0.00116224 -0.0413141 3.40386e-05 0.00658523
-0.00792624 -0.0355342 0.00233931 -0.0334722 0.000133238 0.105609
-0.0202296 -0.0380054 -0.0167256 -0.0367587 0.000336876 0.658544
-0.0167256 -0.0367587 -0.0168058 -0.0357093 8.75963e-05 0.00117283
-0.0102404 -0.0340624 -0.00984838 -0.0343117 3.84587e-05 0.0084925
-0.0102404 -0.0340624 -0.00653594 -0.0331332 0.00012478 0.0953919
-0.0372237 -0.016902 -0.0172736 -0.0295896 3.23056e-05 0.00344279
-0.0372237 -0.016902 -0.0364765 -0.0160203 0.000314723 0.4441
-0.0364765 -0.0160203 -0.0179426 -0.0208395 5.86237e-05 0.0146946
-0.0364765 -0.0160203 -0.0277213 -0.00568841 0.000312281 0.446851
-0.0280045 0.0116777 -0.0269532 0.0112523 0.000105928 0.0839232
-0.0280045 0.0116777 -0.0279142 0.0117585 0.000209291 0.33671
-0.0286934 0.0119564 -0.0280045 0.0116777 0.000120287 0.11001
-0.0290135 0.0123146 -0.0286934 0.0119564 0.000353953 0.620813
-0.00397527 -0.000351996 -0.00243879 -0.00112928 3.8065e-05 0.0137181
-0.00397527 -0.000351996 -0.00416004 7.91886e-05 0.000128365 0.0266336
-0.00570439 0.000522754 -0.00397527 -0.000351996 3.99996e-05 0.0115093
-0.00570439 0.000522754 -0.00416004 7.91886e-05 8.23934e-05 0.0620978
-0.0201337 0.00782243 -0.017431 0.00645512 4.04891e-05 0.0114985
-0.0201337 0.00782243 -0.0201866 0.00851437 9.75114e-05 0.0198558
-0.023557 0.00955423 -0.0201337 0.00782243 4.20202e-05 0.0122372
-0.023557 0.00955423 -0.023382 0.00980732 7.62449e-05 0.0453037
-0.0268552 0.0112228 -0.0267553 0.0111722 6.34791e-05 0.0257838
-0.0268552 0.0112228 -0.0231712 0.0101122 0.000463841 1.68371
-0.0279142 0.0117585 -0.0268552 0.0112228 3.88943e-05 0.0106468
-0.0279142 0.0117585 -0.0241497 0.0151252 0.000209609 0.33759
-0.0290135 0.0123146 -0.0279142 0.0117585 4.59457e-05 0.015357
-0.0355598 0.0196396 -0.0290135 0.0123146 0.000355449 0.619575
-0.0205842 0.0137145 -0.0200574 0.0135061 0.00017505 0.311802
-0.0205842 0.0137145 -0.0205938 0.0138404 0.000118158 0.194844
-0.0206601 0.0137445 -0.0205842 0.0137145 0.000173388 0.344005
-0.0206601 0.0137445 -0.0205938 0.0138404 7.21035e-05 0.12028
-0.0241497 0.0151252 -0.0206601 0.0137445 0.000164533 0.353367
-0.0241497 0.0151252 -0.0209133 0.0180196 0.000208836 0.258173
-0.0355598 0.0196396 -0.0241497 0.0151252 0.000174152 0.237118
-0.0423835 0.0272751 -0.0355598 0.0196396 0.000371105 0.674911
0.0179605 0.0243618 0.0181373 0.0238556 0.000370445 0.0697222
0.0175072 0.0246126 0.0181373 0.0238556 5.23838e-05 0.003719
0.019591 0.0196938 0.0193919 0.0202638 0.000346539 0.0650988
0.019591 0.0196938 0.0221123 0.0190799 0.000302694 0.530187
0.0169823 0.0483251 0.0180047 0.0482723 3.09266e-05 0.000539776
-0.0235794 0.0352221 -0.0221915 0.034739 0.000316767 0.671059
-0.0367862 0.0469967 -0.0235794 0.0352221 0.000275729 0.036503
-0.0367862 0.0469967 -0.0313319 0.0492653 3.30736e-05 0.0064059
-0.0246774 0.0479573 -0.0231368 0.0471047 0.000148024 0.0504315
-0.00642169 0.0309798 -0.00193877 0.027689 9.00096e-05 0.0427732
-0.00193877 0.027689 -7.21369e-06 0.0270167 0.000571859 2.27767
-0.000396682 0.0265571 0.00367248 0.0235701 6.05377e-05 0.0111838
0.00367248 0.0235701 0.00794775 0.022529 0.000143121 0.100574
0.00544336 0.0312887 0.00502328 0.032758 4.93789e-05 0.00851857
0.00419724 0.0319783 0.00544336 0.0312887 0.000238277 0.166553
0.00740212 0.0244375 0.00544336 0.0312887 2.24513e-05 0.00142508
0.00740212 0.0244375 0.0108513 0.0232368 0.000219984 0.212072
0.00794775 0.022529 0.00740212 0.0244375 2.13905e-05 0.000132179
0.00794775 0.022529 0.0106464 0.0218719 0.000142698 0.100624
0.0272691 0.00624878 0.0315732 0.00308933 8.91458e-05 0.0753562
0.0315732 0.00308933 0.0338746 0.00337478 0.000125979 0.125124
0.0207342 -0.0221945 0.0222895 -0.0191682 3.76615e-05 0.0114289
0.0222895 -0.0191682 0.0247164 -0.0198224 2.42507e-05 0.00313295
0.0311627 -0.00190211 0.0325092 0.000717867 5.50709e-05 0.00811827
0.0325092 0.000717867 0.0345057 9.88431e-06 0.000153606 0.223018
0.0217653 -0.025801 0.0234044 -0.0224804 8.78846e-05 0.0544945
0.0210549 -0.0233163 0.0234044 -0.0224804 0.000328886 0.888126
0.0297346 -0.00965597 0.0297981 -0.00952739 7.77786e-05 0.0463691
0.0297981 -0.00952739 0.0287646 -0.00656861 0.000308438 0.321528
0.0313759 -0.00633085 0.0330199 -0.00300032 0.000103125 0.0779484
0.0330199 -0.00300032 0.0437291 -0.00933319 0.00043268 1.68302
0.0330199 -0.00300032 0.0345057 9.88431e-06 0.000126957 0.0426971
0.0345057 9.88431e-06 0.0369482 -0.000856241 0.000158237 0.251028
0.0299248 0.00969347 0.0343745 0.00434743 4.56411e-05 0.0198264
0.0343745 0.00434743 0.0338746 0.00337478 5.38535e-05 0.00974867
0.0350615 0.00352199 0.0358009 0.00263369 3.46216e-05 0.0108122
0.0358009 0.00263369 0.0348415 0.000690202 7.59046e-05 0.000409158
0.0423373 -0.015744 0.0428417 -0.0134206 8.67348e-05 0.323975
0.0428417 -0.0134206 0.05 -0.0154766 8.40131e-05 0.152452
0.0432496 -0.0115417 0.0435821 -0.0100104 8.22418e-05 0.109282
0.0435821 -0.0100104 0.0462178 -0.0108049 0.000331447 1.20897
0.0435821 -0.0100104 0.0437291 -0.00933319 0.000103969 0.0553864
0.0437291 -0.00933319 0.0462178 -0.0108049 0.000429149 1.7034
-0.0221915 0.034739 -0.0228246 0.0430204 0.000116949 0.0575843
-0.0221915 0.034739 -0.0184557 0.0334386 0.000357569 0.85949
-0.0078143 0.0297343 -0.00193877 0.027689 0.000579481 2.27082
-0.0078143 0.0297343 -0.00642169 0.0309798 0.000287014 0.561203
-0.00925826 0.030237 -0.0078143 0.0297343 0.000383057 0.977486
-0.00925826 0.030237 -0.0079627 0.0321109 8.629e-05 0.0450058
0.0456829 -0.0254736 0.05 -0.0266372 2.71608e-05 0.0151261
0.0456829 -0.0254736 0.05 -0.0276576 3.76806e-05 0.0269043
0.0446821 -0.0249673 0.05 -0.0238991 0.000132777 0.358604
0.0446821 -0.0249673 0.0456829 -0.0254736 3.94671e-05 0.0259096
-0.0150123 0.0254034 -0.0143597 0.0238806 0.000121589 0.0429145
-0.0143597 0.0238806 -0.0135945 0.024565 0.000238398 0.33398
-0.0143597 0.0238806 -0.0140892 0.0232492 0.000160415 0.07237
-0.0140892 0.0232492 -0.0132999 0.0243908 7.98498e-05 0.0289653
0.0036393 0.0109552 0.00873655 0.00914773 0.000142527 0.130211
-0.0061909 0.0197194 0.0036393 0.0109552 0.000169789 0.171983
-0.00963023 0.0156607 0.0036393 0.0109552 0.000142021 0.149637
-0.00963023 0.0156607 -0.0061909 0.0197194 0.000258167 0.324274
-0.00517119 0.00243874 -0.00627716 0.00501956 0.000119576 0.00588102
-0.00517119 0.00243874 0.00221908 -0.000551554 9.95992e-05 0.101445
-0.00070239 -0.000913913 0.00649095 -0.00297997 8.39147e-05 0.119003
-0.00070239 -0.000913913 0.00221908 -0.000551554 0.000115007 0.187746
-0.00358144 -0.00127101 -0.00397527 -0.000351996 0.00012884 0.0270152
-0.00358144 -0.00127101 -0.00243879 -0.00112928 0.000117642 0.215511
-0.00187863 -0.00524458 -0.00358144 -0.00127101 0.000128961 0.0484023
-0.00187863 -0.00524458 0.00239031 -0.00964781 0.000286179 0.206252
0.00578474 -0.0105179 0.018314 -0.0137295 2.55311e-05 0.00384139
0.00578474 -0.0105179 0.00651414 -0.00565849 0.000103808 0.166842
0.00239031 -0.00964781 0.00578474 -0.0105179 2.59009e-05 0.00887209
0.00239031 -0.00964781 0.00544276 -0.0127963 0.000285197 0.206471
0.034296 -0.0224044 0.0352305 -0.0226563 2.74101e-05 0.00941796
0.0331542 -0.0191354 0.034296 -0.0224044 0.000312566 0.147591
0.0179489 -0.0179983 0.0196669 -0.0184613 2.53385e-05 0.00271145
0.0179489 -0.0179983 0.0188582 -0.0156327 7.4035e-05 0.0476538
0.0185933 -0.0263604 0.0189592 -0.0267379 0.00028751 0.126192
0.0183164 -0.0268991 0.0185933 -0.0263604 3.85875e-05 0.0108152
0.0158301 -0.0235104 0.0170303 -0.0247483 0.000276754 0.163886
0.0158301 -0.0235104 0.0179489 -0.0179983 7.49318e-05 0.04667
0.00544276 -0.0127963 0.00578474 -0.0105179 0.000104006 0.165259
0.00544276 -0.0127963 0.00784604 -0.0152752 0.000278257 0.165107
0.00716424 -0.0263465 0.00714719 -0.0263067 0.000125074 0.0020065
0.00716424 -0.0263465 0.00862282 -0.0277397 0.000107553 0.0341239
0.0087066 -0.0277688 0.0117229 -0.0285531 5.48804e-05 0.0152424
0.0087066 -0.0277688 0.0100032 -0.0289844 0.000161648 0.0381927
0.00861096 -0.0277439 0.00863331 -0.0277497 5.70064e-05 0.0160466
0.00787526 -0.0280057 0.00861096 -0.0277439 0.000332985 0.828563
-0.00653594 -0.0331332 0.0028938 -0.0297781 0.000335836 0.671448
0.0028938 -0.0297781 0.00340241 -0.0263896 0.000102788 0.0267797
-0.0128852 -0.00573227 -0.00822913 -0.0109423 0.000296564 0.210969
-0.00822913 -0.0109423 0.0017112 -0.0136216 2.49458e-05 0.00418305
-0.00822913 -0.0109423 -0.00395127 -0.015729 0.00029519 0.212208
-0.00395127 -0.015729 0.00387979 -0.0232092 0.000108503 0.0361335
-0.00395127 -0.015729 -0.00300402 -0.016789 0.000295902 0.216487
-0.00300402 -0.016789 0.00387531 -0.023239 0.000156712 0.0770443
0.00371497 -0.0243073 0.00623387 -0.0271258 0.000297116 0.219568
0.00623387 -0.0271258 0.00765677 -0.0274958 5.4055e-05 0.0174472
0.00846053 -0.0293714 0.00787526 -0.0280057 0.00012669 0.0276808
0.00846053 -0.0293714 0.00994201 -0.0289998 0.000115802 0.0967173
0.00722648 -0.0282365 0.00828097 -0.0294164 0.000295235 0.0651102
0.00828097 -0.0294164 0.00846053 -0.0293714 0.000115443 0.095867
0.00959347 -0.0320152 0.00866303 -0.0298439 0.000121738 0.012285
0.00959347 -0.0320152 0.0104497 -0.0318432 0.000130504 0.0695615
0.0232593 0.00919225 0.0241711 0.00658176 0.000545095 1.83851
0.0241711 0.00658176 0.0256937 0.00740522 0.000782147 1.47921
0.027312 0.0025608 0.0325092 0.000717867 0.00015381 0.219749
0.027312 0.0025608 0.0315732 0.00308933 0.000113578 0.097966
0.0260267 0.00301657 0.027312 0.0025608 0.000154698 0.211522
0.0272691 0.00624878 0.0260267 0.00301657 0.000100252 0.0173164
0.0312384 -0.0136508 0.0306862 -0.0120701 0.000312164 0.331541
0.0288249 -0.011499 0.0312384 -0.0136508 0.000171155 0.0157878
0.0407652 -0.0229858 0.0429468 -0.0240894 3.70648e-05 0.0234657
0.0405268 -0.0240839 0.0407652 -0.0229858 8.63786e-05 0.0327585
0.0384951 -0.0218374 0.0407652 -0.0229858 3.9442e-05 0.0220419
0.0384951 -0.0218374 0.0399979 -0.0214604 0.000120282 0.205397
0.0331542 -0.0191354 0.0384951 -0.0218374 3.73776e-05 0.0153146
0.0331156 -0.0190251 0.0331542 -0.0191354 0.000316916 0.146245
0.034296 -0.0224044 0.0344522 -0.0228515 0.00031284 0.14704
0.0344522 -0.0228515 0.0352305 -0.0226563 0.000120797 0.207682
0.0344522 -0.0228515 0.0358135 -0.0267486 0.000300035 0.114136
0.0358135 -0.0267486 0.0401368 -0.0258803 0.000132743 0.309662
0.0295304 -0.047293 0.0358697 -0.0455362 9.94669e-05 0.0753876
0.0358697 -0.0455362 0.0361102 -0.0444284 7.76016e-05 0.0257297
0.0361102 -0.0444284 0.0369058 -0.045249 0.000265991 0.0825082
0.0361102 -0.0444284 0.0380694 -0.0354037 8.34927e-05 0.0799527
0.0380694 -0.0354037 0.0389133 -0.0356231 5.48594e-05 0.0507294
-0.05 -0.0485977 -0.0339645 -0.0428923 0.00037535 0.438204
-0.0218692 -0.0369794 -0.0168058 -0.0357093 0.000129393 0.0973224
-0.0218692 -0.0369794 -0.0208395 -0.0381279 6.43701e-05 0.0133217
-0.0363896 -0.0406218 -0.0341654 -0.0400639 0.000125217 0.079999
-0.0363896 -0.0406218 -0.035836 -0.0411401 0.000105006 0.0244562
0.0407652 -0.0229858 0.0409182 -0.0222809 8.72086e-05 0.0324424
0.0399979 -0.0214604 0.0409182 -0.0222809 0.000177787 0.439066
0.0409182 -0.0222809 0.0411596 -0.021169 8.71306e-05 0.0123646
0.0411596 -0.021169 0.0435198 -0.020577 0.000113415 0.280674
0.0485758 -0.0193087 0.05 -0.0198849 9.39605e-05 0.196382
0.0485758 -0.0193087 0.05 -0.0189514 0.000117923 0.323644
0.00544336 0.0312887 0.00770911 0.0300349 0.000228139 0.172251
0.00502328 0.032758 0.00770911 0.0300349 0.00119487 1.20754
0.0142945 0.0461761 0.0138782 0.0434027 8.30703e-05 0.00212562
0.0138782 0.0434027 0.0153706 0.0451639 0.000219334 0.00691968
0.0120432 0.0311774 0.0119076 0.030274 8.46169e-05 0.00193391
0.00664838 0.0348709 0.0119076 0.030274 0.000289273 0.119535
0.0115525 0.027908 0.0175072 0.0246126 0.000205663 0.0730795
0.015165 0.0274268 0.0175072 0.0246126 3.46511e-05 0.00164352
-0.00126987 0.0417919 -0.0103577 0.0497353 0.000162871 6.9006e-05
-0.00126987 0.0417919 0.000762129 0.0447311 5.90886e-05 0.00221026
0.00425806 0.0405309 0.0103954 0.0460197 0.000162064 0.0650358
0.00203864 0.0431975 0.00425806 0.0405309 2.63781e-05 0.000803659
0.00309769 0.0394932 0.00425806 0.0405309 0.000162107 0.0652721
0.00203864 0.0431975 0.00309769 0.0394932 2.13905e-05 1.66817e-05
0.00223883 0.0387251 0.00367658 0.0374684 0.000298486 0.369754
0.00309769 0.0394932 0.00367658 0.0374684 2.16153e-05 0.00112211
0.00781914 0.0362525 0.0120593 0.0412562 0.000386863 0.099354
0.00425806 0.0405309 0.00781914 0.0362525 2.63434e-05 0.00236413
0.00781914 0.0362525 0.0120432 0.0311774 3.10879e-05 0.00126182
0.0131062 0.0382591 0.0120432 0.0311774 9.38351e-05 0.00160554
0.00371968 0.0490092 0.00945447 0.0487133 3.14554e-05 0.00382396
0.00945447 0.0487133 0.0103954 0.0460197 0.000258761 0.000446756
0.0103954 0.0460197 0.0124794 0.0478835 0.000161201 0.00325319
0.0103954 0.0460197 0.0120593 0.0412562 0.000259377 0.0390596
0.0120593 0.0412562 0.0138782 0.0434027 0.000219423 0.00738555
0.0120593 0.0412562 0.0131062 0.0382591 0.000369219 0.127152
0.0138782 0.0434027 0.0131062 0.0382591 8.31326e-05 0.00336105
0.0313775 0.0169369 0.0317427 0.0167348 0.000141257 0.0904225
0.0317427 0.0167348 0.0394669 0.014854 0.000156184 0.109517
0.0376915 0.0138938 0.0390393 0.0134246 0.000394553 2.82608
0.0376915 0.0138938 0.0394669 0.014854 0.000450787 0.13596
0.0358009 0.00263369 0.0363161 0.00367761 8.31385e-05 0.000425095
0.0363161 0.00367761 0.0415878 0.00433147 0.000130492 0.156208
0.00438304 -0.0198564 0.0051786 -0.0145562 9.45912e-05 0.04479
0.00438304 -0.0198564 0.0017112 -0.0136216 0.000116996 0.00726561
0.00387979 -0.0232092 0.00438304 -0.0198564 9.61499e-05 0.0456215
0.00387979 -0.0232092 0.00581157 -0.0250544 0.000109496 0.0359843
0.00387531 -0.023239 0.00387979 -0.0232092 9.83289e-05 0.0448092
0.00387531 -0.023239 0.00581157 -0.0250544 0.000156438 0.0752163
0.00371497 -0.0243073 0.00387531 -0.023239 0.000100796 0.0406652
-0.00300402 -0.016789 0.00371497 -0.0243073 0.000298888 0.223789
0.0313377 0.0168335 0.0317427 0.0167348 0.000165788 0.129188
0.0313377 0.0168335 0.0313775 0.0169369 9.04307e-05 0.00498979
0.0209244 0.00482588 0.0253302 0.00326358 0.000160195 0.132258
0.0209244 0.00482588 0.0241711 0.00658176 0.000531487 0.564438
0.0242566 0.00218183 0.0254374 0.00148353 0.000517385 1.41645
0.0242566 0.00218183 0.0256477 0.00235438 0.000204223 0.169559
0.0203295 0.00450413 0.0242566 0.00218183 0.000520941 1.42683
0.0203295 0.00450413 0.0209244 0.00482588 0.000534047 0.566801
0.00870661 0.0198747 0.00978205 0.0161131 2.45451e-05 0.00184915
0.0101839 0.0187903 0.00978205 0.0161131 9.73326e-05 0.00893275
-0.0174246 0.0184246 -0.0110535 0.0161654 0.000151164 0.16366
-0.0174246 0.0184246 -0.0140892 0.0232492 5.86571e-05 0.0150167
-0.0385093 -0.0184192 -0.0218692 -0.0369794 5.41372e-05 0.00609993
-0.0385093 -0.0184192 -0.0372237 -0.016902 0.000315455 0.442963
0.0408212 0.0128043 0.047993 0.0103078 0.000391406 2.86332
0.0403972 0.0119455 0.0408212 0.0128043 0.000135035 0.00761102
0.0117214 0.0485964 0.0124794 0.0478835 7.21898e-05 4.91719e-05
0.0124794 0.0478835 0.0131918 0.0485206 0.000161201 0.00126429
0.0145618 0.0497459 0.0148086 0.049601 3.56763e-05 0.00489979
0.0148086 0.049601 0.0146352 0.0484461 8.30702e-05 0.00173798
0.0131918 0.0485206 0.0146352 0.0484461 3.09266e-05 0.000974224
0.0138625 0.00184068 0.014069 0.00111839 2.38455e-05 0.00365992
0.014069 0.00111839 0.0144448 0.00132159 0.000836115 1.14668
0.0147961 0.00100841 0.0242566 0.00218183 0.000188353 0.128399
0.0144448 0.00132159 0.0147961 0.00100841 0.000290217 0.282604
0.0141243 0.000925088 0.0144284 -0.000138394 4.34065e-05 0.00432053
0.0144284 -0.000138394 0.017402 -0.00131493 0.000225799 0.167248
0.0233622 -0.00391516 0.0259314 -0.00468961 0.000303344 0.36785
0.0233622 -0.00391516 0.023443 -0.00370508 8.59112e-05 0.00251767
0.0187637 -0.00252893 0.0233622 -0.00391516 0.000306297 0.358487
0.017402 -0.00131493 0.0187637 -0.00252893 0.000275593 0.244495
0.0275068 -0.0090161 0.0297346 -0.00965597 6.61265e-05 0.0174888
0.0270459 -0.00991294 0.0275068 -0.0090161 3.40412e-05 0.00884333
0.0253428 -0.00839457 0.0275068 -0.0090161 6.64119e-05 0.0173303
0.0225854 -0.0059362 0.0253428 -0.00839457 0.000148888 0.0127782
0.0225854 -0.0059362 0.0233622 -0.00391516 6.64392e-05 0.0300737
0.0187637 -0.00252893 0.0225854 -0.0059362 0.00014903 0.0156255
0.0216353 -0.00840786 0.0267548 -0.0104793 9.87428e-05 0.0249082
0.0216353 -0.00840786 0.0220085 -0.00743691 6.66685e-05 0.0281601
0.0267349 -0.015888 0.0330102 -0.0190626 3.59351e-05 0.00435474
0.0267349 -0.015888 0.0325395 -0.0173759 2.52058e-05 0.00319402
0.0200584 -0.0125104 0.0245446 -0.01478 3.42881e-05 0.00257255
0.0200584 -0.0125104 0.0216353 -0.00840786 7.3068e-05 0.0481471
0.026667 -0.0158706 0.0267349 -0.015888 2.81546e-05 0.00338753
0.0247164 -0.0198224 0.026667 -0.0158706 8.65041e-05 0.0613702
0.0242964 -0.0152629 0.026667 -0.0158706 2.38515e-05 0.00274262
0.0222895 -0.0191682 0.0242964 -0.0152629 3.63549e-05 0.0113588
0.0185933 -0.0263604 0.0199569 -0.023707 3.97217e-05 0.0116244
0.0170303 -0.0247483 0.0199569 -0.023707 0.000329376 0.886771
0.0210549 -0.0233163 0.0207342 -0.0221945 2.43924e-05 0.00167256
0.0199569 -0.023707 0.0210549 -0.0233163 0.000328927 0.888039
0.0169698 -0.0355163 0.0194191 -0.0305542 8.40838e-05 0.0514568
0.0194191 -0.0305542 0.0234218 -0.031595 5.19259e-05 0.0147424
0.0194191 -0.0305542 0.0197 -0.0299852 8.41474e-05 0.0531107
0.0197 -0.0299852 0.021715 -0.0295804 0.000129612 0.130166
0.0197 -0.0299852 0.0205122 -0.0283397 8.59656e-05 0.0537864
0.0205122 -0.0283397 0.021715 -0.0295804 0.000284292 0.120185
0.0205122 -0.0283397 0.0216341 -0.0260669 8.65473e-05 0.0581782
0.0216341 -0.0260669 0.0218274 -0.0260184 0.000114692 0.116197
0.0291917 -0.0473869 0.0295304 -0.047293 9.63675e-05 0.0186299
0.00770911 0.0300349 0.0113219 0.0263719 0.00118648 1.23807
0.0113219 0.0263719 0.0115525 0.027908 0.000186069 0.0101107
0.0113219 0.0263719 0.0162766 0.0213483 0.00116697 1.26124
0.0162766 0.0213483 0.0193919 0.0202638 0.000496908 0.67412
-0.0107736 0.0270877 -0.00179886 0.0249024 0.000130872 0.124587
-0.0107736 0.0270877 -0.0078143 0.0297343 0.00054794 2.01215
-0.0158391 0.0283212 -0.0113401 0.0272257 0.00053891 2.13188
-0.0165246 0.0289324 -0.0158391 0.0283212 0.00060394 1.70532
0.00904148 0.0111793 0.0116303 0.00964834 0.000280936 0.488629
0.00978205 0.0161131 0.00904148 0.0111793 9.16069e-05 0.00953159
-0.00774825 0.0211078 -0.00592698 0.0200308 0.000295268 0.563653
-0.0125871 0.0254219 -0.00774825 0.0211078 0.000169128 0.15553
-0.0125074 0.0255371 -0.0113401 0.0272257 6.30846e-05 0.0205517
-0.0125074 0.0255371 -0.0107736 0.0270877 0.000201302 0.257703
-0.0125871 0.0254219 -0.0125074 0.0255371 5.72181e-05 0.0166902
-0.0126117 0.0254439 -0.0125871 0.0254219 0.000168754 0.154377
-0.0135945 0.024565 -0.0132999 0.0243908 0.000300265 0.580442
-0.0135945 0.024565 -0.0126117 0.0254439 0.000187328 0.225036
-0.0191786 0.00439278 -0.00815148 0.0012256 9.29869e-05 0.0591554
-0.0191786 0.00439278 -0.017431 0.00645512 0.000323465 0.81972
-0.0280952 0.0115966 -0.0280045 0.0116777 0.000205143 0.322349
-0.0280952 0.0115966 -0.0269532 0.0112523 0.000467735 1.7264
-0.0173055 -0.00297324 -0.0149788 -0.00519563 0.000127383 0.0426997
-0.0173055 -0.00297324 -0.015546 -0.00275501 0.000124786 0.102976
-0.0196786 0.00186924 -0.0198142 0.00364269 8.57143e-05 0.0216906
-0.0205196 0.00281026 -0.0196786 0.00186924 0.000291972 0.209423
-0.0217903 0.00131067 -0.0194662 -0.000909324 0.000121792 0.0407596
-0.0217903 0.00131067 -0.0205196 0.00281026 0.000288189 0.449778
-0.00550027 -0.00150901 -0.00358144 -0.00127101 0.000118139 0.19123
-0.00550027 -0.00150901 -0.00187863 -0.00524458 0.000288788 0.222956
-0.0194296 -0.00138849 -0.0194662 -0.000909324 9.93491e-05 0.0151848
-0.0194296 -0.00138849 -0.0176886 -0.00302077 0.000179463 0.0920517
-0.0176886 -0.00302077 -0.0173055 -0.00297324 0.000130008 0.101877
-0.0176886 -0.00302077 -0.0155158 -0.00505798 0.000175067 0.0857674
-0.0220197 0.00104 -0.0217903 0.00131067 0.000293019 0.441366
-0.0220197 0.00104 -0.0194296 -0.00138849 0.000180835 0.091323
-0.0341654 -0.0400639 -0.0332804 -0.0406268 0.000135913 0.0611308
-0.0341654 -0.0400639 -0.0218692 -0.0369794 0.000133441 0.0983209
0.0128788 0.000474693 0.0135888 0.000858667 0.000844825 1.14807
0.0128788 0.000474693 0.0144284 -0.000138394 0.000229144 0.164889
0.00929331 0.000325885 0.0114189 -0.000314861 0.000469473 2.01769
0.00929331 0.000325885 0.0123094 0.00069998 0.00018642 0.200431
0.00837422 0.00673381 0.00773991 0.00250792 9.43909e-05 0.0195643
0.00773991 0.00250792 0.0123094 0.00069998 0.000127835 0.132233
-0.0110535 0.0161654 -0.0104318 0.0147147 0.000125258 0.0494357
-0.0104318 0.0147147 -0.00963023 0.0156607 0.000250358 0.30454
-0.0104318 0.0147147 -0.00784293 0.00867334 0.000119084 0.052578
-0.00784293 0.00867334 0.00773991 0.00250792 0.000128836 0.136937
-0.00916965 0.0022758 -0.00815148 0.0012256 0.000293601 0.257371
-0.00916965 0.0022758 -0.00570439 0.000522754 3.83896e-05 0.0112986
-0.0201866 0.00851437 -0.0168351 0.00715826 0.000146321 0.160231
-0.0201866 0.00851437 -0.0202413 0.009229 0.000141934 0.051486
-0.023382 0.00980732 -0.0201866 0.00851437 0.000157059 0.183477
-0.023382 0.00980732 -0.0231712 0.0101122 0.000101721 0.0909874
-0.0267553 0.0111722 -0.023382 0.00980732 0.000168939 0.204914
-0.0267553 0.0111722 -0.023557 0.00955423 5.67536e-05 0.021333
0.00861096 -0.0277439 0.00862282 -0.0277397 0.000332833 0.828918
0.00862282 -0.0277397 0.00863331 -0.0277497 0.000113796 0.0177497
0.00862282 -0.0277397 0.00866106 -0.0277261 0.000332542 0.834605
0.00866106 -0.0277261 0.0087066 -0.0277688 0.000161396 0.0377183
0.0141232 -0.0279509 0.0150887 -0.0254391 7.79892e-05 0.0409963
0.0141232 -0.0279509 0.0183164 -0.0268991 0.000114154 0.0998545
0.0183068 -0.030265 0.0194191 -0.0305542 5.52795e-05 0.0164249
0.0183068 -0.030265 0.0197 -0.0299852 0.000130296 0.130669
0.0167894 -0.0298705 0.0183068 -0.030265 5.35661e-05 0.01585
0.0163886 -0.0306503 0.0167894 -0.0298705 3.93515e-05 0.0107045
0.0128093 -0.0313692 0.0136947 -0.0290658 7.72443e-05 0.0401696
0.0128093 -0.0313692 0.0163886 -0.0306503 0.000131418 0.129923
0.0127397 -0.0315502 0.0128093 -0.0313692 8.0071e-05 0.0443315
0.0127397 -0.0315502 0.01489 -0.0335663 0.000157492 0.0396643
0.0169039 -0.0356497 0.0274652 -0.0457378 9.63783e-05 0.0185167
0.0158179 -0.0378499 0.0169039 -0.0356497 7.53445e-05 0.0525337
0.014835 -0.0336735 0.0169039 -0.0356497 0.000101693 0.0163782
0.0138311 -0.0356268 0.014835 -0.0336735 3.49428e-05 0.010454
0.012593 -0.0314127 0.0128093 -0.0313692 0.000130846 0.127077
0.012593 -0.0314127 0.0127397 -0.0315502 0.000164732 0.0400238
0.0124898 -0.0314334 0.012593 -0.0314127 0.000132055 0.130779
0.0124898 -0.0314334 0.0127054 -0.0316394 0.000115377 0.017374
0.0446417 -0.0371126 0.0438293 -0.0251386 0.000434765 0.00424228
0.0438293 -0.0251386 0.0440694 -0.0250904 0.00013 0.360763
0.0437869 -0.0245145 0.0446821 -0.0249673 3.78082e-05 0.0253618
0.0437869 -0.0245145 0.0438103 -0.0248594 0.000492747 0.0140372
-0.0312417 -0.0419235 -0.0207753 -0.0381995 0.000338292 0.663442
-0.0207753 -0.0381995 -0.0162276 -0.043272 5.58756e-05 0.00851285
0.0124523 -0.00469219 0.0161591 -0.00619204 9.47353e-05 0.00854327
0.0124523 -0.00469219 0.0160235 -0.00571791 7.07214e-05 0.00773604
-0.0168058 -0.0357093 -0.0172736 -0.0295896 9.3713e-05 0.00660882
-0.0168058 -0.0357093 -0.0102404 -0.0340624 0.000126802 0.0952366
-0.00243879 -0.00112928 0.00651414 -0.00565849 3.7252e-05 0.014852
-0.00243879 -0.00112928 -0.00070239 -0.000913913 0.000117232 0.215999
-0.017431 0.00645512 -0.00916965 0.0022758 3.93408e-05 0.00885072
-0.017431 0.00645512 -0.0168351 0.00715826 0.000322897 0.821525
-0.0202413 0.009229 -0.0161305 0.00798981 0.000460167 1.672
-0.0202413 0.009229 -0.0205842 0.0137145 0.000145844 0.123124
-0.0231712 0.0101122 -0.0202413 0.009229 0.000462034 1.6883
-0.0231712 0.0101122 -0.0206601 0.0137445 9.69918e-05 0.104941
-0.0205938 0.0138404 -0.020612 0.0140781 0.000111616 0.176624
-0.0205938 0.0138404 -0.0205055 0.0139682 8.12183e-05 0.147514
0.0181373 0.0238556 0.0193919 0.0202638 0.000367374 0.0706149
0.0193919 0.0202638 0.0218346 0.0194136 0.000414764 0.924565
0.0221123 0.0190799 0.0243782 0.0185281 0.00030029 0.533565
0.0218346 0.0194136 0.0221123 0.0190799 5.63403e-05 0.00575856
-0.0079627 0.0321109 -0.00642169 0.0309798 9.43753e-05 0.0426154
-0.00642169 0.0309798 -0.00167286 0.0352268 0.000286759 0.5623
-7.21369e-06 0.0270167 0.00740212 0.0244375 0.000220571 0.21164
-7.21369e-06 0.0270167 0.00419724 0.0319783 0.000565424 2.46163
-0.00193877 0.027689 -0.000396682 0.0265571 0.00014514 0.118779
-0.000396682 0.0265571 -7.21369e-06 0.0270167 0.000287281 0.473541
0.00498158 0.0329039 0.00502328 0.032758 3.6283e-05 0.00121811
0.00493436 0.0328482 0.00502328 0.032758 0.00124386 1.15961
-0.0231368 0.0471047 -0.00466419 0.0368821 0.000139228 0.0839532
-0.00466419 0.0368821 -0.00126987 0.0417919 6.86924e-05 0.0382354
-0.00466419 0.0368821 -0.00167286 0.0352268 0.000128722 0.0784989
-0.00167286 0.0352268 0.00223883 0.0387251 0.000265026 0.447078
-0.00167286 0.0352268 0.00419724 0.0319783 0.000191963 0.275378
0.00419724 0.0319783 0.00493436 0.0328482 0.000554017 2.5361
0.0232593 0.00919225 0.0256937 0.00740522 0.000104457 0.0769658
0.0256937 0.00740522 0.0282438 0.00878432 0.000781928 1.4834
0.0256937 0.00740522 0.0272691 0.00624878 9.22994e-05 0.0551489
0.0282438 0.00878432 0.0272691 0.00624878 0.000117616 0.0285973
0.0338746 0.00337478 0.0350615 0.00352199 0.000126081 0.129191
0.0331377 0.0019409 0.0338746 0.00337478 3.40516e-05 1.85531e-05
0.0247164 -0.0198224 0.0282205 -0.0207668 2.71379e-05 0.00371978
0.0234044 -0.0224804 0.0247164 -0.0198224 8.74869e-05 0.0609662
0.0275068 -0.0090161 0.0287646 -0.00656861 3.38515e-05 0.00872923
0.0287646 -0.00656861 0.0284573 -0.00568901 0.000309084 0.319197
0.0292206 -0.00568115 0.0311627 -0.00190211 4.94625e-05 0.0181707
0.0311627 -0.00190211 0.0330199 -0.00300032 0.000435058 1.6678
0.0266737 -0.015857 0.0288249 -0.011499 8.5416e-05 0.0615258
0.0284509 -0.0111656 0.0288249 -0.011499 0.000162584 0.0112055
0.0288998 -0.0113472 0.0297346 -0.00965597 8.0128e-05 0.0493732
0.0297346 -0.00965597 0.0298551 -0.00969057 7.1817e-05 0.0209717
0.0297981 -0.00952739 0.0311641 -0.00675996 8.82641e-05 0.101731
0.0311641 -0.00675996 0.0432496 -0.0115417 0.000138568 0.172954
0.0311641 -0.00675996 0.0313759 -0.00633085 8.90001e-05 0.113325
0.0313759 -0.00633085 0.0435821 -0.0100104 0.000334385 1.1887
0.0290139 0.0107879 0.0299248 0.00969347 7.30532e-05 0.0320044
0.0299248 0.00969347 0.0333401 0.0115405 0.000779064 1.49108
0.0343745 0.00434743 0.0350615 0.00352199 3.61714e-05 0.0163198
0.0350615 0.00352199 0.0363161 0.00367761 0.000125737 0.131263
0.0428417 -0.0134206 0.0432496 -0.0115417 8.26971e-05 0.224604
0.0432496 -0.0115417 0.0497351 -0.0141077 0.000135571 0.247489
0.0462178 -0.0108049 0.0472434 -0.0111141 0.000433779 1.99592
0.0462178 -0.0108049 0.0477308 -0.0116996 0.000301969 0.880664
-0.0079627 0.0321109 -0.00466419 0.0368821 5.49115e-05 0.0189831
-0.0224412 0.042739 -0.0079627 0.0321109 6.78437e-05 0.017403
0.00873655 0.00914773 0.0121161 0.00794934 0.000142177 0.123756
0.00904148 0.0111793 0.00873655 0.00914773 9.87069e-05 0.0192821
-0.00774825 0.0211078 -0.0061909 0.0197194 0.000184518 0.191132
-0.0061909 0.0197194 -0.00592698 0.0200308 0.000265099 0.338678
0.00221908 -0.000551554 0.00699088 -0.00248235 0.000109237 0.188664
0.00221908 -0.000551554 0.00737671 8.81628e-05 0.000102414 0.108256
0.00651414 -0.00565849 0.00689861 -0.00309706 0.00010284 0.173333
0.00651414 -0.00565849 0.0176116 -0.0112726 3.23275e-05 0.0014606
0.0405268 -0.0240839 0.0438179 -0.0249709 2.73902e-05 0.0139101
0.0401368 -0.0258803 0.0405268 -0.0240839 8.68513e-05 0.0330178
0.0352305 -0.0226563 0.0405268 -0.0240839 2.87271e-05 0.0119396
0.0352305 -0.0226563 0.0384951 -0.0218374 0.000120372 0.20771
0.0189592 -0.0267379 0.0205122 -0.0283397 0.000285611 0.121071
0.0189592 -0.0267379 0.0216341 -0.0260669 0.000116186 0.112621
0.0167894 -0.0298705 0.0183164 -0.0268991 3.79924e-05 0.0105596
0.0183164 -0.0268991 0.0189592 -0.0267379 0.000113192 0.10056
0.0170303 -0.0247483 0.0185933 -0.0263604 0.000288079 0.126097
0.0150887 -0.0254391 0.0170303 -0.0247483 0.000331728 0.853263
0.00714719 -0.0263067 0.00438304 -0.0198564 0.000117712 0.00594916
0.00714719 -0.0263067 0.00866106 -0.0277261 0.000155513 0.072848
0.0117229 -0.0285531 0.0136947 -0.0290658 5.41142e-05 0.0149399
0.0117229 -0.0285531 0.0141232 -0.0279509 0.000115249 0.0999027
0.0100032 -0.0289844 0.012593 -0.0314127 0.00015838 0.0375718
0.0100032 -0.0289844 0.0117229 -0.0285531 0.000115628 0.0993331
0.00863331 -0.0277497 0.0087066 -0.0277688 5.70191e-05 0.016183
0.00863331 -0.0277497 0.00994201 -0.0289998 0.000113293 0.017758
0.00994201 -0.0289998 0.0100032 -0.0289844 0.000114641 0.0982411
0.00994201 -0.0289998 0.0124898 -0.0314334 0.000111169 0.0175356
0.0306862 -0.0120701 0.0298551 -0.00969057 0.000311339 0.341494
0.0409692 -0.0162308 0.0306862 -0.0120701 8.6632e-05 0.000377742
0.0399979 -0.0214604 0.0411596 -0.021169 0.000115202 0.210317
0.0365775 -0.0184109 0.0399979 -0.0214604 0.000176065 0.440655
0.0401368 -0.0258803 0.0438293 -0.0251386 0.000131047 0.324862
0.0383635 -0.0340489 0.0401368 -0.0258803 7.95428e-05 0.0544908
0.000762129 0.0447311 0.00135499 0.0455887 5.41243e-05 0.00205707
0.000762129 0.0447311 -0.00309095 0.0493605 2.63146e-05 6.14021e-05
0.000762129 0.0447311 0.00203864 0.0431975 2.74493e-05 0.000642922
0.00135499 0.0455887 0.00203864 0.0431975 2.15545e-05 0.000181311
0.000327051 0.0491842 0.00371968 0.0490092 3.09266e-05 0.000524774
0.0198986 0.0232893 0.0313775 0.0169369 0.00014658 0.0930998
0.0313775 0.0169369 0.0350957 0.0266099 9.12941e-05 0.0145136
0.0394669 0.014854 0.0397398 0.0147875 0.000131328 0.34943
0.0394669 0.014854 0.0398921 0.015084 0.000452698 0.0718002
0.00581157 -0.0250544 0.00716424 -0.0263465 0.000108876 0.0360837
0.00581157 -0.0250544 0.00714719 -0.0263067 0.000155821 0.0755872
0.0254374 0.00148353 0.0260859 0.00110009 0.000515897 1.42462
0.025707 0.00218477 0.0254374 0.00148353 8.19966e-05 0.00714292
0.0256477 0.00235438 0.0257784 0.00237058 0.000113373 0.104259
0.0253302 0.00326358 0.0256477 0.00235438 0.000313302 0.433922
0.0131918 0.0485206 0.0145618 0.0497459 0.000161201 0.0010844
0.0117214 0.0485964 0.0131918 0.0485206 3.09266e-05 3.65859e-05
0.0121161 0.00794934 0.0138625 0.00184068 2.3232e-05 0.00322043
0.00837422 0.00673381 0.0138625 0.00184068 0.000167209 0.19684
0.0144448 0.00132159 0.0203295 0.00450413 0.000795351 1.14369
0.0138625 0.00184068 0.0144448 0.00132159 0.000166739 0.197321
0.0259314 -0.00468961 0.0284573 -0.00568901 0.000142796 0.0718531
0.0259314 -0.00468961 0.0283644 -0.00542305 0.000328304 0.440533
0.023443 -0.00370508 0.0259314 -0.00468961 0.000221604 0.195411
0.023443 -0.00370508 0.0254374 0.00148353 0.000110827 0.013729
0.017402 -0.00131493 0.023443 -0.00370508 0.000228477 0.195245
0.0147961 0.00100841 0.017402 -0.00131493 0.000284497 0.260902
0.0245446 -0.01478 0.0267548 -0.0104793 3.49761e-05 0.010814
0.0267548 -0.0104793 0.0284509 -0.0111656 9.5351e-05 0.0254243
0.0267548 -0.0104793 0.0270459 -0.00991294 3.98127e-05 0.0103863
0.0253428 -0.00839457 0.0270459 -0.00991294 0.000148681 0.0111567
0.0266737 -0.015857 0.0267349 -0.015888 3.82843e-05 0.0036992
0.026667 -0.0158706 0.0266737 -0.015857 8.57872e-05 0.0615338
0.0245446 -0.01478 0.0266737 -0.015857 3.41292e-05 0.00346027
0.0242964 -0.0152629 0.0245446 -0.01478 3.57849e-05 0.0114048
0.0169039 -0.0356497 0.0169698 -0.0355163 7.90721e-05 0.0485514
0.0169698 -0.0355163 0.0273164 -0.0452172 0.000143609 0.0399697
0.021715 -0.0295804 0.0227844 -0.0293656 0.000135123 0.177215
0.021715 -0.0295804 0.0233188 -0.0312346 0.000273993 0.0988825
-0.00179886 0.0249024 0.00367248 0.0235701 0.000144143 0.102238
-0.00179886 0.0249024 -0.000396682 0.0265571 0.000276123 0.432694
-0.00592698 0.0200308 0.00904148 0.0111793 0.000282039 0.490369
-0.00592698 0.0200308 -0.00179886 0.0249024 0.000281458 0.418921
-0.0158391 0.0283212 -0.0126117 0.0254439 0.000190716 0.189359
-0.0126117 0.0254439 -0.0125074 0.0255371 0.000201499 0.259145
-0.00815148 0.0012256 -0.00570439 0.000522754 8.01781e-05 0.0641455
-0.00815148 0.0012256 -0.00550027 -0.00150901 0.000295352 0.257056
-0.0198142 0.00364269 -0.0198871 0.00459629 0.000107934 0.0208023
-0.0198142 0.00364269 -0.0191786 0.00439278 0.000323392 0.815643
-0.0228853 0.00545744 -0.0205196 0.00281026 0.000363984 0.537615
-0.0205196 0.00281026 -0.0198142 0.00364269 0.000325586 0.811335
0.0135888 0.000858667 0.014069 0.00111839 0.00083729 1.14522
0.0135888 0.000858667 0.0141243 0.000925088 0.000184803 0.0885433
0.0123094 0.00069998 0.0135888 0.000858667 0.000101546 0.0524908
0.0123094 0.00069998 0.0128788 0.000474693 0.000178559 0.274073
0.00873655 0.00914773 0.00837422 0.00673381 9.52546e-05 0.0300924
0.0036393 0.0109552 0.00837422 0.00673381 0.000167877 0.189983
-0.0168351 0.00715826 -0.0120106 0.00520616 0.000122359 0.0965934
-0.0168351 0.00715826 -0.0161305 0.00798981 0.000326375 0.848393
0.01489 -0.0335663 0.0163886 -0.0306503 3.88709e-05 0.0111025
0.0163886 -0.0306503 0.0183068 -0.030265 0.000131434 0.129986
0.01489 -0.0335663 0.0169698 -0.0355163 0.000155568 0.0400316
0.014835 -0.0336735 0.01489 -0.0335663 3.71229e-05 0.0111092
-0.0161305 0.00798981 -0.0141226 0.00738455 0.000313802 0.740371
-0.0161305 0.00798981 -0.0154677 0.00877195 0.000464216 1.75342
0.0218346 0.0194136 0.0243782 0.0185281 0.000413627 0.926519
0.0181373 0.0238556 0.0218346 0.0194136 3.08566e-05 0.00261905
0.00367658 0.0374684 0.00498158 0.0329039 3.30648e-05 0.00418748
0.00664838 0.0348709 0.00498158 0.0329039 0.000398213 0.0935697
0.00498158 0.0329039 0.00493436 0.0328482 0.000391603 0.0953898
0.0282438 0.00878432 0.0299248 0.00969347 0.000781291 1.48499
0.0290139 0.0107879 0.0282438 0.00878432 0.000126477 0.0289788
0.025707 0.00218477 0.0260859 0.00110009 0.000334399 0.47019
0.0260859 0.00110009 0.0311627 -0.00190211 0.000435965 1.6633
0.0284573 -0.00568901 0.0283644 -0.00542305 0.000307053 0.272781
0.0284573 -0.00568901 0.0290883 -0.00593867 0.000140083 0.179612
0.0290883 -0.00593867 0.0292206 -0.00568115 4.05903e-05 0.0220898
0.0292206 -0.00568115 0.0313759 -0.00633085 0.000336574 1.17488
0.0270459 -0.00991294 0.0284509 -0.0111656 0.000152297 0.0116303
0.0284509 -0.0111656 0.0288998 -0.0113472 9.11457e-05 0.0260425
0.0288249 -0.011499 0.0288998 -0.0113472 8.27766e-05 0.0528525
0.0288998 -0.0113472 0.0306862 -0.0120701 9.57322e-05 0.0291693
0.0221123 0.0190799 0.0290139 0.0107879 4.78136e-05 0.0122194
0.0303184 0.0141817 0.0290139 0.0107879 0.000170431 0.0317955
0.00135499 0.0455887 0.00371968 0.0490092 5.15789e-05 0.00201739
0.00135499 0.0455887 0.000327051 0.0491842 2.13905e-05 0.000157763
-0.00309095 0.0493605 0.000327051 0.0491842 3.09266e-05 0.000415656
0.0257784 0.00237058 0.0260267 0.00301657 7.95902e-05 0.00697985
0.0257784 0.00237058 0.027312 0.0025608 0.000113744 0.107296
0.025707 0.00218477 0.0257784 0.00237058 8.49136e-05 0.011066
0.0256477 0.00235438 0.025707 0.00218477 0.000334439 0.474695
0.0283644 -0.00542305 0.0292206 -0.00568115 0.000336549 1.17497
0.0260859 0.00110009 0.0283644 -0.00542305 0.000474705 0.351903
0.0290883 -0.00593867 0.0311641 -0.00675996 0.000140032 0.17905
0.0287646 -0.00656861 0.0290883 -0.00593867 3.94554e-05 0.0204939
