0.1	0
0.108437	0
0.117585	0
0.127505	0
0.138262	0
0.149927	0
0.162576	0
0.176291	0
0.191164	0
0.207292	0
0.224781	0
0.243744	0
0.264308	0
0.286607	0
0.310787	0
0.337006	0
0.365438	0
0.396269	0
0.4297	0
0.465953	0
0.505263	0
0.54789	0
0.594113	0
0.644236	0
0.698588	0
0.757525	0
0.821434	0
0.890735	0
0.965883	0
1.04737	0
1.13573	0
1.23155	0
1.33545	0
1.44812	0
1.57029	0
1.70277	0
1.84642	0
2.0022	0
2.17112	0
2.35429	0
2.55291	0
2.76829	0
3.00184	0
3.25509	0
3.52971	0
3.82749	0
4.1504	0
4.50056	0
4.88025	0
5.29198	0
5.73844	0
6.22257	0
6.74754	0
7.31681	0
7.9341	0
8.60346	0
9.3293	0
10.1164	0
10.9699	0
11.8953	0
12.8989	0
13.9871	0
15.1672	0
16.4468	0
17.8343	0
19.3389	0
20.9705	0
22.7397	0
24.6581	0
26.7384	0
28.9942	0
31.4404	0
34.0929	0
36.9691	0
40.0881	0
43.4701	0
47.1375	0
51.1143	0
55.4266	0
60.1028	0
65.1734	0
70.6718	0
76.6341	0
83.0994	0
90.1102	0
97.7124	0
105.956	0
114.895	0
124.588	2.85471e-07
135.099	3.51015e-07
146.497	6.4741e-07
158.857	5.2241e-07
172.259	6.88237e-07
186.791	1.07897e-06
202.55	9.36496e-07
219.639	6.47726e-07
238.169	9.45775e-07
258.262	1.00991e-06
280.05	9.31333e-07
303.677	9.75993e-07
329.297	1.00807e-06
357.079	8.30032e-07
387.204	8.2669e-07
419.871	1.07297e-06
455.294	8.33254e-07
493.705	1.05658e-06
535.357	1.10725e-06
580.523	7.9646e-07
629.499	9.60492e-07
682.607	9.72604e-07
740.196	9.28966e-07
802.643	9.45314e-07
870.359	1.22592e-06
943.788	9.67242e-07
1023.41	1.11209e-06
1109.75	9.18737e-07
1203.38	9.45775e-07
1304.9	9.99387e-07
1414.99	1.0892e-06
1534.37	9.50373e-07
1663.82	1.01894e-06
1804.19	9.52808e-07
1956.4	9.57455e-07
2121.45	1.02826e-06
2300.43	1.0101e-06
2494.51	1.03607e-06
2704.96	9.90527e-07
2933.17	8.28583e-07
3180.63	1.00267e-06
3448.96	9.5216e-07
3739.94	1.01756e-06
4055.46	9.4716e-07
4397.6	1.04061e-06
4768.61	9.91973e-07
5170.92	1.0088e-06
5607.17	1.00431e-06
6080.22	9.86619e-07
6593.19	1.01055e-06
7149.43	1.01318e-06
7752.6	1.00623e-06
8406.65	9.85764e-07
9115.89	9.92303e-07
9884.96	1.00865e-06
10718.9	1.0076e-06
11623.2	9.91422e-07
12603.8	9.9518e-07
13667.2	1.0019e-06
14820.2	1.01274e-06
16070.5	9.9444e-07
17426.3	9.89864e-07
18896.5	1.01449e-06
20490.7	9.93416e-07
22219.5	1.0015e-06
24094	9.97877e-07
26126.8	1.00464e-06
28331	9.97617e-07
30721.1	1.00374e-06
33312.9	9.97892e-07
36123.4	1.00033e-06
39171	1.0012e-06
42475.7	1.00062e-06
46059.2	9.9844e-07
49945.1	1.00099e-06
54158.7	9.98632e-07
58727.9	1.00269e-06
63682.5	9.98218e-07
69055.1	1.00056e-06
74881	1.00172e-06
81198.4	9.99266e-07
88048.8	1.00123e-06
95477.2	1.00057e-06
103532	1.00024e-06
112267	1.00046e-06
121738	9.99656e-07
132009	1.00145e-06
143146	9.98903e-07
155223	1.00077e-06
168318	1.00018e-06
182518	9.99916e-07
197917	1.00101e-06
214614	9.9986e-07
232720	1.00098e-06
252354	9.99818e-07
273644	1.00006e-06
296730	1.00064e-06
321764	1.00042e-06
348910	1.00026e-06
378346	1.00002e-06
410266	1.00056e-06
444878	1.00018e-06
482411	1.0002e-06
523110	1.00039e-06
567243	1.00034e-06
615099	1.00017e-06
666992	9.99355e-07
723263	1.00023e-06
784282	1.00013e-06
850449	1.00039e-06
922198	1.00021e-06
1e+06	0
