0.1	0
0.100785	0
0.101577	0
0.102374	0
0.103178	0
0.103989	0
0.104805	0
0.105628	0
0.106458	0
0.107294	0
0.108136	0
0.108985	0
0.109841	0
0.110704	0
0.111573	0
0.112449	0
0.113332	0
0.114222	0
0.115119	0
0.116023	0
0.116935	0
0.117853	0
0.118778	0
0.119711	0
0.120651	0
0.121599	0
0.122554	0
0.123516	0
0.124486	0
0.125464	0
0.126449	0
0.127442	0
0.128443	0
0.129451	0
0.130468	0
0.131492	0
0.132525	0
0.133566	0
0.134614	0
0.135672	0
0.136737	0
0.137811	0
0.138893	0
0.139984	0
0.141083	0
0.142191	0
0.143308	0
0.144433	0
0.145567	0
0.14671	0
0.147862	0
0.149024	0
0.150194	0
0.151373	0
0.152562	0
0.15376	0
0.154967	0
0.156184	0
0.157411	0
0.158647	0
0.159893	0
0.161149	0
0.162414	0
0.163689	0
0.164975	0
0.16627	0
0.167576	0
0.168892	0
0.170218	0
0.171555	0
0.172902	0
0.17426	0
0.175629	0
0.177008	0
0.178398	0
0.179799	0
0.181211	0
0.182634	0
0.184068	0
0.185513	0
0.18697	0
0.188438	0
0.189918	0
0.19141	0
0.192913	0
0.194428	0
0.195954	0
0.197493	0
0.199044	0
0.200607	0
0.202183	0
0.20377	0
0.205371	0
0.206983	0
0.208609	0
0.210247	0
0.211898	0
0.213562	0
0.215239	0
0.216929	0
0.218633	0
0.22035	0
0.22208	0
0.223824	0
0.225582	0
0.227353	0
0.229139	0
0.230938	0
0.232752	0
0.234579	0
0.236421	0
0.238278	0
0.240149	0
0.242035	0
0.243936	0
0.245851	0
0.247782	0
0.249728	0
0.251689	0
0.253665	0
0.255657	0
0.257665	0
0.259688	0
0.261728	0
0.263783	0
0.265855	0
0.267942	0
0.270046	0
0.272167	0
0.274304	0
0.276458	0
0.278629	0
0.280818	0
0.283023	0
0.285245	0
0.287485	0
0.289743	0
0.292018	0
0.294311	0
0.296623	0
0.298952	0
0.3013	0
0.303666	0
0.30605	0
0.308454	0
0.310876	0
0.313317	0
0.315778	0
0.318258	0
0.320757	0
0.323276	0
0.325814	0
0.328373	0
0.330952	0
0.33355	0
0.33617	0
0.33881	0
0.34147	0
0.344152	0
0.346855	0
0.349578	0
0.352324	0
0.35509	0
0.357879	0
0.360689	0
0.363522	0
0.366376	0
0.369253	0
0.372153	0
0.375076	0
0.378021	0
0.38099	0
0.383982	0
0.386997	0
0.390036	0
0.393099	0
0.396186	0
0.399297	0
0.402433	0
0.405593	0
0.408778	0
0.411988	0
0.415223	0
0.418484	0
0.42177	0
0.425083	0
0.428421	0
0.431785	0
0.435176	0
0.438593	0
0.442037	0
0.445509	0
0.449007	0
0.452533	0
0.456087	0
0.459669	0
0.463278	0
0.466916	0
0.470583	0
0.474279	0
0.478003	0
0.481757	0
0.48554	0
0.489353	0
0.493196	0
0.497069	0
0.500972	0
0.504906	0
0.508871	0
0.512867	0
0.516895	0
0.520954	0
0.525045	0
0.529168	0
0.533324	0
0.537512	0
0.541733	0
0.545987	0
0.550275	0
0.554596	0
0.558951	0
0.56334	0
0.567764	0
0.572223	0
0.576716	0
0.581245	0
0.58581	0
0.59041	0
0.595047	0
0.599719	0
0.604429	0
0.609175	0
0.613959	0
0.618781	0
0.62364	0
0.628537	0
0.633473	0
0.638448	0
0.643461	0
0.648514	0
0.653607	0
0.65874	0
0.663913	0
0.669126	0
0.674381	0
0.679677	0
0.685014	0
0.690394	0
0.695815	0
0.70128	0
0.706787	0
0.712337	0
0.717931	0
0.723569	0
0.729251	0
0.734978	0
0.740749	0
0.746566	0
0.752429	0
0.758338	0
0.764293	0
0.770295	0
0.776344	0
0.78244	0
0.788585	0
0.794778	0
0.801019	0
0.807309	0
0.813649	0
0.820038	0
0.826478	0
0.832968	0
0.83951	0
0.846102	0
0.852747	0
0.859443	0
0.866192	0
0.872994	0
0.87985	0
0.886759	0
0.893723	0
0.900741	0
0.907815	0
0.914944	0
0.922129	0
0.92937	0
0.936668	0
0.944024	0
0.951437	0
0.958909	0
0.966439	0
0.974028	0
0.981677	0
0.989386	0
0.997156	0
1.00499	0
1.01288	0
1.02083	0
1.02885	0
1.03693	0
1.04507	0
1.05328	0
1.06155	0
1.06989	0
1.07829	0
1.08676	0
1.09529	0
1.10389	0
1.11256	0
1.1213	0
1.1301	0
1.13898	0
1.14792	0
1.15693	0
1.16602	0
1.17518	0
1.18441	0
1.19371	0
1.20308	0
1.21253	0
1.22205	0
1.23165	0
1.24132	0
1.25107	0
1.26089	0
1.27079	0
1.28077	0
1.29083	0
1.30097	0
1.31118	0
1.32148	0
1.33186	0
1.34232	0
1.35286	0
1.36348	0
1.37419	0
1.38498	0
1.39586	0
1.40682	0
1.41787	0
1.429	0
1.44022	0
1.45153	0
1.46293	0
1.47442	0
1.486	0
1.49767	0
1.50943	0
1.52128	0
1.53323	0
1.54527	0
1.5574	0
1.56963	0
1.58196	0
1.59438	0
1.6069	0
1.61952	0
1.63224	0
1.64506	0
1.65798	0
1.671	0
1.68412	0
1.69734	0
1.71067	0
1.72411	0
1.73764	0
1.75129	0
1.76504	0
1.7789	0
1.79287	0
1.80695	0
1.82114	0
1.83544	0
1.84986	0
1.86438	0
1.87902	0
1.89378	0
1.90865	0
1.92364	0
1.93875	0
1.95397	0
1.96932	0
1.98478	0
2.00037	0
2.01608	0
2.03191	0
2.04786	0
2.06395	0
2.08015	0
2.09649	0
2.11295	0
2.12955	0
2.14627	0
2.16312	0
2.18011	0
2.19723	0
2.21448	0
2.23187	0
2.2494	0
2.26707	0
2.28487	0
2.30281	0
2.3209	0
2.33912	0
2.35749	0
2.376	0
2.39466	0
2.41347	0
2.43242	0
2.45152	0
2.47077	0
2.49018	0
2.50973	0
2.52944	0
2.5493	0
2.56932	0
2.5895	0
2.60983	0
2.63033	0
2.65098	0
2.6718	0
2.69278	0
2.71393	0
2.73524	0
2.75672	0
2.77837	0
2.80019	0
2.82218	0
2.84434	0
2.86668	0
2.88919	0
2.91188	0
2.93474	0
2.95779	0
2.98102	0
3.00443	0
3.02802	0
3.0518	0
3.07576	0
3.09992	0
3.12426	0
3.1488	0
3.17352	0
3.19844	0
3.22356	0
3.24888	0
3.27439	0
3.3001	0
3.32602	0
3.35214	0
3.37846	0
3.40499	0
3.43173	0
3.45868	0
3.48584	0
3.51321	0
3.5408	0
3.56861	0
3.59663	0
3.62488	0
3.65334	0
3.68203	0
3.71095	0
3.74009	0
3.76946	0
3.79906	0
3.82889	0
3.85896	0
3.88927	0
3.91981	0
3.95059	0
3.98161	0
4.01288	0
4.04439	0
4.07615	0
4.10816	0
4.14042	0
4.17294	0
4.20571	0
4.23874	0
4.27202	0
4.30557	0
4.33938	0
4.37346	0
4.4078	0
4.44242	0
4.4773	0
4.51246	0
4.5479	0
4.58361	0
4.61961	0
4.65588	0
4.69245	0
4.7293	0
4.76644	0
4.80387	0
4.84159	0
4.87961	0
4.91793	0
4.95655	0
4.99547	0
5.0347	0
5.07424	0
5.11409	0
5.15425	0
5.19472	0
5.23552	0
5.27663	0
5.31807	0
5.35983	0
5.40192	0
5.44434	0
5.48709	0
5.53018	0
5.57361	0
5.61738	0
5.66149	0
5.70595	0
5.75076	0
5.79592	0
5.84144	0
5.88731	0
5.93354	0
5.98014	0
6.0271	0
6.07443	0
6.12213	0
6.17021	0
6.21866	0
6.2675	0
6.31671	0
6.36632	0
6.41631	0
6.4667	0
6.51748	0
6.56866	0
6.62025	0
6.67223	0
6.72463	0
6.77744	0
6.83066	0
6.8843	0
6.93836	0
6.99285	0
7.04776	0
7.10311	0
7.15889	0
7.21511	0
7.27177	0
7.32887	0
7.38642	0
7.44443	0
7.50289	0
7.56181	0
7.62119	0
7.68104	0
7.74136	0
7.80215	0
7.86342	0
7.92517	0
7.98741	0
8.05013	0
8.11335	0
8.17706	0
8.24127	0
8.30599	0
8.37122	0
8.43696	0
8.50321	0
8.56999	0
8.63729	0
8.70511	0
8.77347	0
8.84237	0
8.91181	0
8.98179	0
9.05233	0
9.12341	0
9.19506	0
9.26727	0
9.34004	0
9.41339	0
9.48731	0
9.56181	0
9.6369	0
9.71258	0
9.78885	0
9.86572	0
9.9432	0
10.0213	0
10.1	0
10.1793	0
10.2592	0
10.3398	0
10.421	0
10.5028	0
10.5853	0
10.6684	0
10.7522	0
10.8366	0
10.9217	0
11.0075	0
11.094	0
11.1811	0
11.2689	0
11.3574	0
11.4466	0
11.5364	0
11.627	0
11.7183	0
11.8104	0
11.9031	0
11.9966	0
12.0908	0
12.1857	0
12.2814	0
12.3779	0
12.4751	0
12.5731	0
12.6718	0
12.7713	0
12.8716	0
12.9727	0
13.0745	0
13.1772	0
13.2807	0
13.385	0
13.4901	0
13.596	0
13.7028	0
13.8104	0
13.9189	0
14.0282	0
14.1383	0
14.2494	0
14.3613	0
14.474	0
14.5877	0
14.7022	0
14.8177	0
14.9341	0
15.0513	0
15.1695	0
15.2887	0
15.4087	0
15.5297	0
15.6517	0
15.7746	0
15.8985	0
16.0233	0
16.1491	0
16.276	0
16.4038	0
16.5326	0
16.6624	0
16.7933	0
16.9251	0
17.0581	0
17.192	0
17.327	0
17.4631	0
17.6002	0
17.7384	0
17.8777	0
18.0181	0
18.1596	0
18.3022	0
18.446	0
18.5908	0
18.7368	0
18.8839	0
19.0322	0
19.1817	0
19.3323	0
19.4841	0
19.6371	0
19.7914	0
19.9468	0
20.1034	0
20.2613	0
20.4204	0
20.5808	0
20.7424	0
20.9053	0
21.0694	0
21.2349	0
21.4016	0
21.5697	0
21.7391	0
21.9098	0
22.0819	0
22.2553	0
22.43	0
22.6062	0
22.7837	0
22.9626	0
23.1429	0
23.3247	0
23.5079	0
23.6925	0
23.8785	0
24.066	0
24.255	0
24.4455	0
24.6375	0
24.8309	0
25.0259	0
25.2225	0
25.4205	0
25.6201	0
25.8213	0
26.0241	0
26.2285	0
26.4344	0
26.642	0
26.8513	0
27.0621	0
27.2746	0
27.4888	0
27.7047	0
27.9222	0
28.1415	0
28.3625	0
28.5852	0
28.8097	0
29.036	0
29.264	0
29.4938	0
29.7254	0
29.9588	0
30.1941	0
30.4312	0
30.6702	0
30.911	0
31.1538	0
31.3984	0
31.645	0
31.8935	0
32.1439	0
32.3964	0
32.6508	0
32.9072	0
33.1656	0
33.426	0
33.6885	0
33.9531	0
34.2197	0
34.4884	0
34.7593	0
35.0322	0
35.3073	0
35.5846	0
35.864	0
36.1457	0
36.4295	0
36.7156	0
37.0039	0
37.2945	0
37.5874	0
37.8826	0
38.18	0
38.4799	0
38.782	0
39.0866	0
39.3935	0
39.7029	0
40.0147	0
40.3289	0
40.6456	0
40.9648	0
41.2865	0
41.6107	0
41.9375	0
42.2668	0
42.5987	0
42.9332	0
43.2704	0
43.6102	0
43.9527	0
44.2978	0
44.6457	0
44.9963	0
45.3496	0
45.7058	0
46.0647	0
46.4264	0
46.791	0
47.1585	0
47.5288	0
47.902	0
48.2782	0
48.6573	0
49.0394	0
49.4245	0
49.8126	0
50.2038	0
50.5981	0
50.9954	0
51.3959	0
51.7995	0
52.2063	0
52.6162	0
53.0294	0
53.4459	0
53.8656	0
54.2886	0
54.7149	0
55.1446	0
55.5776	0
56.014	0
56.4539	0
56.8972	0
57.3441	0
57.7944	0
58.2482	0
58.7056	0
59.1667	0
59.6313	0
60.0996	0
60.5715	0
61.0472	0
61.5266	0
62.0097	0
62.4967	0
62.9875	0
63.4821	0
63.9806	0
64.4831	0
64.9894	0
65.4998	0
66.0142	0
66.5326	0
67.055	0
67.5816	0
68.1123	0
68.6472	0
69.1863	0
69.7296	0
70.2772	0
70.8291	0
71.3853	0
71.9459	0
72.5108	0
73.0803	0
73.6542	0
74.2326	0
74.8155	0
75.403	0
75.9952	0
76.5919	0
77.1934	0
77.7996	0
78.4106	0
79.0263	0
79.6469	0
80.2724	0
80.9027	0
81.538	0
82.1784	0
82.8237	0
83.4741	0
84.1296	0
84.7903	0
85.4561	0
86.1272	0
86.8036	0
87.4852	0
88.1722	0
88.8646	0
89.5625	0
90.2658	0
90.9747	0
91.6891	0
92.4091	0
93.1348	0
93.8662	0
94.6033	0
95.3462	0
96.0949	0
96.8496	0
97.6101	0
98.3766	0
99.1492	0
99.9278	0
100.713	0
101.503	0
102.3	0
103.104	0
103.914	0
104.73	0
105.552	0
106.381	0
107.216	0
108.058	0
108.907	0
109.762	0
110.624	0
111.493	0
112.368	0
113.251	0
114.14	0
115.036	0
115.94	0
116.85	0
117.768	0
118.693	0
119.625	0
120.564	0
121.511	0
122.465	0
123.427	0
124.396	0
125.373	0
126.357	0
127.35	0
128.35	0
129.358	0
130.374	0
131.397	0
132.429	0
133.469	0
134.517	0
135.574	0
136.638	0
137.711	0
138.793	0
139.883	0
140.981	0
142.088	0
143.204	0
144.329	0
145.462	0
146.604	0
147.756	0
148.916	0
150.085	0
151.264	0
152.452	0
153.649	0
154.856	0
156.072	0
157.297	0
158.533	0
159.777	0
161.032	0
162.297	0
163.571	0
164.856	0
166.15	0
167.455	0
168.77	0
170.095	0
171.431	0
172.777	0
174.134	0
175.502	0
176.88	0
178.269	0
179.669	0
181.08	0
182.502	0
183.935	0
185.379	0
186.835	0
188.302	0
189.781	0
191.271	0
192.773	0
194.287	0
195.813	0
197.351	0
198.9	0
200.462	0
202.037	0
203.623	0
205.222	0
206.834	0
208.458	0
210.095	0
211.745	0
213.408	0
215.084	0
216.773	0
218.475	0
220.191	0
221.92	0
223.662	0
225.419	0
227.189	0
228.973	0
230.771	0
232.583	0
234.41	0
236.251	0
238.106	0
239.976	0
241.86	0
243.76	0
245.674	0
247.603	0
249.547	0
251.507	0
253.482	0
255.473	0
257.479	0
259.501	0
261.539	0
263.593	0
265.663	0
267.749	0
269.851	0
271.971	0
274.106	0
276.259	0
278.428	0
280.615	0
282.818	0
285.039	0
287.278	0
289.534	0
291.807	0
294.099	0
296.408	0
298.736	0
301.082	0
303.446	0
305.829	0
308.231	0
310.652	0
313.091	0
315.55	0
318.028	0
320.525	0
323.042	0
325.579	0
328.136	0
330.713	0
333.31	0
335.927	0
338.565	0
341.224	0
343.903	0
346.604	0
349.326	0
352.069	0
354.834	0
357.62	0
360.429	0
363.259	0
366.112	0
368.987	0
371.884	0
374.805	0
377.748	0
380.715	0
383.704	0
386.717	0
389.754	0
392.815	0
395.9	0
399.009	0
402.142	0
405.3	0
408.483	0
411.691	0
414.924	0
418.182	0
421.466	0
424.776	0
428.111	0
431.473	0
434.862	0
438.277	0
441.718	0
445.187	0
448.683	0
452.207	0
455.758	0
459.337	0
462.944	0
466.579	0
470.243	0
473.936	0
477.658	0
481.409	0
485.189	0
488.999	0
492.84	0
496.71	0
500.61	0
504.542	0
508.504	0
512.497	0
516.522	0
520.578	0
524.666	0
528.786	0
532.938	0
537.124	0
541.342	0
545.593	0
549.877	0
554.195	0
558.547	0
562.934	0
567.354	0
571.81	0
576.3	0
580.826	0
585.387	0
589.984	0
594.617	0
599.286	0
603.992	0
608.736	0
613.516	0
618.334	0
623.189	0
628.083	0
633.016	0
637.987	0
642.997	0
648.046	0
653.135	0
658.264	0
663.433	0
668.643	0
673.894	0
679.186	0
684.52	0
689.895	0
695.313	0
700.773	0
706.276	0
711.823	0
717.412	0
723.046	0
728.724	0
734.447	0
740.214	0
746.027	0
751.886	0
757.79	0
763.741	0
769.739	0
775.783	0
781.875	0
788.015	0
794.204	0
800.44	0
806.726	0
813.061	0
819.446	0
825.881	0
832.367	0
838.903	0
845.491	0
852.131	0
858.822	0
865.567	0
872.364	0
879.215	0
886.119	0
893.078	0
900.091	0
907.159	0
914.283	0
921.463	0
928.699	0
935.992	0
943.342	0
950.75	0
958.216	0
965.741	0
973.325	0
980.968	0
988.672	0
996.436	0
1004.26	0
1012.15	0
1020.1	0
1028.11	0
1036.18	0
1044.32	0
1052.52	0
1060.78	0
1069.11	0
1077.51	0
1085.97	0
1094.5	0
1103.09	0
1111.76	0
1120.49	0
1129.29	0
1138.15	0
1147.09	0
1156.1	0
1165.18	0
1174.33	0
1183.55	0
1192.84	0
1202.21	0
1211.65	0
1221.17	0
1230.76	0
1240.42	0
1250.16	0
1259.98	0
1269.88	0
1279.85	0
1289.9	0
1300.03	0
1310.24	0
1320.53	0
1330.9	0
1341.35	0
1351.88	0
1362.5	0
1373.2	0
1383.98	0
1394.85	0
1405.8	0
1416.84	0
1427.97	0
1439.18	0
1450.48	0
1461.87	0
1473.35	0
1484.92	0
1496.58	0
1508.34	0
1520.18	0
1532.12	0
1544.15	0
1556.28	0
1568.5	0
1580.82	0
1593.23	0
1605.74	0
1618.35	0
1631.06	0
1643.87	0
1656.78	0
1669.79	0
1682.9	0
1696.12	0
1709.44	0
1722.86	0
1736.39	0
1750.03	0
1763.77	0
1777.62	0
1791.58	0
1805.65	0
1819.83	0
1834.12	0
1848.52	0
1863.04	0
1877.67	0
1892.41	0
1907.27	0
1922.25	0
1937.35	0
1952.56	0
1967.89	0
1983.35	0
1998.92	0
2014.62	0
2030.44	0
2046.39	0
2062.46	0
2078.65	0
2094.98	0
2111.43	0
2128.01	0
2144.72	0
2161.56	0
2178.54	0
2195.64	0
2212.89	0
2230.26	0
2247.78	0
2265.43	0
2283.22	0
2301.15	0
2319.22	0
2337.43	0
2355.79	0
2374.29	0
2392.93	0
2411.72	0
2430.66	0
2449.75	0
2468.99	0
2488.38	0
2507.92	0
2527.61	0
2547.46	0
2567.47	0
2587.63	0
2607.95	0
2628.43	0
2649.07	0
2669.87	0
2690.84	0
2711.97	0
2733.27	0
2754.73	0
2776.36	0
2798.17	0
2820.14	0
2842.29	0
2864.61	0
2887.1	0
2909.77	0
2932.62	0
2955.65	0
2978.86	0
3002.26	0
3025.83	0
3049.6	0
3073.54	0
3097.68	0
3122.01	0
3146.52	0
3171.23	0
3196.14	0
3221.23	0
3246.53	0
3272.02	0
3297.72	0
3323.62	0
3349.72	0
3376.02	0
3402.53	0
3429.25	0
3456.18	0
3483.32	0
3510.68	0
3538.25	0
3566.03	0
3594.04	0
3622.26	0
3650.71	0
3679.37	0
3708.27	0
3737.39	0
3766.74	0
3796.32	0
3826.13	0
3856.18	0
3886.46	0
3916.98	0
3947.74	0
3978.74	0
4009.98	0
4041.47	0
4073.21	0
4105.2	0
4137.44	0
4169.93	0
4202.67	0
4235.68	0
4268.94	0
4302.46	0
4336.25	0
4370.3	0
4404.62	0
4439.21	0
4474.07	0
4509.2	0
4544.61	0
4580.3	0
4616.27	0
4652.52	0
4689.06	0
4725.88	0
4762.99	0
4800.4	0
4838.09	0
4876.09	0
4914.38	0
4952.97	0
4991.87	0
5031.07	0
5070.57	0
5110.39	0
5150.52	0
5190.97	0
5231.74	0
5272.82	0
5314.23	0
5355.96	0
5398.02	0
5440.41	0
5483.13	0
5526.19	0
5569.59	0
5613.32	0
5657.41	0
5701.83	0
5746.61	0
5791.74	0
5837.22	0
5883.06	0
5929.26	0
5975.82	0
6022.75	0
6070.04	0
6117.71	0
6165.75	0
6214.17	0
6262.97	0
6312.15	0
6361.72	0
6411.68	0
6462.03	0
6512.78	0
6563.92	0
6615.47	0
6667.42	0
6719.77	0
6772.54	0
6825.73	0
6879.33	0
6933.35	0
6987.8	0
7042.67	0
7097.98	0
7153.72	0
7209.9	0
7266.52	0
7323.58	0
7381.09	0
7439.05	0
7497.47	0
7556.35	0
7615.69	0
7675.49	0
7735.77	0
7796.52	0
7857.74	0
7919.45	0
7981.64	0
8044.32	0
8107.49	0
8171.16	0
8235.32	0
8299.99	0
8365.17	0
8430.86	0
8497.07	0
8563.8	0
8631.05	0
8698.83	0
8767.14	0
8835.99	0
8905.37	0
8975.31	0
9045.79	0
9116.83	0
9188.42	0
9260.58	0
9333.3	0
9406.59	0
9480.46	0
9554.91	0
9629.94	0
9705.57	0
9781.78	0
9858.6	0
9936.02	0
10014	0
10092.7	0
10171.9	0
10251.8	0
10332.3	0
10413.5	0
10495.2	0
10577.7	0
10660.7	0
10744.4	0
10828.8	0
10913.9	0
10999.6	0
11085.9	0
11173	0
11260.7	0
11349.2	0
11438.3	0
11528.1	0
11618.6	0
11709.9	0
11801.8	0
11894.5	0
11987.9	0
12082.1	0
12176.9	0
12272.6	0
12368.9	0
12466.1	0
12564	0
12662.6	0
12762.1	0
12862.3	0
12963.3	0
13065.1	0
13167.7	0
13271.1	0
13375.3	0
13480.4	0
13586.2	0
13692.9	0
13800.4	0
13908.8	0
14018	0
14128.1	0
14239.1	0
14350.9	0
14463.6	0
14577.2	0
14691.6	0
14807	0
14923.3	0
15040.5	0
15158.6	0
15277.6	0
15397.6	0
15518.5	0
15640.4	0
15763.2	0
15887	0
16011.7	0
16137.5	0
16264.2	0
16391.9	0
16520.7	0
16650.4	0
16781.1	0
16912.9	0
17045.7	0
17179.6	0
17314.5	0
17450.5	0
17587.5	0
17725.6	0
17864.8	0
18005.1	0
18146.5	0
18289	0
18432.6	0
18577.4	0
18723.3	0
18870.3	0
19018.5	0
19167.8	0
19318.4	0
19470.1	0
19623	0
19777.1	0
19932.4	0
20088.9	5.00501e-05
20246.7	0.00013013
20405.7	0.0002002
20565.9	0.00027027
20727.4	0.00035035
20890.2	0.00042042
21054.2	0.000500501
21219.6	0.000580581
21386.2	0.000650651
21554.1	0.000730731
21723.4	0.000810811
21894	0.000890891
22065.9	0.000980981
22239.2	0.00109109
22413.8	0.00118118
22589.9	0.00126126
22767.3	0.00134134
22946	0.00142142
23126.2	0.00151151
23307.8	0.00159159
23490.9	0.00167167
23675.3	0.00176176
23861.3	0.00185185
24048.6	0.00193193
24237.5	0.00207207
24427.8	0.00216216
24619.7	0.00225225
24813	0.00234234
25007.9	0.00243243
25204.2	0.00252252
25402.2	0.00261261
25601.6	0.00271271
25802.7	0.0028028
26005.3	0.00289289
26209.5	0.00304304
26415.4	0.00314314
26622.8	0.00324324
26831.9	0.00334334
27042.6	0.00343343
27254.9	0.00353353
27469	0.00363363
27684.7	0.00373373
27902.1	0.00383383
28121.2	0.00393393
28342	0.0041041
28564.6	0.0042042
28788.9	0.00431431
29015	0.00441441
29242.8	0.00452452
29472.5	0.00462462
29703.9	0.00473473
29937.2	0.00484484
30172.3	0.00497497
30409.2	0.00513514
30648	0.00524525
30888.7	0.00535536
31131.3	0.00546547
31375.7	0.00558559
31622.1	0.0056957
31870.4	0.00581582
32120.7	0.00592593
32373	0.00611612
32627.2	0.00623624
32883.4	0.00635636
33141.6	0.00647648
33401.9	0.0065966
33664.2	0.00671672
33928.6	0.00683684
34195	0.006997
34463.5	0.00716717
34734.2	0.00728729
35006.9	0.00741742
35281.8	0.00754755
35558.9	0.00766767
35838.1	0.0077978
36119.6	0.00792793
36403.2	0.00813814
36689.1	0.00827828
36977.2	0.00840841
37267.6	0.00853854
37560.2	0.00867868
37855.2	0.00880881
38152.5	0.00896897
38452.1	0.00916917
38754	0.00930931
39058.4	0.00944945
39365.1	0.00958959
39674.2	0.00973974
39985.8	0.00987988
40299.8	0.0101001
40616.3	0.0102503
40935.2	0.0104004
41256.7	0.0105506
41580.7	0.0107007
41907.2	0.0108509
42236.3	0.0110711
42568	0.0112312
42902.2	0.0113814
43239.2	0.0115415
43578.7	0.0117017
43920.9	0.0118619
44265.8	0.0120921
44613.4	0.0122523
44963.8	0.0124124
45316.9	0.0125826
45672.8	0.0127427
46031.4	0.0129129
46392.9	0.0131532
46757.2	0.0133233
47124.4	0.0134935
47494.5	0.0136637
47867.4	0.0138338
48243.3	0.0140841
48622.2	0.0142643
49004	0.0144344
49388.8	0.0146146
49776.7	0.0147948
50167.6	0.015005
50561.5	0.0152352
50958.6	0.0154154
51358.8	0.0156056
51762.1	0.0157858
52168.6	0.016006
52578.2	0.0162362
52991.1	0.0164264
53407.3	0.0166266
53826.7	0.0168168
54249.4	0.0170871
54675.4	0.0172773
55104.7	0.0174775
55537.5	0.0176777
55973.6	0.0178779
56413.2	0.0181582
56856.2	0.0183584
57302.6	0.0185686
57752.6	0.0187788
58206.2	0.019029
58663.3	0.0192693
59123.9	0.0194795
59588.2	0.0196997
60056.2	0.0199099
60527.8	0.0202002
61003.1	0.0204204
61482.2	0.0206406
61965	0.0208709
62451.6	0.0211612
62942	0.0213914
63436.3	0.0216116
63934.4	0.0218519
64436.5	0.0221421
64942.5	0.0223824
65452.5	0.0226126
65966.5	0.0228529
66484.5	0.0231632
67006.6	0.0234034
67532.8	0.0236436
68063.1	0.0238939
68597.6	0.0242042
69136.3	0.0244545
69679.3	0.0247047
70226.4	0.024965
70777.9	0.0252753
71333.7	0.0255355
71893.9	0.0257958
72458.5	0.0261261
73027.5	0.0263864
73601	0.0266466
74179	0.0269169
74761.5	0.0272472
75348.6	0.0275275
75940.3	0.0277978
76536.6	0.0281381
77137.7	0.0284184
77743.4	0.0286987
78353.9	0.028989
78969.2	0.0293193
79589.4	0.0296096
80214.4	0.0298999
80844.3	0.0302503
81479.2	0.0305506
82119	0.0308408
82763.9	0.0312012
83413.8	0.0315015
84068.9	0.0318018
84729	0.0321722
85394.4	0.0324825
86065	0.0327928
86740.9	0.0331632
87422	0.0334735
88108.6	0.0337938
88800.5	0.0341742
89497.8	0.0344945
90200.6	0.0348248
90909	0.0352052
91622.9	0.0355355
92342.4	0.0358659
93067.5	0.0362663
93798.4	0.0366066
94535	0.0369469
95277.3	0.0373473
96025.5	0.0376877
96779.6	0.0380981
97539.6	0.0384484
98305.6	0.0387988
99077.6	0.0392092
99855.6	0.0395696
100640	0.0399399
101430	0.0403604
102227	0.0407207
103029	0.0411512
103838	0.0415215
104654	0.0419019
105476	0.0423323
106304	0.0427227
107139	0.0431532
107980	0.0435435
108828	0.0439439
109683	0.0443844
110544	0.0447848
111412	0.0452352
112287	0.0456456
113169	0.0461061
114058	0.0465165
114953	0.0469269
115856	0.0473974
116766	0.0478178
117683	0.0482883
118607	0.0487187
119538	0.0491992
120477	0.0496296
121423	0.0501201
122377	0.0505606
123338	0.051001
124306	0.0515015
125282	0.051952
126266	0.0524525
127258	0.0529129
128257	0.0534234
129264	0.0538939
130279	0.0544044
131302	0.0548849
132334	0.0554054
133373	0.0558859
134420	0.0564164
135476	0.0569069
136540	0.0574374
137612	0.0579379
138693	0.0584785
139782	0.058989
140879	0.0595395
141986	0.0600801
143101	0.0606106
144224	0.0611712
145357	0.0617017
146498	0.0622723
147649	0.0628028
148808	0.0633834
149977	0.0639239
151155	0.0645045
152342	0.0650851
153538	0.0656557
154744	0.0662462
155959	0.0668168
157184	0.0674174
158418	0.067988
159662	0.0686086
160916	0.0692292
162180	0.0698098
163453	0.0704404
164737	0.071031
166030	0.0716717
167334	0.0723123
168648	0.0729229
169973	0.0735736
171307	0.0742242
172653	0.0748549
174008	0.0755155
175375	0.0761862
176752	0.0768168
178140	0.0774975
179539	0.0781782
180949	0.0788388
182370	0.0795295
183802	0.0802302
185245	0.0809009
186700	0.0816016
188166	0.0823123
189644	0.083003
191133	0.0837237
192634	0.0844545
194147	0.0851852
195672	0.0858959
197208	0.0866366
198757	0.0873874
200318	0.0881381
201891	0.0888689
203476	0.0896396
205074	0.0904104
206684	0.0911812
208308	0.0919419
209943	0.0927227
211592	0.0935235
213254	0.0943143
214928	0.0951251
216616	0.0959059
218317	0.0967267
220032	0.0975475
221759	0.0983784
223501	0.0992092
225256	0.10002
227025	0.100871
228808	0.101722
230605	0.102583
232416	0.103453
234241	0.104324
236080	0.105205
237934	0.106066
239802	0.106957
241686	0.107858
243584	0.108759
245496	0.10967
247424	0.110591
249367	0.111522
251326	0.112452
253299	0.113393
255288	0.114334
257293	0.115285
259314	0.116246
261350	0.117217
263402	0.118188
265471	0.119169
267555	0.12016
269657	0.121161
271774	0.122162
273908	0.123173
276059	0.124194
278227	0.125225
280412	0.126256
282614	0.127297
284834	0.128348
287070	0.129409
289325	0.13047
291597	0.131542
293887	0.132633
296194	0.133714
298520	0.134815
300865	0.135926
303227	0.137037
305609	0.138178
308008	0.139309
310427	0.14045
312865	0.141602
315322	0.142763
317798	0.143924
320294	0.145105
322809	0.146306
325344	0.147497
327899	0.148699
330474	0.14991
333069	0.151131
335685	0.152382
338321	0.153614
340977	0.154865
343655	0.156126
346354	0.157407
349074	0.158689
351815	0.15997
354578	0.161291
357362	0.162593
360168	0.163914
362997	0.165255
365847	0.166587
368720	0.167938
371616	0.169309
374534	0.170681
377475	0.172052
380440	0.173453
383427	0.174855
386438	0.176286
389473	0.177708
392531	0.179139
395614	0.180591
398721	0.182042
401852	0.183524
405007	0.184995
408188	0.186496
411393	0.187998
414624	0.18952
417880	0.191041
421162	0.192593
424469	0.194134
427802	0.195706
431162	0.197287
434548	0.198869
437960	0.20048
441399	0.202082
444866	0.203714
448359	0.205355
451880	0.206997
455429	0.208669
459005	0.21034
462610	0.212022
466242	0.213734
469904	0.215455
473594	0.217167
477313	0.218919
481061	0.220671
484839	0.222442
488646	0.224234
492484	0.226016
496351	0.227828
500249	0.22966
504177	0.231502
508137	0.233353
512127	0.235215
516149	0.237097
520202	0.238989
524287	0.240901
528404	0.242833
532554	0.244765
536736	0.246727
540951	0.248699
545199	0.250681
549480	0.252683
553795	0.254695
558144	0.256727
562527	0.258779
566945	0.260841
571397	0.262923
575884	0.265015
580406	0.267127
584964	0.269259
589558	0.271411
594187	0.273564
598854	0.275746
603556	0.277938
608296	0.28015
613073	0.282382
617887	0.284625
622739	0.286897
627630	0.289169
632559	0.291471
637526	0.293794
642532	0.296126
647578	0.298478
652663	0.300851
657789	0.303243
662954	0.305656
668160	0.308078
673407	0.310531
678696	0.312993
684025	0.315475
689397	0.317978
694811	0.320501
700267	0.323043
705766	0.325606
711308	0.328188
716894	0.330791
722524	0.333413
728198	0.336056
733916	0.338719
739680	0.341411
745488	0.344104
751343	0.346837
757243	0.34959
763189	0.352352
769183	0.355145
775223	0.357958
781311	0.360791
787446	0.363644
793630	0.366527
799862	0.369429
806144	0.372342
812474	0.375295
818855	0.378258
825285	0.381251
831766	0.384274
838298	0.387307
844881	0.39037
851515	0.393463
858202	0.396567
864942	0.39971
871734	0.402863
878580	0.406046
885479	0.409259
892433	0.412492
899441	0.415746
906504	0.419029
913623	0.422342
920797	0.425686
928028	0.429039
935316	0.432432
942661	0.435846
950064	0.439289
957524	0.442753
965044	0.446246
972622	0.44977
980260	0.453323
987958	0.456897
995716	0.460511
1.00354e+06	0.464134
1.01142e+06	0.467798
1.01936e+06	0.471491
1.02736e+06	0.475205
1.03543e+06	0.478959
1.04356e+06	0.482733
1.05176e+06	0.486547
1.06002e+06	0.49038
1.06834e+06	0.494244
1.07673e+06	0.498148
1.08519e+06	0.502072
1.09371e+06	0.506026
1.1023e+06	0.51002
1.11095e+06	0.514044
1.11968e+06	0.518088
1.12847e+06	0.522172
1.13733e+06	0.526286
1.14626e+06	0.53044
1.15526e+06	0.534625
1.16434e+06	0.538829
1.17348e+06	0.543073
1.1827e+06	0.547357
1.19198e+06	0.551672
1.20134e+06	0.556016
1.21078e+06	0.56039
1.22029e+06	0.564815
1.22987e+06	0.569259
1.23953e+06	0.573744
1.24926e+06	0.578258
1.25907e+06	0.582813
1.26896e+06	0.587407
1.27892e+06	0.592032
1.28897e+06	0.596697
1.29909e+06	0.601391
1.30929e+06	0.606126
1.31957e+06	0.610901
1.32993e+06	0.615706
1.34038e+06	0.620551
1.3509e+06	0.625435
1.36151e+06	0.63036
1.3722e+06	0.635325
1.38298e+06	0.64032
1.39384e+06	0.645365
1.40479e+06	0.65044
1.41582e+06	0.655566
1.42694e+06	0.660721
1.43814e+06	0.665926
1.44944e+06	0.671161
1.46082e+06	0.676446
1.47229e+06	0.681762
1.48385e+06	0.687127
1.4955e+06	0.692533
1.50725e+06	0.697988
1.51908e+06	0.703473
1.53101e+06	0.709009
1.54304e+06	0.714585
1.55515e+06	0.72021
1.56737e+06	0.725876
1.57967e+06	0.731582
1.59208e+06	0.737337
1.60458e+06	0.743143
1.61718e+06	0.748979
1.62988e+06	0.754875
1.64268e+06	0.760811
1.65558e+06	0.766797
1.66858e+06	0.772823
1.68169e+06	0.778899
1.69489e+06	0.785025
1.7082e+06	0.791201
1.72162e+06	0.797427
1.73514e+06	0.803694
1.74876e+06	0.81001
1.76249e+06	0.816386
1.77634e+06	0.822803
1.79028e+06	0.829269
1.80434e+06	0.835786
1.81851e+06	0.842362
1.83279e+06	0.848989
1.84719e+06	0.855656
1.86169e+06	0.862382
1.87631e+06	0.869169
1.89105e+06	0.875996
1.9059e+06	0.882883
1.92086e+06	0.88983
1.93595e+06	0.896817
1.95115e+06	0.903874
1.96647e+06	0.910971
1.98192e+06	0.918138
1.99748e+06	0.925355
2.01317e+06	0.932623
2.02897e+06	0.93996
2.04491e+06	0.947347
2.06097e+06	0.954795
2.07715e+06	0.962292
2.09346e+06	0.96986
2.1099e+06	0.977477
2.12647e+06	0.985165
2.14317e+06	0.992903
2.16e+06	1
