0.0232593 0.00919225 0.05 -0.010437 0.00426128 51.0453
0.0439864 -0.0250164 0.05 -0.0303778 0.00368252 85.1932
-0.05 0.000316541 0.0017112 -0.0136216 0.0224863 3946.93
-0.05 -0.0312056 -0.0336307 -0.0427735 3.72872e-05 0.00487578
-0.05 -0.0485977 -0.0336307 -0.0427735 3.61478e-05 0.00528643
-0.0224412 0.042739 0.0232593 0.00919225 0.00554339 39.2393
-0.0165246 0.0289324 -0.0224412 0.042739 0.00339935 63.9883
0.0360825 -0.0179695 0.0439864 -0.0250164 0.00244439 28.6293
0.0439864 -0.0250164 0.05 -0.0266372 0.0221423 3984.25
0.0017112 -0.0136216 -0.0165246 0.0289324 0.0040667 53.5073
0.0017112 -0.0136216 0.0282205 -0.0207668 0.0223533 3960.67
0.0017112 -0.0136216 0.00787526 -0.0280057 0.000339773 0.00030429
0.00787526 -0.0280057 0.0282205 -0.0207668 3.61572e-05 0.0131727
0.0312384 -0.0136508 0.0232593 0.00919225 3.79635e-05 0.00160538
-0.0165246 0.0289324 0.0312384 -0.0136508 0.000340803 0.233451
0.0331156 -0.0190251 0.034296 -0.0224044 0.00079001 0.684585
0.034296 -0.0224044 0.0439864 -0.0250164 0.0221977 3985.29
-0.0336307 -0.0427735 0.00787526 -0.0280057 3.61478e-05 0.0103159
0.0312384 -0.0136508 0.0360825 -0.0179695 0.000764224 1.69646
0.0360825 -0.0179695 0.05 -0.0130177 4.03929e-05 0.0111942
0.0282205 -0.0207668 0.034296 -0.0224044 0.0224503 3940.42
0.0282205 -0.0207668 0.0331156 -0.0190251 0.00200709 35.0971
0.0331156 -0.0190251 0.0312384 -0.0136508 0.000764395 1.59208
0.0331156 -0.0190251 0.0360825 -0.0179695 0.00184637 37.2001
