0.00134152 0.00381103 -0.00113728 0.00491166 7.21379e-06 -0.000299379
0.00134152 0.00381103 0.00106846 0.00336253 1.60791e-05 -0.000681973
-0.00371317 0.0249542 -0.0036016 0.025001 1.13919e-05 0.000256175
-0.00371317 0.0249542 -0.00367637 0.0250593 1.40344e-05 9.46177e-05
-0.0350616 -0.0249489 -0.0307601 -0.0234125 1.04116e-05 0.000183892
-0.0350616 -0.0249489 -0.0392486 -0.0167009 1.05431e-05 -9.56326e-05
-0.0137979 -0.0255041 -0.0149795 -0.025699 1.47183e-05 -0.000181479
-0.0137979 -0.0255041 -0.0146329 -0.0224269 1.23616e-05 0.000446443
0.0271345 -0.0326994 0.0267226 -0.0311287 1.03406e-05 -0.000350098
0.0271345 -0.0326994 0.027487 -0.0327031 1.33097e-05 0.000271999
0.0147408 0.0306868 0.0146486 0.0307241 1.01871e-05 -0.000383152
0.0147408 0.0306868 0.0148668 0.0307782 1.63056e-05 0.000932437
0.0142172 -0.00608889 0.0148314 -0.00554721 1.17002e-05 0.000264221
0.0142172 -0.00608889 0.0150653 -0.00606571 1.48878e-05 0.00063888
0.00454885 -0.00152426 0.0126352 -0.00067754 1.01219e-05 0.000436332
0.00454885 -0.00152426 0.000358443 0.00219632 1.25275e-05 -0.000352545
0.0130122 0.0229802 0.0100741 0.0181543 1.60791e-05 5.61638e-05
0.00398765 -0.0162548 0.00358953 -0.0152298 1.07296e-05 1.42874e-05
0.00398765 -0.0162548 0.0047602 -0.0162052 1.49011e-05 0.00100333
6.93584e-06 0.00967606 -0.000231401 0.0097946 9.51024e-06 -0.000266284
6.93584e-06 0.00967606 0.00505005 0.00995643 1.27929e-05 0.000538838
-0.0385895 -0.0282518 -0.0374147 -0.0280527 1.07318e-05 0.000215344
-0.0385895 -0.0282518 -0.0399206 -0.0273025 9.80828e-06 7.82987e-05
-0.0359946 0.0108894 -0.02949 0.0136512 1.0545e-05 0.000307174
-0.0359946 0.0108894 -0.0397335 0.016189 1.19357e-05 -0.000449922
-0.0317931 0.0263155 -0.0358599 0.0274515 1.26593e-05 -7.70551e-05
-0.0431674 0.00145205 -0.0447292 0.00644021 8.76789e-06 1.01567e-05
-0.0431674 0.00145205 -0.0463808 0.00096292 9.39661e-06 -0.000553392
0.032375 -0.0227983 0.03006 -0.0195998 7.81398e-06 -0.000577371
0.032375 -0.0227983 0.0398109 -0.0238569 1.18127e-05 0.000381925
-0.0096972 -0.0184622 -0.011932 -0.0179908 1.142e-05 -0.000398735
-0.0096972 -0.0184622 -0.00734508 -0.0169825 1.62692e-05 0.00130838
0.0486102 0.0333099 0.0486149 0.0333108 8.85679e-06 0.000253473
0.0486102 0.0333099 0.0486119 0.0333127 1.26421e-05 0.000102424
-0.0108718 -0.0362879 -0.0197501 -0.0347876 1.32005e-05 -9.44277e-05
-0.0108718 -0.0362879 -0.0128008 -0.0291786 1.23616e-05 0.000163978
-0.0368226 -0.0355257 -0.0370852 -0.0353724 1.24133e-05 -0.000248535
-0.0368226 -0.0355257 -0.036398 -0.0352586 1.62692e-05 0.00106045
-0.0401683 0.0158443 -0.0397335 0.016189 7.02744e-06 0.00012514
-0.0401683 0.0158443 -0.0398921 0.0164138 1.18953e-05 0.000129139
0.0272542 -0.0348113 0.0274118 -0.0333841 8.71288e-06 -0.000200349
0.0272542 -0.0348113 0.0387768 -0.0333709 1.39085e-05 0.000120784
0.0386167 0.00502617 0.0352229 0.00593749 1.26244e-05 9.05786e-05
0.0150653 -0.00606571 0.0148314 -0.00554721 6.72348e-06 -6.87328e-05
0.0150653 -0.00606571 0.0200484 -0.00592953 1.48878e-05 0.00066992
0.0251126 -0.0404288 0.0257831 -0.0383745 8.16576e-06 -7.15868e-06
0.0251126 -0.0404288 0.0212298 -0.0397585 1.04293e-05 -1.35589e-05
0.0312086 -0.00872297 0.0340912 -0.00779124 1.05909e-05 0.00015066
0.0312086 -0.00872297 0.0326028 -0.00711354 1.24579e-05 0.000159659
-0.0152314 0.0421746 -0.0106241 0.0444749 1.14488e-05 0.000151477
-0.0152314 0.0421746 -0.020857 0.0433495 1.36374e-05 -0.000492624
-0.032342 -0.0327071 -0.032429 -0.032645 9.80828e-06 9.743e-05
-0.032342 -0.0327071 -0.0322827 -0.0326698 1.62692e-05 0.00130152
0.0328137 0.0346361 0.0301638 0.0350957 9.24593e-06 -0.0005382
0.0328137 0.0346361 0.0331774 0.0342047 1.29013e-05 0.00038571
0.00935522 -0.0268976 0.00767911 -0.0249678 8.2999e-06 -3.97012e-05
0.00935522 -0.0268976 0.0095987 -0.0238975 8.35552e-06 3.94369e-05
0.0267226 -0.0311287 0.0245988 -0.0230292 1.03406e-05 -0.000679475
0.0267226 -0.0311287 0.027683 -0.0309274 1.11417e-05 0.000305694
0.0268577 0.0396669 0.0273391 0.0398246 1.31454e-05 0.000709447
0.0268577 0.0396669 0.0218117 0.0467686 1.2939e-05 -0.00102108
-0.0423429 0.0244386 -0.05 0.0209754 1.03829e-05 -0.000378109
-0.0423429 0.0244386 -0.05 0.0255329 1.32272e-05 -0.000666715
0.0353244 0.0420387 0.0358603 0.0416868 1.20013e-05 0.000451684
0.0353244 0.0420387 0.0357672 0.0424425 1.13914e-05 -1.56494e-05
0.00625844 -0.0145907 0.00447924 -0.00954434 7.27476e-06 -0.000108333
0.00625844 -0.0145907 0.00435273 -0.0132869 1.09306e-05 -0.000352986
0.00820837 0.00806049 0.00812289 0.00911832 1.08643e-05 -0.000107326
0.00820837 0.00806049 0.00910834 0.00901521 9.21605e-06 0.000123519
-0.0385522 -0.0105304 -0.039285 -0.00849906 1.0537e-05 -0.000156568
-0.0385522 -0.0105304 -0.0382371 -0.00773904 8.53579e-06 7.51535e-05
-0.00647209 0.0170748 -0.0174463 0.0203939 1.1291e-05 -0.000487392
-0.00647209 0.0170748 -0.00371317 0.0249542 1.40344e-05 0.000302558
-0.0447292 0.00644021 -0.044899 0.00698257 8.76789e-06 -0.000175056
-0.0447292 0.00644021 -0.0445677 0.0067732 1.18953e-05 0.000136518
0.032461 -0.0416973 0.0251126 -0.0404288 1.04293e-05 -1.91639e-05
0.0173778 0.0191846 0.018563 0.0195976 9.01309e-06 0.000114465
0.0173778 0.0191846 0.0181858 0.0248712 1.41625e-05 2.53937e-05
0.0255545 -0.0231985 0.0245988 -0.0230292 9.27152e-06 0.000482683
0.0255545 -0.0231985 0.025215 -0.0163629 1.16344e-05 -0.000384653
-0.0337971 -0.0274399 -0.0316905 -0.027083 1.07318e-05 0.000159384
-0.0337971 -0.0274399 -0.0350616 -0.0249489 1.05431e-05 8.5966e-05
0.0304556 0.042085 0.0323878 0.0422151 1.15421e-05 0.000473455
0.0304556 0.042085 0.0320181 0.0432184 1.63056e-05 0.000674937
0.0267884 0.00820239 0.0203477 0.00993191 1.26244e-05 -0.000498752
0.0267884 0.00820239 0.0286056 0.011266 7.19024e-06 -0.000236538
0.027803 -0.00228235 0.0255753 -0.000554993 1.07231e-05 -0.00011038
0.027803 -0.00228235 0.0317461 0.00208584 1.34733e-05 0.000238396
-0.0314172 -0.00845488 -0.0315581 -0.00831265 9.16333e-06 -0.000203466
-0.0314172 -0.00845488 -0.0310184 -0.0073251 1.3732e-05 0.000135773
-0.0286765 -0.0315652 -0.0287686 -0.0306412 1.09355e-05 -0.000125673
-0.0286765 -0.0315652 -0.0273953 -0.0310645 9.24696e-06 0.000148622
0.0142608 -0.0418766 0.014333 -0.0415737 1.04547e-05 -2.91086e-05
0.0142608 -0.0418766 0.0132489 -0.0421842 1.95757e-05 -2.19277e-06
-0.0143238 -0.0295788 -0.0149795 -0.025699 8.03923e-06 9.56379e-05
-0.0143238 -0.0295788 -0.0128008 -0.0291786 1.05961e-05 7.74481e-05
0.0160701 -0.0112633 0.0164576 -0.011249 1.30264e-05 8.18401e-05
-0.0354258 0.010083 -0.0443845 0.00715097 1.12693e-05 -0.000498381
-0.0354258 0.010083 -0.0359946 0.0108894 1.19357e-05 -0.000178539
0.0263649 0.0306817 0.0263925 0.0307137 8.11935e-06 0.000101545
0.0263649 0.0306817 0.0264065 0.0307112 9.36899e-06 9.42907e-05
-0.0339582 0.00800277 -0.0284001 0.0121737 1.5516e-05 0.000405601
-0.0339582 0.00800277 -0.0354258 0.010083 1.19357e-05 -0.000649094
-0.00469739 0.0326358 -0.00665768 0.0327966 9.15033e-06 -0.000200163
-0.00469739 0.0326358 -0.00476734 0.0356172 1.15373e-05 6.45255e-05
-0.0230952 -0.0342223 -0.0252741 -0.0338541 1.32005e-05 -0.000488618
-0.0230952 -0.0342223 -0.0239141 -0.0356428 1.09276e-05 -1.09299e-05
-0.0190851 0.00615229 -0.019345 0.00640709 8.15277e-06 -0.000211695
-0.0190851 0.00615229 -0.0134956 0.0102065 1.63056e-05 0.00094141
-0.0104677 0.0331091 -0.0107 0.0331281 9.15033e-06 -0.00034183
-0.0104677 0.0331091 -0.010155 0.0333568 8.36425e-06 0.000123372
0.0398109 -0.0238569 0.043433 -0.0272324 1.2078e-05 0.000182457
0.0398109 -0.0238569 0.0453908 -0.0246513 1.18127e-05 0.00019537
-0.0342619 -0.015757 -0.027154 -0.0103632 1.05016e-05 0.000210234
-0.0342619 -0.015757 -0.0380061 -0.00757148 1.32594e-05 -0.000297861
-0.0194082 -1.66616e-05 -0.0216414 0.00301089 1.24656e-05 -0.000318001
-0.0194082 -1.66616e-05 -0.0193494 0.00596057 1.37255e-05 3.97494e-05
-0.0379267 -0.0075139 -0.0349019 -0.00743123 1.48878e-05 0.000734057
-0.0379267 -0.0075139 -0.0349878 -0.00538224 1.63056e-05 0.00072903
0.0445712 0.0347573 0.0441807 0.0352941 9.00588e-06 0.000120607
0.0120482 -0.0225316 0.0121217 -0.0212338 7.90825e-06 -3.35868e-05
0.0120482 -0.0225316 0.0138539 -0.0215248 1.27251e-05 0.000295368
-0.029763 0.00205631 -0.0339582 0.00800277 1.19357e-05 -0.000121827
-0.029763 0.00205631 -0.0268982 0.00434935 1.26917e-05 0.000422278
-0.0424451 0.0200327 -0.0420815 0.0200892 9.85554e-06 0.000164661
0.023476 0.0312348 0.0281023 0.0354533 1.13914e-05 0.000454759
0.023476 0.0312348 0.0191987 0.031999 1.0681e-05 -0.000576267
0.03263 0.0415578 0.035218 0.0424055 1.31454e-05 0.00075768
0.03263 0.0415578 0.0323878 0.0422151 1.06925e-05 -8.97866e-05
0.0133941 -0.041245 0.0132489 -0.0421842 1.14372e-05 3.75311e-06
-0.0198753 -0.0310377 -0.0197128 -0.030995 1.05961e-05 0.000142538
-0.0198753 -0.0310377 -0.0210422 -0.0329542 1.60791e-05 -0.000534299
-0.0265854 -0.0276142 -0.0269221 -0.0262751 8.88684e-06 -4.8909e-05
-0.0265854 -0.0276142 -0.0290301 -0.0280176 1.47183e-05 -0.000567622
0.0158327 0.00831161 0.0161541 0.0105737 1.41625e-05 -6.12591e-05
0.0158327 0.00831161 0.0130598 0.00860175 1.24123e-05 -0.000493723
-0.0179949 0.0199823 -0.0180684 0.0205821 1.27697e-05 -8.11721e-05
-0.0179949 0.0199823 -0.0174463 0.0203939 1.5516e-05 0.000719225
0.0209547 -0.0140342 0.0237077 -0.0109802 9.93375e-06 9.40836e-05
0.0209547 -0.0140342 0.0184681 -0.0126236 9.73556e-06 -0.000296904
0.040538 0.00895558 0.0404564 0.00993064 1.03753e-05 0.000318653
0.040538 0.00895558 0.042351 0.00927172 1.24545e-05 0.000769596
0.011854 0.0300313 0.0146486 0.0307241 8.43568e-06 0.000167533
0.011854 0.0300313 0.0128335 0.0314575 1.01369e-05 -0.000139417
0.0164568 0.0311724 0.0160961 0.0316698 9.58462e-06 0.00017071
0.0069666 -0.0253651 0.00767911 -0.0249678 1.27251e-05 0.000182232
0.0069666 -0.0253651 0.00750558 -0.024768 1.34733e-05 0.000104224
-0.0212074 -0.0438824 -0.0206327 -0.0456988 9.37747e-06 -5.36732e-08
-0.0212074 -0.0438824 -0.0225931 -0.0430075 7.90631e-06 6.36604e-08
-0.0197359 -0.0333453 -0.0210422 -0.0329542 1.30821e-05 -0.000177302
-0.0197359 -0.0333453 -0.0197128 -0.030995 1.37255e-05 0.000275537
-0.0198115 -0.0410383 -0.0232282 -0.0365448 9.71601e-06 -5.59892e-05
-0.0198115 -0.0410383 -0.0197789 -0.0377247 1.37255e-05 3.96337e-05
-0.0194964 -0.00899332 -0.0179688 -0.00696848 9.88069e-06 0.000176482
-0.0194964 -0.00899332 -0.0194769 -0.00700969 1.37255e-05 -5.34484e-05
-0.0258099 0.0443839 -0.0250198 0.045384 6.28601e-06 4.96793e-05
-0.0258099 0.0443839 -0.0301031 0.0452805 1.36374e-05 -0.000296821
-0.0267821 0.0467514 -0.0295984 0.0468404 1.0654e-05 -0.000132761
-0.0267821 0.0467514 -0.0290562 0.048516 1.4215e-05 -0.00011265
-0.0349019 -0.00743123 -0.0324966 -0.0073655 1.48878e-05 0.000736806
-0.0349019 -0.00743123 -0.0349878 -0.00538224 1.0821e-05 -3.78217e-06
-0.0299262 -0.0252354 -0.0307601 -0.0234125 1.32594e-05 1.63433e-05
-0.0299262 -0.0252354 -0.029366 -0.0246487 1.37901e-05 0.000487928
-0.0273616 -0.0245268 -0.027755 -0.0229618 8.88684e-06 3.44111e-05
-0.0273616 -0.0245268 -0.0269951 -0.022166 1.01579e-05 0.000142663
-0.041463 -0.00730857 -0.0390206 -0.00535364 1.26917e-05 0.000266647
-0.041463 -0.00730857 -0.0415027 -0.00507432 9.63493e-06 -0.000351243
0.0119257 0.0424359 0.0119811 0.0426441 9.15485e-06 1.59563e-05
0.0119257 0.0424359 0.0124848 0.0428555 1.5516e-05 0.000504395
-0.0106241 0.0444749 -0.00813911 0.0457155 1.14488e-05 0.000273207
-0.0106241 0.0444749 -0.0213345 0.0472477 9.28799e-06 -0.00015005
0.0226589 -0.00258582 0.0220331 0.000803677 1.22318e-05 -3.65264e-05
0.0226589 -0.00258582 0.0197114 -0.00124373 1.28166e-05 -0.00042728
0.0473308 0.0311907 0.0491621 0.0329514 8.63564e-06 0.000194228
0.0473308 0.0311907 0.0486102 0.0333099 1.26421e-05 0.000280002
0.0130598 0.00860175 0.0125258 0.010372 6.22244e-06 -6.43079e-05
0.0130598 0.00860175 0.00910834 0.00901521 1.24123e-05 -0.000461485
0.0208288 0.0434703 0.0204962 0.0462167 1.03192e-05 -0.00016275
0.0208288 0.0434703 0.0212649 0.0465392 1.41625e-05 -0.000144008
0.00610221 -0.0263227 0.00616344 -0.0262549 1.34733e-05 7.3403e-05
0.00610221 -0.0263227 0.00448668 -0.0212922 7.97842e-06 -0.000123957
0.00863756 -0.0162183 0.00903417 -0.0159662 1.00008e-05 0.000269521
0.00863756 -0.0162183 0.00828734 -0.0159787 1.09306e-05 -0.000411384
-0.00916596 0.00938121 -0.0109806 0.0120306 1.07909e-05 -0.000145319
-0.00916596 0.00938121 -0.0088263 0.0103513 1.40344e-05 0.00034379
0.0339193 0.00897524 0.0392649 0.0178298 1.26421e-05 0.000497016
0.0339193 0.00897524 0.0367512 0.0107566 1.62692e-05 0.00112162
0.042351 0.00927172 0.0422582 0.00952895 1.27925e-05 0.000191367
0.042351 0.00927172 0.0429464 0.00937554 1.24545e-05 0.000573036
-0.000265057 0.00966094 6.93584e-06 0.00967606 1.27929e-05 0.000340882
-0.000265057 0.00966094 -0.000231401 0.0097946 9.72073e-06 -0.000148285
-0.019511 -0.0177638 -0.019582 -0.0176951 1.16414e-05 -0.000133769
-0.019511 -0.0177638 -0.01596 -0.0175358 1.49011e-05 0.000689209
0.0358752 0.0343355 0.0358603 0.0416868 7.66772e-06 -1.21655e-05
0.0358752 0.0343355 0.0438461 0.0347222 1.00759e-05 0.000411142
-0.0105549 -0.037456 -0.0105739 -0.0373857 1.23616e-05 3.7947e-05
-0.0105549 -0.037456 -0.0100028 -0.0374399 1.01421e-05 1.26122e-06
0.0138539 -0.0215248 0.0121217 -0.0212338 9.48961e-06 -0.000229131
0.0138539 -0.0215248 0.0241753 -0.0157697 1.27251e-05 0.00046624
0.0255753 -0.000554993 0.0317461 0.00208584 1.00903e-05 0.000158271
0.0255753 -0.000554993 0.0228706 0.00154227 1.07231e-05 -0.000259311
0.0365093 -0.00889228 0.0340912 -0.00779124 1.28166e-05 0.000164228
-0.00496339 0.0439732 -0.00793582 0.045604 9.7738e-06 -0.000131085
-0.00496339 0.0439732 -0.00504057 0.0472625 1.15373e-05 3.56552e-05
0.00725646 0.0252583 0.00629354 0.0291513 1.30272e-05 -0.000175623
0.00725646 0.0252583 0.0147408 0.0306868 1.63056e-05 0.000693059
0.0283213 -0.0146921 0.0275579 -0.0138835 1.31224e-05 -0.000585778
0.0283213 -0.0146921 0.05 -0.0133 1.49011e-05 0.00103336
0.0312804 -0.0198232 0.03006 -0.0195998 9.75894e-06 0.000163117
0.0312804 -0.0198232 0.0294771 -0.0187944 9.41565e-06 -0.000169064
-0.0275745 0.0110544 -0.0241328 0.0121849 7.25216e-06 0.000105919
-0.0275745 0.0110544 -0.0284001 0.0121737 1.24656e-05 -0.000281545
0.0134666 0.00104172 0.0125426 0.00202044 1.31224e-05 -0.000227789
0.0134666 0.00104172 0.013328 0.00112404 9.12102e-06 -9.48107e-05
-0.036398 -0.0352586 -0.0370852 -0.0353724 1.10764e-05 -0.000440361
-0.036398 -0.0352586 -0.032342 -0.0327071 1.62692e-05 0.00136026
-0.00142839 0.00504092 -0.000265057 0.00966094 9.72073e-06 0.000300331
-0.00142839 0.00504092 -0.00426284 0.00629946 7.21379e-06 -0.000171515
0.00492354 0.0183532 0.00726823 0.0196944 1.07911e-05 0.000111511
0.00492354 0.0183532 0.00146001 0.021054 1.07746e-05 -0.000366889
0.0147526 -0.0167397 0.012394 -0.0164207 1.07364e-05 -0.000356904
0.0147526 -0.0167397 0.0158797 -0.0154911 1.34733e-05 0.000441468
0.01021 0.0180488 0.0100741 0.0181543 1.4215e-05 -6.40574e-05
-0.0416227 0.00168717 -0.042201 0.00159915 9.39661e-06 -0.000163191
-0.00815913 0.0122567 -0.00919875 0.013323 8.23029e-06 -0.00012772
-0.00815913 0.0122567 -0.00771753 0.0135179 1.40344e-05 0.000288218
-0.0301289 -0.000702694 -0.0284168 4.63988e-05 8.78703e-06 0.000106181
-0.00690153 0.0283072 -0.00659417 0.0310874 1.01129e-05 6.13631e-05
-0.00690153 0.0283072 -0.00525134 0.0295455 1.5516e-05 0.000659954
0.00106846 0.00336253 0.000358443 0.00219632 1.60791e-05 -0.000681973
-0.0100028 -0.0374399 -0.0105739 -0.0373857 8.65667e-06 1.47764e-06
0.0371155 0.0237903 0.03793 0.0246114 9.01757e-06 2.43879e-05
-0.00462521 0.0295597 -0.00463572 0.0300075 1.15373e-05 -9.29848e-05
-0.00462521 0.0295597 -0.00492381 0.0297913 1.4215e-05 -0.000648679
-0.0358793 0.0274286 -0.0358709 0.0274546 1.1859e-05 1.83033e-05
-0.0358793 0.0274286 -0.0358599 0.0274515 1.00877e-05 2.57309e-05
-0.0396812 -0.00390943 -0.0415027 -0.00507432 1.0221e-05 -0.000338839
-0.0396812 -0.00390943 -0.0415977 0.000280427 1.32594e-05 -0.000471767
-0.0221725 -0.0445905 -0.0225931 -0.0430075 8.65468e-06 1.87398e-07
-0.0221725 -0.0445905 -0.0263125 -0.0416107 9.10258e-06 -2.33471e-07
0.0264065 0.0307112 0.0263925 0.0307137 1.0681e-05 8.27084e-05
-0.0197789 -0.0377247 -0.0105549 -0.037456 1.01421e-05 4.75126e-05
-0.0197789 -0.0377247 -0.019767 -0.0365137 1.37255e-05 4.52546e-06
0.0369445 0.00431057 0.0386167 0.00502617 1.00903e-05 0.000113327
0.0369445 0.00431057 0.0339562 0.00453424 1.08701e-05 -1.35266e-05
0.0372428 0.0234371 0.03793 0.0246114 1.26978e-05 4.57782e-05
0.0372428 0.0234371 0.0371155 0.0237903 1.27925e-05 1.71913e-05
0.0147627 -0.0417241 0.014333 -0.0415737 9.51248e-06 -2.13088e-05
0.0147627 -0.0417241 0.0142608 -0.0418766 1.95757e-05 -1.77387e-05
-0.0392486 -0.0167009 -0.0385522 -0.0105304 8.53579e-06 -0.000118122
-0.0141366 -0.00870089 -0.014417 -0.00687141 1.00995e-05 -6.72238e-05
-0.0141366 -0.00870089 -0.0123352 -0.00681452 1.37901e-05 0.000444037
-0.0423014 0.019829 -0.0422482 0.0198919 1.00877e-05 0.000138669
-0.0423014 0.019829 -0.0423235 0.0198603 1.19357e-05 -0.000495896
0.0387058 0.048069 0.0421934 0.0446905 1.1863e-05 0.000736652
0.01575 0.0357044 0.0127103 0.0363392 1.36374e-05 -0.000229384
0.05 -0.0185747 0.0453908 -0.0246513 1.5575e-05 -0.000160589
0.0453908 -0.0246513 0.043433 -0.0272324 1.5575e-05 -0.000127187
0.0453908 -0.0246513 0.05 -0.0253074 1.18127e-05 0.00015133
0.0331165 0.00650311 0.0304354 0.00678365 1.24123e-05 -0.000141993
0.0331165 0.00650311 0.030925 0.0070916 1.26244e-05 -3.11419e-05
-0.0473786 0.0306691 -0.05 0.0289962 1.07519e-05 -0.000245514
-0.0473786 0.0306691 -0.05 0.0314014 1.26593e-05 -0.000388862
0.0181858 0.0248712 0.0263649 0.0306817 9.36899e-06 0.000182292
0.0181858 0.0248712 0.0191987 0.031999 1.41625e-05 -9.51988e-05
-0.0206327 -0.0456988 -0.0221725 -0.0445905 9.10258e-06 -5.52941e-08
-0.0363666 -0.0319796 -0.0351494 -0.030705 1.37901e-05 0.000518317
-0.0363666 -0.0319796 -0.0446045 -0.0305875 1.32005e-05 -0.000747989
-0.05 -0.043815 -0.0486723 -0.0429798 1.62692e-05 0.000869835
-0.0486723 -0.0429798 -0.039956 -0.0374968 1.62692e-05 0.000715734
-0.0486723 -0.0429798 -0.0383537 -0.0423094 1.08504e-05 0.000231061
-0.0204967 0.0213165 -0.0208902 0.0213727 1.32272e-05 -0.000288217
-0.0204967 0.0213165 -0.0208702 0.0214295 1.1291e-05 -0.000185638
-0.0404763 -0.0359343 -0.039956 -0.0374968 1.18976e-05 1.34528e-06
-0.0404763 -0.0359343 -0.05 -0.0375123 1.10764e-05 -0.000419194
-0.00525134 0.0295455 -0.00557686 0.0302981 1.00293e-05 -0.000104709
-0.00525134 0.0295455 -0.00492381 0.0297913 1.5516e-05 0.000727636
-0.0463489 -0.0010568 -0.05 -0.00428179 8.70757e-06 -0.000229224
-0.0463489 -0.0010568 -0.0463808 0.00096292 9.37409e-06 0.000127694
0.00754159 0.0163117 0.00492354 0.0183532 1.07746e-05 -0.000255207
0.00754159 0.0163117 0.00726823 0.0196944 1.08643e-05 -0.000163867
-0.0391386 0.0235717 -0.0383467 0.0238675 9.91969e-06 0.00022526
-0.0391386 0.0235717 -0.0388302 0.0239366 1.00877e-05 -9.5835e-05
0.0224055 -0.00826172 0.0201473 -0.00592683 1.10908e-05 -0.000301723
0.0224055 -0.00826172 0.0246236 -0.0058045 1.34733e-05 0.000268816
-0.0462374 -0.00810237 -0.05 -0.0105087 1.0221e-05 -0.000504347
-0.0462374 -0.00810237 -0.0463489 -0.0010568 9.37409e-06 -8.52314e-05
0.0227457 -0.0150502 0.0209547 -0.0140342 9.73556e-06 -0.000200905
0.0227457 -0.0150502 0.0251422 -0.0148963 1.49011e-05 0.00087178
-0.0162851 -0.0109507 -0.014861 -0.00688355 1.40344e-05 0.000169305
-0.0162851 -0.0109507 -0.0141366 -0.00870089 1.37901e-05 0.000394804
0.00735683 0.0336707 0.00480386 0.0370914 1.24523e-05 -0.000201418
0.00735683 0.0336707 0.00493351 0.0346499 1.01871e-05 -0.000119276
-0.0315581 -0.00831265 -0.0313745 -0.00733483 8.17494e-06 1.42639e-05
-0.0315581 -0.00831265 -0.0324966 -0.0073655 9.16333e-06 -0.000216192
0.018309 0.00507944 0.0211521 0.0055752 1.24545e-05 2.67053e-05
0.03082 0.0340903 0.0331774 0.0342047 1.00759e-05 0.000638901
0.03082 0.0340903 0.030132 0.0350587 1.2939e-05 -0.000497527
-0.05 -0.0162709 -0.039285 -0.00849906 1.63056e-05 0.00132174
-0.039285 -0.00849906 -0.0382371 -0.00773904 1.63056e-05 0.00122056
-0.0299853 -0.0184364 -0.0289101 -0.0183674 1.49011e-05 0.000209574
0.00552625 0.00521519 0.0058538 0.00556267 9.21605e-06 -0.000384921
0.0101386 -0.0172451 0.00863756 -0.0162183 1.09306e-05 -0.000164789
-0.0289378 0.0129027 -0.0279448 0.0143073 1.18851e-05 0.000159389
-0.0289378 0.0129027 -0.02949 0.0136512 1.24656e-05 -0.000500071
0.0367512 0.0107566 0.0404564 0.00993064 1.13389e-05 0.000164908
0.0367512 0.0107566 0.0408791 0.0133534 1.62692e-05 0.00100669
-0.0134956 0.0102065 -0.0109806 0.0120306 1.63056e-05 0.00094141
-0.0194515 -0.0044261 -0.0154597 -0.0036427 9.36319e-06 0.000280241
-0.0194515 -0.0044261 -0.0194082 -1.66616e-05 1.37255e-05 -0.000249061
-0.0105974 0.0412068 -0.00793582 0.045604 1.13961e-05 6.98276e-05
-0.0105974 0.0412068 -0.0152314 0.0421746 1.36374e-05 -0.000365457
0.05 -0.0310139 0.0481079 -0.031589 1.95757e-05 -0.000252115
0.0481079 -0.031589 0.0446681 -0.0326345 1.95757e-05 -0.000219256
0.0481079 -0.031589 0.0495557 -0.0329383 1.2078e-05 7.51228e-05
-0.05 0.0166396 -0.0423235 0.0198603 1.51738e-05 0.00118958
-0.0423235 0.0198603 -0.0422482 0.0198919 1.51738e-05 0.000692561
-0.0423235 0.0198603 -0.0424451 0.0200327 1.19357e-05 0.000135964
-0.00113728 0.00491166 -0.00142839 0.00504092 7.21379e-06 0.000233187
0.012303 0.0316719 0.0132549 0.0320712 1.13919e-05 0.000212237
0.012303 0.0316719 0.00735683 0.0336707 1.01871e-05 -0.000365481
0.0132549 0.0320712 0.0144954 0.0338774 1.01369e-05 0.000101523
0.00629354 0.0291513 0.012303 0.0316719 1.13919e-05 0.000320174
0.00629354 0.0291513 0.00493351 0.0346499 1.30272e-05 -0.000171211
0.00493351 0.0346499 0.00440388 0.0367912 1.30272e-05 -0.000264483
-0.000452369 0.0263219 0.00629354 0.0291513 1.13919e-05 0.000325219
-0.000452369 0.0263219 -0.00263996 0.0280193 1.4215e-05 -0.000563686
-0.00263996 0.0280193 -0.00462521 0.0295597 1.4215e-05 -0.000724149
-0.00263996 0.0280193 -0.000984332 0.0327477 1.40344e-05 8.2923e-05
-0.0036016 0.025001 -0.000452369 0.0263219 1.13919e-05 0.000238316
-0.0036016 0.025001 -0.00367637 0.0250593 1.07746e-05 -0.000226932
-0.00367637 0.0250593 -0.00263996 0.0280193 1.40344e-05 -7.9604e-05
-0.0307601 -0.0234125 -0.0295329 -0.0229741 1.04116e-05 0.000371986
-0.0307601 -0.0234125 -0.0342619 -0.015757 1.32594e-05 -0.000131353
-0.0446045 -0.0305875 -0.0451323 -0.0306746 1.47183e-05 -0.00116931
-0.0446045 -0.0305875 -0.0455573 -0.0304265 1.32005e-05 -0.000621214
-0.0451323 -0.0306746 -0.05 -0.0314778 1.47183e-05 -0.00124874
-0.0451323 -0.0306746 -0.0455573 -0.0304265 1.24133e-05 -0.000174535
-0.0455573 -0.0304265 -0.05 -0.0278329 1.24133e-05 -0.000835144
-0.0370599 -0.0293426 -0.0446045 -0.0305875 1.47183e-05 -0.00105561
-0.0370599 -0.0293426 -0.0385895 -0.0282518 9.80828e-06 0.000313919
-0.0290301 -0.0280176 -0.0332476 -0.0287135 1.47183e-05 -0.000552009
-0.0290301 -0.0280176 -0.0291659 -0.0266552 1.09355e-05 0.000140244
-0.0332476 -0.0287135 -0.0316905 -0.027083 1.37901e-05 0.000577443
-0.0332476 -0.0287135 -0.0345111 -0.028922 1.47183e-05 -0.000550347
-0.0291659 -0.0266552 -0.029366 -0.0246487 1.09355e-05 0.000189495
-0.0291659 -0.0266552 -0.0269221 -0.0262751 1.07318e-05 0.00020403
-0.0149795 -0.025699 -0.0168088 -0.0260009 1.47183e-05 -0.000231435
-0.0149795 -0.025699 -0.015337 -0.0235835 8.03923e-06 0.000187097
-0.0168088 -0.0260009 -0.0196683 -0.0264728 1.47183e-05 -0.00049418
-0.0168088 -0.0260009 -0.0197105 -0.030767 1.60791e-05 -0.00050781
-0.015337 -0.0235835 -0.0155774 -0.0221612 8.03923e-06 0.00011517
-0.015337 -0.0235835 -0.0168088 -0.0260009 1.60791e-05 -0.000748318
-0.0146329 -0.0224269 -0.0148322 -0.0216924 1.23616e-05 0.000266343
-0.0146329 -0.0224269 -0.015337 -0.0235835 1.60791e-05 -0.00078428
0.0245988 -0.0230292 0.0195854 -0.0221408 9.27152e-06 -0.000275141
0.027683 -0.0309274 0.0282525 -0.0308081 1.11417e-05 0.000191334
0.027487 -0.0327031 0.0276335 -0.0327047 1.33097e-05 0.000232035
0.027487 -0.0327031 0.027683 -0.0309274 8.71288e-06 -0.00014624
0.0146486 0.0307241 0.0128335 0.0314575 1.01871e-05 -0.000483769
0.0146486 0.0307241 0.0148668 0.0307782 8.43568e-06 0.000289041
0.0128335 0.0314575 0.012303 0.0316719 1.01871e-05 -0.000486184
0.0128335 0.0314575 0.0132549 0.0320712 1.01369e-05 -0.00013699
0.0148668 0.0307782 0.0164568 0.0311724 8.43568e-06 0.000193961
0.0148668 0.0307782 0.0160961 0.0316698 1.63056e-05 0.000981627
0.0148314 -0.00554721 0.0174812 -0.00321047 1.17002e-05 0.000280095
0.0148314 -0.00554721 0.0139478 -0.00358803 6.72348e-06 -9.63567e-05
0.0174812 -0.00321047 0.0163883 -0.00205284 1.31224e-05 -0.000406364
0.0174812 -0.00321047 0.0175022 -0.00319193 1.17002e-05 0.000286376
0.0139478 -0.00358803 0.0126352 -0.00067754 6.72348e-06 -7.02771e-05
0.0139478 -0.00358803 0.0163883 -0.00205284 1.62692e-05 0.000739275
0.0126352 -0.00067754 0.0148465 -0.000445997 1.01219e-05 0.00038965
0.000358443 0.00219632 -0.00185422 0.0041609 1.25275e-05 -0.000643741
0.000358443 0.00219632 -0.00180107 -0.00135069 1.60791e-05 -0.000455097
0.0155977 -0.0362683 0.0269329 -0.0348514 1.39085e-05 -3.95403e-05
0.0072151 0.0134584 0.00508416 0.00995832 1.60791e-05 4.71367e-05
0.00508416 0.00995832 0.00507009 0.00993521 1.60791e-05 -6.45747e-05
0.00508416 0.00995832 0.00804172 0.0101227 1.27929e-05 0.000396559
0.00770689 0.0142662 0.0072151 0.0134584 1.60791e-05 0.000376876
0.00770689 0.0142662 0.00754159 0.0163117 1.08643e-05 -0.000416967
0.0100741 0.0181543 0.00770689 0.0142662 1.60791e-05 0.000337769
0.0100741 0.0181543 0.00774076 0.0199647 1.4215e-05 -0.000382591
0.00018814 -0.00647228 -0.00180107 -0.00135069 1.07296e-05 -0.00017682
0.00018814 -0.00647228 0.0033655 -0.00638545 1.48878e-05 0.000890225
-0.00180107 -0.00135069 -0.00500566 -0.00661422 1.60791e-05 -0.000573089
0.0033655 -0.00638545 0.0097795 -0.00621016 1.48878e-05 0.00084041
0.00358953 -0.0152298 0.0022857 -0.0118728 1.07296e-05 -0.000310182
0.0022857 -0.0118728 0.0019896 -0.0111105 1.07296e-05 -0.000304475
0.0022857 -0.0118728 0.00156331 -0.0113786 1.09306e-05 -0.000501626
0.0047602 -0.0162052 0.00828734 -0.0159787 1.49011e-05 0.00080807
0.0047602 -0.0162052 0.00464393 -0.0153724 1.12721e-05 -5.56826e-05
-0.000231401 0.0097946 -0.00771753 0.0135179 9.51024e-06 -0.000417851
0.00505005 0.00995643 0.00508416 0.00995832 1.27929e-05 0.000256151
-0.0316905 -0.027083 -0.0291659 -0.0266552 1.07318e-05 0.000254216
-0.0316905 -0.027083 -0.0299262 -0.0252354 1.37901e-05 0.000503642
-0.0374147 -0.0280527 -0.0337971 -0.0274399 1.07318e-05 0.000243839
-0.0374147 -0.0280527 -0.0399206 -0.0273025 1.30821e-05 -5.87043e-05
-0.0224458 0.0166421 -0.0179949 0.0199823 1.5516e-05 0.00065242
-0.02949 0.0136512 -0.0279448 0.0143073 1.0545e-05 0.000326846
-0.02949 0.0136512 -0.0344508 0.0203766 1.24656e-05 -0.000516712
-0.0279448 0.0143073 -0.0227609 0.0216401 1.18851e-05 0.00021304
-0.0279448 0.0143073 -0.0225799 0.0165852 1.0545e-05 0.000266377
-0.0344508 0.0203766 -0.035045 0.0211822 1.24656e-05 -0.000466263
-0.0397335 0.016189 -0.0344508 0.0203766 7.02744e-06 8.94887e-05
-0.0397335 0.016189 -0.0398921 0.0164138 1.19357e-05 -0.000428932
-0.0358709 0.0274546 -0.0473786 0.0306691 1.26593e-05 -0.000597384
-0.0358709 0.0274546 -0.0301031 0.0452805 1.1859e-05 0.000595634
-0.0301031 0.0452805 -0.0295984 0.0468404 1.1859e-05 0.000254301
-0.0358599 0.0274515 -0.0358709 0.0274546 1.26593e-05 -5.65512e-05
-0.044899 0.00698257 -0.04541 0.00861457 8.76789e-06 4.23555e-05
-0.044899 0.00698257 -0.05 0.00531306 1.12693e-05 -0.00088567
-0.0445677 0.0067732 -0.0443845 0.00715097 1.18953e-05 0.000245548
-0.0445677 0.0067732 -0.0446941 0.00704962 1.32594e-05 -0.000251513
-0.0463808 0.00096292 -0.05 0.000412033 9.39661e-06 -0.000426004
0.03006 -0.0195998 0.0294771 -0.0187944 7.81398e-06 -0.000373653
-0.0195691 -0.0163799 -0.021151 -0.0160462 1.142e-05 -0.000285423
-0.0195691 -0.0163799 -0.0195493 -0.014369 1.37255e-05 0.000173915
-0.021151 -0.0160462 -0.0213221 -0.0160101 1.142e-05 -0.000261913
-0.021151 -0.0160462 -0.0195493 -0.014369 1.37901e-05 0.000442362
-0.0195493 -0.014369 -0.0194964 -0.00899332 1.37255e-05 7.35974e-05
-0.0195493 -0.014369 -0.0174234 -0.0121428 1.37901e-05 0.00054221
-0.011932 -0.0179908 -0.0145258 -0.0174437 1.142e-05 -0.000375668
-0.011932 -0.0179908 -0.0137843 -0.0210332 1.60791e-05 -0.000854974
-0.00734508 -0.0169825 0.00156331 -0.0113786 1.62692e-05 0.00113169
-0.00734508 -0.0169825 0.00289151 -0.0163252 1.49011e-05 0.00115214
0.0486149 0.0333108 0.0497723 0.0335381 8.85679e-06 0.000312985
0.0486149 0.0333108 0.0491621 0.0329514 1.20013e-05 0.000498122
0.0497723 0.0335381 0.05 0.0335828 8.85679e-06 0.000310979
0.0497723 0.0335381 0.05 0.033757 8.63564e-06 0.000217197
0.0491621 0.0329514 0.05 0.0324012 1.20013e-05 0.000483075
0.0491621 0.0329514 0.0497723 0.0335381 8.63564e-06 0.00021514
0.0486119 0.0333127 0.05 0.0356121 1.26421e-05 0.000335575
0.0486119 0.0333127 0.0486149 0.0333108 1.20013e-05 0.000542041
-0.032429 -0.032645 -0.0363666 -0.0319796 1.32005e-05 -0.000206521
-0.032429 -0.032645 -0.0351494 -0.030705 9.80828e-06 2.03709e-06
-0.0351494 -0.030705 -0.0370599 -0.0293426 9.80828e-06 -0.000139607
-0.0351494 -0.030705 -0.0336833 -0.0291698 1.37901e-05 0.000619062
-0.0252741 -0.0338541 -0.0322827 -0.0326698 1.32005e-05 -0.00058784
-0.0252741 -0.0338541 -0.0273953 -0.0310645 9.71601e-06 -0.000119211
-0.0239141 -0.0356428 -0.0266742 -0.040431 1.09276e-05 3.46541e-05
-0.0239141 -0.0356428 -0.0252741 -0.0338541 9.71601e-06 -0.000254017
-0.0197501 -0.0347876 -0.0219337 -0.0344186 1.32005e-05 -0.000223131
-0.0197501 -0.0347876 -0.0197359 -0.0333453 1.37255e-05 0.000106547
-0.0219337 -0.0344186 -0.0230952 -0.0342223 1.32005e-05 -0.000497666
-0.0219337 -0.0344186 -0.0232282 -0.0365448 1.60791e-05 -0.000112233
-0.0128008 -0.0291786 -0.0137979 -0.0255041 1.23616e-05 0.000230365
-0.0370852 -0.0353724 -0.0451323 -0.0306746 1.24133e-05 -0.000268711
-0.0370852 -0.0353724 -0.0404763 -0.0359343 1.10764e-05 -0.000417749
0.0195854 -0.0221408 0.0247971 -0.0161244 1.24579e-05 -0.000204768
-0.035045 0.0211822 -0.0360206 0.0225048 1.24656e-05 -0.000262654
-0.0398921 0.0164138 -0.0423014 0.019829 1.19357e-05 -0.000378697
-0.0398921 0.0164138 -0.037786 0.0207564 1.18953e-05 7.87329e-05
0.0274118 -0.0333841 0.027487 -0.0327031 8.71288e-06 -0.000207288
0.0274118 -0.0333841 0.0276335 -0.0327047 8.16576e-06 -0.000156647
0.0276335 -0.0327047 0.0282525 -0.0308081 8.16576e-06 -9.14613e-05
0.0276335 -0.0327047 0.0391887 -0.0328279 1.33097e-05 0.000192043
0.0387768 -0.0333709 0.0428125 -0.0328665 1.39085e-05 0.000104372
0.0387768 -0.0333709 0.0377375 -0.034741 1.5575e-05 8.27772e-05
0.00778452 0.0133055 0.0072151 0.0134584 1.26244e-05 -0.000419973
0.00778452 0.0133055 0.00770689 0.0142662 1.08643e-05 -0.00035909
0.0203477 0.00993191 0.0176482 0.0106568 1.26244e-05 -0.000503741
0.0203477 0.00993191 0.0201877 0.010798 1.22318e-05 -0.000386667
0.0352229 0.00593749 0.0331165 0.00650311 1.26244e-05 -0.00017075
0.0352229 0.00593749 0.0374633 0.00841944 1.34733e-05 0.000663996
0.0374633 0.00841944 0.040538 0.00895558 1.24545e-05 0.00103505
0.0200484 -0.00592953 0.0201473 -0.00592683 1.48878e-05 0.000646636
0.0200484 -0.00592953 0.0174812 -0.00321047 1.31224e-05 -0.000400764
0.0257831 -0.0383745 0.0269329 -0.0348514 8.16576e-06 -0.000104747
0.0257831 -0.0383745 0.0212298 -0.0397585 1.95757e-05 -2.08696e-05
0.0212298 -0.0397585 0.0147627 -0.0417241 1.95757e-05 -2.80933e-05
0.0340912 -0.00779124 0.0416797 -0.00533838 1.05909e-05 0.000577737
0.0340912 -0.00779124 0.0326028 -0.00711354 1.28166e-05 -0.000188684
0.0416797 -0.00533838 0.05 -0.005111 1.48878e-05 0.00148449
0.0326028 -0.00711354 0.0294388 -0.0056729 1.28166e-05 -0.000437492
0.0326028 -0.00711354 0.0339577 -0.00554941 1.24579e-05 0.000415631
-0.00813911 0.0457155 -0.00775102 0.0459093 1.14488e-05 0.000158633
-0.0213345 0.0472477 -0.0216315 0.0496729 1.27697e-05 -2.89911e-05
-0.020857 0.0433495 -0.022965 0.0437897 1.36374e-05 -0.000343078
-0.020857 0.0433495 -0.0213345 0.0472477 1.27697e-05 8.01473e-05
-0.0322827 -0.0326698 -0.032429 -0.032645 1.32005e-05 -0.000277401
-0.0322827 -0.0326698 -0.0289646 -0.0305825 1.62692e-05 0.00104963
0.0301638 0.0350957 0.0300974 0.0351072 9.24593e-06 -0.000367944
0.0300974 0.0351072 0.0281023 0.0354533 9.24593e-06 -0.000380527
0.0300974 0.0351072 0.0291638 0.0364212 1.2939e-05 -0.000402867
0.0331774 0.0342047 0.0392963 0.0269465 1.29013e-05 0.00057082
0.0331774 0.0342047 0.0358752 0.0343355 1.00759e-05 0.000401884
0.00767911 -0.0249678 0.00750558 -0.024768 8.2999e-06 -0.000118769
0.00767911 -0.0249678 0.0095987 -0.0238975 1.27251e-05 0.000233804
0.0095987 -0.0238975 0.00972785 -0.0223062 8.35552e-06 -2.25342e-05
0.0095987 -0.0238975 0.0120482 -0.0225316 1.27251e-05 0.000274495
0.035218 0.0424055 0.0358584 0.0426153 1.31454e-05 0.000671252
0.035218 0.0424055 0.0357672 0.0424425 1.15421e-05 0.000685067
0.0358584 0.0426153 0.0360119 0.0426656 1.31454e-05 0.000547554
0.0357672 0.0424425 0.0358587 0.0424487 1.15421e-05 0.000555729
0.0357672 0.0424425 0.0358586 0.0425258 1.13914e-05 0.000115399
0.0323878 0.0422151 0.0320181 0.0432184 1.06925e-05 -0.000211957
0.0323878 0.0422151 0.035218 0.0424055 1.15421e-05 0.000586633
0.0273391 0.0398246 0.03263 0.0415578 1.31454e-05 0.000684647
0.0273391 0.0398246 0.0304556 0.042085 1.63056e-05 0.00101008
0.0218117 0.0467686 0.0213832 0.0473717 1.2939e-05 -0.000409032
0.0428878 0.0370718 0.0445732 0.0359649 1.20013e-05 0.000562198
0.0428878 0.0370718 0.0388314 0.0426487 9.00588e-06 -0.000222727
0.0445732 0.0359649 0.0486119 0.0333127 1.20013e-05 0.00078764
0.0445732 0.0359649 0.0469708 0.0400624 1.26978e-05 0.000425636
0.0388314 0.0426487 0.0439458 0.0429929 1.15421e-05 0.000432876
0.0358603 0.0416868 0.0428878 0.0370718 1.20013e-05 0.000527738
0.0358603 0.0416868 0.0358587 0.0424487 7.66772e-06 -0.000131203
0.00447924 -0.00954434 0.0033655 -0.00638545 7.27476e-06 -0.000101946
0.00447924 -0.00954434 0.0097795 -0.00621016 1.62692e-05 0.000755652
0.00435273 -0.0132869 0.0022857 -0.0118728 1.09306e-05 -0.000496024
0.00812289 0.00911832 0.00804172 0.0101227 1.08643e-05 -0.000158772
0.00812289 0.00911832 0.00559123 0.00938323 1.24123e-05 -0.000401704
0.00804172 0.0101227 0.00778452 0.0133055 1.08643e-05 -0.000235497
0.00804172 0.0101227 0.0102691 0.0102466 1.27929e-05 0.000461717
0.00559123 0.00938323 0.00478537 0.00946755 1.24123e-05 -0.000439057
0.00559123 0.00938323 0.00507009 0.00993521 1.31224e-05 -0.000431601
0.00910834 0.00901521 0.0102691 0.0102466 9.21605e-06 0.000103653
0.00910834 0.00901521 0.00812289 0.00911832 1.24123e-05 -0.000446734
-0.0382371 -0.00773904 -0.0381762 -0.00719954 8.53579e-06 2.74127e-05
-0.0382371 -0.00773904 -0.0380061 -0.00757148 1.63056e-05 0.00124555
-0.0180684 0.0205821 -0.0204967 0.0213165 1.1291e-05 -0.000523279
-0.0180684 0.0205821 -0.0188673 0.0271046 1.27697e-05 -2.60181e-05
-0.0188673 0.0271046 -0.0188718 0.0271413 1.27697e-05 1.87674e-05
-0.0188673 0.0271046 -0.018837 0.0271905 1.3732e-05 0.000269576
-0.0174463 0.0203939 -0.0180684 0.0205821 1.1291e-05 -0.000460902
-0.0174463 0.0203939 -0.00690153 0.0283072 1.5516e-05 0.000699949
0.025215 -0.0163629 0.0251811 -0.0156811 1.16344e-05 -0.000489112
0.025215 -0.0163629 0.0247971 -0.0161244 9.41565e-06 -0.000350081
0.0294771 -0.0187944 0.025215 -0.0163629 9.41565e-06 -0.000479156
0.0320181 0.0432184 0.0387058 0.048069 1.63056e-05 0.000535945
0.021734 0.00242363 0.018309 0.00507944 1.07231e-05 3.10172e-05
0.021734 0.00242363 0.0211676 0.00549144 1.22318e-05 8.3413e-05
0.0211676 0.00549144 0.0211521 0.0055752 1.22318e-05 -0.000128681
0.0317461 0.00208584 0.0339562 0.00453424 1.34733e-05 0.000282968
0.0317461 0.00208584 0.0369445 0.00431057 1.00903e-05 9.87547e-05
-0.0324966 -0.0073655 -0.0346817 -0.00516023 9.16333e-06 -0.00018857
-0.0324966 -0.0073655 -0.0313745 -0.00733483 1.48878e-05 0.000719805
-0.0346817 -0.00516023 -0.0350111 -0.00482786 9.16333e-06 -0.000249971
-0.0346817 -0.00516023 -0.03345 -0.00426681 1.63056e-05 0.000803045
-0.0313745 -0.00733483 -0.0312063 -0.00643936 8.17494e-06 3.85571e-05
-0.0313745 -0.00733483 -0.0310184 -0.0073251 1.48878e-05 0.000706466
-0.0310184 -0.0073251 -0.0308333 -0.00680052 1.3732e-05 0.000169988
-0.0310184 -0.0073251 -0.0303115 -0.00730578 1.48878e-05 0.000674907
-0.0287686 -0.0306412 -0.0287856 -0.0304699 1.09355e-05 3.43204e-05
-0.0287686 -0.0306412 -0.0289646 -0.0305825 1.30821e-05 -0.000536266
-0.0287856 -0.0304699 -0.0290301 -0.0280176 1.09355e-05 0.000161259
-0.0287856 -0.0304699 -0.023414 -0.0270908 1.62692e-05 0.000778961
-0.0289646 -0.0305825 -0.0336833 -0.0291698 1.30821e-05 -0.00030576
-0.0289646 -0.0305825 -0.0287856 -0.0304699 1.62692e-05 0.000864284
-0.0273953 -0.0310645 -0.0273777 -0.0310576 9.24696e-06 0.000146426
-0.0273953 -0.0310645 -0.0274073 -0.0310487 9.71601e-06 -0.000117121
0.014333 -0.0415737 0.0155977 -0.0362683 1.04547e-05 -5.26028e-05
0.014333 -0.0415737 0.0133941 -0.041245 9.51248e-06 4.5125e-06
0.00616344 -0.0262549 0.00565897 -0.0226419 1.12721e-05 -0.000242562
0.00616344 -0.0262549 0.0069666 -0.0253651 1.34733e-05 0.000276336
0.0237077 -0.0109802 0.0247793 -0.0109404 1.30264e-05 0.000436448
0.0237077 -0.0109802 0.0242494 -0.0103792 9.93375e-06 7.60568e-05
0.0247793 -0.0109404 0.0249454 -0.0109343 1.30264e-05 0.000425084
0.0247793 -0.0109404 0.0242494 -0.0103792 1.31224e-05 -0.000476211
0.0242494 -0.0103792 0.0248829 -0.00967653 9.93375e-06 0.000118642
0.0242494 -0.0103792 0.0223296 -0.00834582 1.31224e-05 -0.000508449
0.0198216 -0.0111242 0.0237077 -0.0109802 1.30264e-05 0.000422701
0.0198216 -0.0111242 0.0223296 -0.00834582 1.34733e-05 9.95983e-05
0.0223296 -0.00834582 0.0224055 -0.00826172 1.34733e-05 2.04473e-05
0.0223296 -0.00834582 0.0200484 -0.00592953 1.31224e-05 -0.000427181
0.0164576 -0.011249 0.0198216 -0.0111242 1.30264e-05 0.000229348
-0.0443845 0.00715097 -0.0401683 0.0158443 1.18953e-05 0.000203068
-0.0443845 0.00715097 -0.0446941 0.00704962 1.12693e-05 -0.000453542
0.0263925 0.0307137 0.030132 0.0350587 8.11935e-06 0.000330402
0.0263925 0.0307137 0.023476 0.0312348 1.0681e-05 -9.12612e-05
0.030132 0.0350587 0.0301638 0.0350957 8.11935e-06 0.00019388
0.030132 0.0350587 0.0300974 0.0351072 1.2939e-05 -0.000411858
-0.0284001 0.0121737 -0.0226008 0.0165258 1.5516e-05 0.000459075
-0.0284001 0.0121737 -0.0289378 0.0129027 1.24656e-05 -0.000348105
-0.0226008 0.0165258 -0.0224458 0.0166421 1.5516e-05 0.000477738
-0.0226008 0.0165258 -0.0225799 0.0165852 1.3732e-05 0.000143201
-0.0107 0.0331281 -0.010155 0.0333568 1.51738e-05 0.000644728
-0.010155 0.0333568 -0.00984031 0.0336061 8.36425e-06 0.000163116
-0.010155 0.0333568 -0.00974221 0.03353 1.51738e-05 0.00062282
-0.00665768 0.0327966 -0.00904986 0.0329928 9.15033e-06 -0.000229045
-0.00665768 0.0327966 -0.00740003 0.0345127 1.00293e-05 -9.47639e-05
-0.00476734 0.0356172 -0.00487042 0.0400108 1.15373e-05 8.40364e-05
-0.00476734 0.0356172 0.000844887 0.0379719 1.51738e-05 0.000623016
-0.019345 0.00640709 -0.0215846 0.0086025 8.15277e-06 -0.000306207
0.043433 -0.0272324 0.0437786 -0.0275545 1.2078e-05 7.3658e-05
0.043433 -0.0272324 0.0430772 -0.0277015 1.5575e-05 -4.2816e-05
0.0437786 -0.0275545 0.0481079 -0.031589 1.2078e-05 0.000128381
0.0430772 -0.0277015 0.0391887 -0.0328279 1.5575e-05 3.66783e-06
0.0430772 -0.0277015 0.0437786 -0.0275545 1.11417e-05 5.93217e-05
-0.027154 -0.0103632 -0.0303115 -0.00730578 1.16414e-05 -0.000209329
-0.0380061 -0.00757148 -0.0381762 -0.00719954 1.32594e-05 -0.000486882
-0.0380061 -0.00757148 -0.0379267 -0.0075139 1.63056e-05 0.00139926
-0.0242137 0.00649812 -0.0255165 0.00826438 1.24656e-05 -0.000265233
-0.0242137 0.00649812 -0.0215846 0.0086025 1.26917e-05 0.000196698
-0.0255165 0.00826438 -0.0275745 0.0110544 1.24656e-05 -0.000219924
-0.0255165 0.00826438 -0.0241328 0.0121849 1.3732e-05 0.000108351
-0.0216414 0.00301089 -0.02226 0.0038495 1.24656e-05 -0.000186123
-0.02226 0.0038495 -0.0242137 0.00649812 1.24656e-05 -0.000400607
-0.02226 0.0038495 -0.0193494 0.00596057 1.63056e-05 0.000754847
-0.0193494 0.00596057 -0.019345 0.00640709 1.37255e-05 -5.6139e-05
-0.0193494 0.00596057 -0.0190851 0.00615229 1.63056e-05 0.000835563
-0.0349878 -0.00538224 -0.0350111 -0.00482786 1.0821e-05 -6.33177e-05
-0.0349878 -0.00538224 -0.0346817 -0.00516023 1.63056e-05 0.00076854
0.0441807 0.0352941 0.0428878 0.0370718 9.00588e-06 -0.000176805
0.0441807 0.0352941 0.0445732 0.0359649 1.26978e-05 0.000638712
0.0121217 -0.0212338 0.0108836 -0.0210258 9.48961e-06 -0.000212921
0.0121217 -0.0212338 0.012217 -0.0195487 7.90825e-06 -5.3039e-05
-0.0268982 0.00434935 -0.0242137 0.00649812 1.26917e-05 0.000329661
-0.0268982 0.00434935 -0.0255165 0.00826438 1.3732e-05 0.000149481
-0.0420815 0.0200892 -0.0415997 0.020164 9.85554e-06 0.000269713
-0.0420815 0.0200892 -0.0391386 0.0235717 1.00877e-05 0.000125674
-0.0415997 0.020164 -0.037786 0.0207564 9.85554e-06 0.000295717
-0.0415997 0.020164 -0.0371724 0.0220215 1.51738e-05 0.000616078
0.0291638 0.0364212 0.0353244 0.0420387 1.13914e-05 0.000460218
0.0291638 0.0364212 0.0269475 0.0395405 1.2939e-05 -0.000399701
0.0269475 0.0395405 0.0268577 0.0396669 1.2939e-05 -0.000300316
0.0269475 0.0395405 0.0273391 0.0398246 1.63056e-05 0.000990084
0.0281023 0.0354533 0.0291638 0.0364212 1.13914e-05 0.000463814
0.0281023 0.0354533 0.0226227 0.0364037 9.24593e-06 -0.000391682
0.0226227 0.0364037 0.0269475 0.0395405 1.63056e-05 0.00106895
0.0191987 0.031999 0.0170734 0.0323787 1.0681e-05 -0.000664939
0.0191987 0.031999 0.0195031 0.034141 1.41625e-05 -2.83248e-05
-0.0197128 -0.030995 -0.0143238 -0.0295788 1.05961e-05 0.000150008
-0.0197128 -0.030995 -0.0197105 -0.030767 1.37255e-05 0.00026977
-0.0210422 -0.0329542 -0.0219337 -0.0344186 1.60791e-05 -0.000337618
-0.0210422 -0.0329542 -0.0273777 -0.0310576 1.30821e-05 -0.00041904
-0.027755 -0.0229618 -0.0278987 -0.0223904 8.88684e-06 0.000102116
-0.027755 -0.0229618 -0.0269951 -0.022166 1.37901e-05 0.000449361
-0.0269951 -0.022166 -0.0269789 -0.0220619 1.01579e-05 0.000201079
-0.0269951 -0.022166 -0.0268526 -0.0220168 1.37901e-05 0.000406331
-0.0269221 -0.0262751 -0.0273616 -0.0245268 8.88684e-06 0.000197479
0.0161541 0.0105737 0.0162204 0.0110402 1.41625e-05 -1.98263e-05
0.0161541 0.0105737 0.0176482 0.0106568 1.27929e-05 0.0004634
0.0184681 -0.0126236 0.0162629 -0.0113727 9.73556e-06 -6.74648e-05
0.0184681 -0.0126236 0.0198216 -0.0111242 1.34733e-05 0.000286538
0.0404564 0.00993064 0.0422582 0.00952895 1.13389e-05 0.000456482
0.0127103 0.0363392 0.0095709 0.0406688 9.58462e-06 -7.2733e-05
0.0127103 0.0363392 0.00574104 0.0377947 1.36374e-05 -0.000400902
0.0095709 0.0406688 0.0119257 0.0424359 1.5516e-05 0.00051381
0.00574104 0.0377947 0.00406934 0.0381438 1.36374e-05 -0.000486732
0.00574104 0.0377947 0.0095709 0.0406688 1.5516e-05 0.000558739
0.0160961 0.0316698 0.0153601 0.0326848 9.58462e-06 -0.000178667
0.0160961 0.0316698 0.0170734 0.0323787 1.63056e-05 0.00118699
0.00750558 -0.024768 0.00972785 -0.0223062 1.34733e-05 0.000170464
0.00750558 -0.024768 0.00565897 -0.0226419 8.2999e-06 -0.000226297
-0.0225931 -0.0430075 -0.0258941 -0.0409235 7.90631e-06 2.68796e-07
-0.0274073 -0.0310487 -0.0287686 -0.0306412 1.30821e-05 -0.000402525
-0.0232282 -0.0365448 -0.0239141 -0.0356428 9.71601e-06 -0.000202749
-0.0232282 -0.0365448 -0.0258941 -0.0409235 1.60791e-05 -2.35515e-05
-0.0154597 -0.0036427 -0.0150043 -0.0030391 9.88069e-06 0.000147141
-0.0154597 -0.0036427 -0.0149278 -0.00353831 9.36319e-06 0.000299596
-0.0149278 -0.00353831 -0.0135983 -0.0032774 9.36319e-06 0.00034023
-0.0149278 -0.00353831 -0.0150043 -0.0030391 1.00995e-05 -0.000143953
-0.0179688 -0.00696848 -0.0154597 -0.0036427 9.88069e-06 0.000165481
-0.0179688 -0.00696848 -0.014861 -0.00688355 1.48878e-05 0.000763615
-0.0194769 -0.00700969 -0.0194515 -0.0044261 1.37255e-05 -5.78878e-05
-0.0194769 -0.00700969 -0.0179688 -0.00696848 1.48878e-05 0.000756314
-0.0250198 0.045384 -0.0216315 0.0496729 6.28601e-06 5.8894e-05
-0.0250198 0.045384 -0.0267821 0.0467514 1.4215e-05 -0.000212153
-0.0295984 0.0468404 -0.0290562 0.048516 1.1859e-05 0.00013503
-0.029366 -0.0246487 -0.027755 -0.0229618 1.37901e-05 0.000492993
-0.029366 -0.0246487 -0.0295329 -0.0229741 1.09355e-05 0.000183108
-0.0390206 -0.00535364 -0.036494 -0.00333128 1.26917e-05 0.00054217
-0.0390206 -0.00535364 -0.0396812 -0.00390943 1.32594e-05 -0.000732961
-0.0415027 -0.00507432 -0.0415977 0.000280427 9.63493e-06 -9.27436e-05
-0.0415027 -0.00507432 -0.0462374 -0.00810237 1.0221e-05 -0.000582516
0.0119811 0.0426441 0.0124848 0.0428555 1.51738e-05 0.000600017
0.0124848 0.0428555 0.0204962 0.0462167 1.51738e-05 0.000597584
0.0124848 0.0428555 0.0202019 0.0486467 1.5516e-05 0.000506774
0.0220331 0.000803677 0.0219182 0.00142582 1.22318e-05 -1.49678e-06
0.0220331 0.000803677 0.0228706 0.00154227 1.17002e-05 0.000298719
0.0219182 0.00142582 0.021734 0.00242363 1.22318e-05 0.000166361
0.0219182 0.00142582 0.022527 0.00180875 1.62692e-05 0.000619474
0.0228706 0.00154227 0.0247799 0.003226 1.17002e-05 0.00024519
0.0228706 0.00154227 0.022527 0.00180875 1.07231e-05 -0.000200905
0.0197114 -0.00124373 0.0185298 -0.000705702 1.28166e-05 -0.000468251
0.0197114 -0.00124373 0.0220331 0.000803677 1.17002e-05 0.00033534
0.0125258 0.010372 0.0120074 0.0120906 6.22244e-06 -0.000104301
0.0125258 0.010372 0.0161541 0.0105737 1.27929e-05 0.000509268
0.0120074 0.0120906 0.0120682 0.0121552 9.21605e-06 6.37232e-05
0.0120074 0.0120906 0.0119808 0.0121786 6.22244e-06 -0.00010293
0.0204962 0.0462167 0.0202019 0.0486467 1.03192e-05 -9.74014e-05
0.0204962 0.0462167 0.0212649 0.0465392 1.51738e-05 0.000553142
0.0212649 0.0465392 0.0213832 0.0473717 1.41625e-05 -0.000110541
0.0212649 0.0465392 0.0218117 0.0467686 1.51738e-05 0.000521905
0.00448668 -0.0212922 0.00289151 -0.0163252 7.97842e-06 -0.000258707
0.00903417 -0.0159662 0.00909636 -0.0159267 1.00008e-05 0.000291959
0.00903417 -0.0159662 0.00885607 -0.0159421 1.07364e-05 -0.000424515
0.00909636 -0.0159267 0.0162629 -0.0113727 1.00008e-05 0.000364409
0.00909636 -0.0159267 0.012434 -0.0157124 1.49011e-05 0.000760067
0.00885607 -0.0159421 0.00808063 -0.0158373 1.07364e-05 -0.000429937
0.00885607 -0.0159421 0.00909636 -0.0159267 1.49011e-05 0.000808691
0.00828734 -0.0159787 0.00808063 -0.0158373 1.09306e-05 -0.000406906
0.00828734 -0.0159787 0.00885607 -0.0159421 1.49011e-05 0.000804785
-0.0109806 0.0120306 -0.0113885 0.0126261 1.07909e-05 5.31222e-05
-0.0109806 0.0120306 -0.0108359 0.0121356 1.63056e-05 0.000810083
-0.0088263 0.0103513 -0.0108359 0.0121356 1.25275e-05 -0.000306989
-0.0088263 0.0103513 -0.00815913 0.0122567 1.40344e-05 0.000213319
0.0392649 0.0178298 0.0424851 0.023164 1.26421e-05 0.000414143
0.0392649 0.0178298 0.0372428 0.0234371 1.27925e-05 6.26306e-05
0.0424851 0.023164 0.0473331 0.0174133 1.29013e-05 0.000450244
0.0424851 0.023164 0.0473308 0.0311907 1.26421e-05 0.000412677
0.0422582 0.00952895 0.0408791 0.0133534 1.27925e-05 0.00028679
0.0422582 0.00952895 0.0429464 0.00937554 1.13389e-05 0.000348825
0.0408791 0.0133534 0.0392649 0.0178298 1.27925e-05 -1.92681e-05
0.0408791 0.0133534 0.0473331 0.0174133 1.62692e-05 0.00124734
0.0429464 0.00937554 0.05 0.00780312 1.13389e-05 0.000978241
-0.0312063 -0.00643936 -0.03345 -0.00426681 1.16414e-05 -0.000284099
-0.0312063 -0.00643936 -0.0303801 -0.00204019 8.17494e-06 3.00724e-05
-0.03345 -0.00426681 -0.0303801 -0.00204019 1.63056e-05 0.000600212
-0.0303801 -0.00204019 -0.0301289 -0.000702694 8.17494e-06 0.000114132
-0.0303801 -0.00204019 -0.0287311 -0.000844169 1.63056e-05 0.000558069
-0.019582 -0.0176951 -0.0212153 -0.0161136 1.16414e-05 -0.000128282
-0.019582 -0.0176951 -0.0195691 -0.0163799 1.37255e-05 0.000230956
-0.01596 -0.0175358 -0.0160736 -0.0171172 1.23616e-05 5.86396e-05
-0.01596 -0.0175358 -0.0145258 -0.0174437 1.49011e-05 0.000751681
0.0438461 0.0347222 0.0445712 0.0347573 1.00759e-05 0.000107799
0.0438461 0.0347222 0.0441807 0.0352941 1.26978e-05 0.000427773
-0.0105739 -0.0373857 -0.0108718 -0.0362879 1.23616e-05 6.31422e-05
-0.0105739 -0.0373857 -0.019767 -0.0365137 8.65667e-06 -3.45007e-05
-0.019767 -0.0365137 -0.0197501 -0.0347876 1.37255e-05 -1.72341e-05
0.0098459 -0.0208515 0.0101386 -0.0172451 8.35552e-06 -0.000215576
0.0108836 -0.0210258 0.0098459 -0.0208515 9.48961e-06 -0.000172458
0.0108836 -0.0210258 0.012217 -0.0195487 1.34733e-05 0.000140214
0.012217 -0.0195487 0.012394 -0.0164207 7.90825e-06 -8.17465e-05
0.012217 -0.0195487 0.0147526 -0.0167397 1.34733e-05 0.000157064
0.0241753 -0.0157697 0.0251583 -0.0152215 1.27251e-05 0.000153534
0.0339562 0.00453424 0.0352229 0.00593749 1.34733e-05 0.000419133
0.0339562 0.00453424 0.0276142 0.00500892 1.08701e-05 -0.0001823
-0.00793582 0.045604 -0.00813911 0.0457155 9.7738e-06 -0.000134209
-0.00793582 0.045604 -0.00775102 0.0459093 1.13961e-05 7.25069e-05
-0.00775102 0.0459093 -0.00504057 0.0472625 1.14488e-05 0.000230806
-0.00504057 0.0472625 -0.00339885 0.0480821 1.14488e-05 0.000266737
0.0125426 0.00202044 0.0123969 0.00208679 1.28166e-05 -0.000167757
0.0125426 0.00202044 0.00752475 0.00733527 1.31224e-05 -0.000418005
0.013328 0.00112404 0.00943873 0.00343372 9.12102e-06 -0.000144338
0.013328 0.00112404 0.0123969 0.00208679 1.10908e-05 -0.000161667
0.0158851 -0.00151985 0.014869 -0.00044364 1.31224e-05 -0.000349021
0.0158851 -0.00151985 0.0148465 -0.000445997 1.10908e-05 -0.000253081
0.014869 -0.00044364 0.0134666 0.00104172 1.31224e-05 -0.000293689
0.014869 -0.00044364 0.0173774 -0.000180986 1.01219e-05 0.000262383
0.0148465 -0.000445997 0.013328 0.00112404 1.10908e-05 -0.000202398
0.0148465 -0.000445997 0.014869 -0.00044364 1.01219e-05 0.000334116
0.0163883 -0.00205284 0.0158851 -0.00151985 1.31224e-05 -0.000349246
0.0163883 -0.00205284 0.0163959 -0.00204804 1.62692e-05 0.000693205
0.0175022 -0.00319193 0.0197114 -0.00124373 1.17002e-05 0.000290459
0.0175022 -0.00319193 0.0163959 -0.00204804 1.10908e-05 -0.000293111
0.0275579 -0.0138835 0.0334099 -0.0106205 1.27251e-05 4.2915e-05
0.0275579 -0.0138835 0.0271305 -0.0134308 1.31224e-05 -0.000465156
-0.0241328 0.0121849 -0.0226008 0.0165258 1.3732e-05 0.000164289
-0.00426284 0.00629946 -0.0088263 0.0103513 1.25275e-05 -0.000453154
0.00726823 0.0196944 0.00774076 0.0199647 1.07911e-05 9.03363e-05
0.00726823 0.0196944 0.00721332 0.020374 1.08643e-05 -0.000142835
0.00146001 0.021054 -0.0036016 0.025001 1.07746e-05 -0.000245814
0.00146001 0.021054 0.00398063 0.0228823 1.63056e-05 0.000546354
0.012394 -0.0164207 0.012434 -0.0157124 7.90825e-06 -1.83306e-05
0.012394 -0.0164207 0.00903417 -0.0159662 1.07364e-05 -0.000403615
0.0158797 -0.0154911 0.0184681 -0.0126236 1.34733e-05 0.000452327
0.0158797 -0.0154911 0.0227457 -0.0150502 1.49011e-05 0.00074052
-0.042201 0.00159915 -0.0431674 0.00145205 9.39661e-06 -0.000543915
-0.042201 0.00159915 -0.0445677 0.0067732 1.32594e-05 -0.0001537
-0.00919875 0.013323 -0.00730474 0.0146968 1.63056e-05 0.000544914
-0.00730474 0.0146968 0.00146001 0.021054 1.63056e-05 0.00062636
-0.00730474 0.0146968 -0.00647209 0.0170748 1.40344e-05 -8.95595e-05
-0.00771753 0.0135179 -0.00730474 0.0146968 1.40344e-05 5.06672e-06
-0.0284168 4.63988e-05 -0.0261144 0.00105378 8.78703e-06 0.000199269
-0.0284168 4.63988e-05 -0.0268982 0.00434935 1.3732e-05 6.38794e-05
-0.0261144 0.00105378 -0.0216414 0.00301089 8.78703e-06 0.000187087
-0.0261144 0.00105378 -0.02226 0.0038495 1.63056e-05 0.000590875
-0.00645661 0.0323318 -0.00665768 0.0327966 1.00293e-05 -0.000121115
-0.00659417 0.0310874 -0.00645661 0.0323318 1.01129e-05 1.32265e-05
-0.00659417 0.0310874 -0.00904986 0.0329928 1.4215e-05 -0.000455972
-0.00904986 0.0329928 -0.00974221 0.03353 1.4215e-05 -0.000455965
-0.00904986 0.0329928 -0.0104677 0.0331091 9.15033e-06 -0.000229056
0.03793 0.0246114 0.0397327 0.0264288 9.01757e-06 6.23821e-05
0.03793 0.0246114 0.0392963 0.0269465 1.26978e-05 1.8796e-05
0.0397327 0.0264288 0.0424851 0.023164 1.29013e-05 0.000448807
0.0392963 0.0269465 0.0397327 0.0264288 1.29013e-05 0.000405204
0.0392963 0.0269465 0.0438461 0.0347222 1.26978e-05 0.000187066
-0.00463572 0.0300075 -0.00469739 0.0326358 1.15373e-05 -9.42258e-05
-0.00463572 0.0300075 -0.000984332 0.0327477 1.5516e-05 0.000602609
-0.00492381 0.0297913 -0.00557686 0.0302981 1.4215e-05 -0.000511202
-0.00492381 0.0297913 -0.00463572 0.0300075 1.5516e-05 0.000601686
-0.0415977 0.000280427 -0.042201 0.00159915 1.32594e-05 -0.00042351
-0.0415977 0.000280427 -0.0416227 0.00168717 9.63493e-06 -0.000159155
-0.0263125 -0.0416107 -0.0270488 -0.0410807 9.10258e-06 -2.02468e-05
-0.0145508 -0.00599786 -0.0149278 -0.00353831 1.00995e-05 -0.000106281
-0.0145508 -0.00599786 -0.0135983 -0.0032774 1.40344e-05 0.000182128
-0.0135983 -0.0032774 -0.00916596 0.00938121 1.40344e-05 0.000232055
-0.0135983 -0.0032774 -0.00788708 -0.00215657 9.36319e-06 0.000265395
-0.014417 -0.00687141 -0.0145508 -0.00599786 1.00995e-05 -8.52754e-05
-0.014417 -0.00687141 -0.0123352 -0.00681452 1.48878e-05 0.000778022
-0.0123352 -0.00681452 -0.00500566 -0.00661422 1.48878e-05 0.000854702
-0.0123352 -0.00681452 -0.00788708 -0.00215657 1.37901e-05 0.000361253
-0.0422482 0.0198919 -0.0420815 0.0200892 1.00877e-05 0.000228308
-0.0422482 0.0198919 -0.0415997 0.020164 1.51738e-05 0.000632969
0.0421934 0.0446905 0.0439458 0.0429929 1.1863e-05 0.000336825
0.0421934 0.0446905 0.05 0.0472478 1.31454e-05 0.00101082
0.0439458 0.0429929 0.0469708 0.0400624 1.1863e-05 0.000757991
0.0289648 0.00693753 0.0207417 0.00779796 1.24123e-05 -0.00048234
0.0289648 0.00693753 0.0305011 0.00720542 1.24545e-05 0.000455702
0.0207417 0.00779796 0.0158327 0.00831161 1.24123e-05 -0.00056362
0.0207417 0.00779796 0.0203477 0.00993191 1.22318e-05 -0.000391816
0.0305011 0.00720542 0.0313378 0.00735132 1.24545e-05 0.000646444
0.0305011 0.00720542 0.0267884 0.00820239 1.26244e-05 -0.000633473
0.0304354 0.00678365 0.0289648 0.00693753 1.24123e-05 -0.000392473
0.0304354 0.00678365 0.030925 0.0070916 1.62692e-05 0.000934065
0.030925 0.0070916 0.0313378 0.00735132 1.62692e-05 0.00125544
0.030925 0.0070916 0.0305011 0.00720542 1.26244e-05 -0.000445299
-0.0345111 -0.028922 -0.0374147 -0.0280527 1.30821e-05 -3.53288e-05
-0.0345111 -0.028922 -0.0370599 -0.0293426 1.47183e-05 -0.000753382
-0.039956 -0.0374968 -0.0368226 -0.0355257 1.62692e-05 0.000870819
-0.039956 -0.0374968 -0.0383537 -0.0423094 1.18976e-05 -0.000210723
-0.0383467 0.0238675 -0.0388302 0.0239366 1.32272e-05 -0.000854396
-0.0383467 0.0238675 -0.0373111 0.0242543 9.91969e-06 0.000421684
-0.0388302 0.0239366 -0.0423429 0.0244386 1.32272e-05 -0.000963518
-0.0388302 0.0239366 -0.0358793 0.0274286 1.00877e-05 4.72481e-05
-0.0373111 0.0242543 -0.0358193 0.0248116 9.91969e-06 8.2374e-05
-0.0227609 0.0216401 -0.0341888 0.0232733 1.32272e-05 -0.000684423
-0.0227609 0.0216401 -0.0225505 0.0219376 1.18851e-05 0.000514429
-0.0341888 0.0232733 -0.0364113 0.0235909 1.32272e-05 -0.000739464
-0.0341888 0.0232733 -0.0191698 0.0295746 1.51738e-05 0.000846542
-0.0225505 0.0219376 -0.0188718 0.0271413 1.18851e-05 0.000291789
-0.0208902 0.0213727 -0.0227609 0.0216401 1.32272e-05 -0.000413613
-0.0208902 0.0213727 -0.0208702 0.0214295 1.3732e-05 0.000271166
-0.0208702 0.0214295 -0.0225505 0.0219376 1.1291e-05 -0.000234355
-0.0208702 0.0214295 -0.0188673 0.0271046 1.3732e-05 0.000311223
-0.00557686 0.0302981 -0.00659417 0.0310874 1.4215e-05 -0.000490217
-0.00557686 0.0302981 -0.00645661 0.0323318 1.00293e-05 -0.000134451
0.0163959 -0.00204804 0.0158851 -0.00151985 1.10908e-05 -0.000252814
0.0163959 -0.00204804 0.0185298 -0.000705702 1.62692e-05 0.000665734
0.0185298 -0.000705702 0.0219182 0.00142582 1.62692e-05 0.000745676
0.0185298 -0.000705702 0.0173774 -0.000180986 1.28166e-05 -0.000569728
0.0201473 -0.00592683 0.0175022 -0.00319193 1.10908e-05 -0.000288804
0.0201473 -0.00592683 0.0246236 -0.0058045 1.48878e-05 0.000637011
0.0246236 -0.0058045 0.0246905 -0.00580267 1.48878e-05 0.000645296
0.0246236 -0.0058045 0.0246871 -0.00573422 1.34733e-05 0.000259662
0.0251422 -0.0148963 0.0258196 -0.0148528 1.49011e-05 0.000643343
0.0251422 -0.0148963 0.0249549 -0.0111265 1.16344e-05 -0.000229173
-0.014861 -0.00688355 -0.0145508 -0.00599786 1.40344e-05 0.000167012
-0.014861 -0.00688355 -0.014417 -0.00687141 1.48878e-05 0.000765776
0.00480386 0.0370914 0.00409458 0.0380418 1.24523e-05 -0.00026542
0.00480386 0.0370914 0.00574104 0.0377947 1.5516e-05 0.000483301
0.0211521 0.0055752 0.0289648 0.00693753 1.24545e-05 0.000366139
0.0211521 0.0055752 0.0207417 0.00779796 1.22318e-05 -0.000474295
-0.0289101 -0.0183674 -0.0263802 -0.0182049 1.49011e-05 0.000296716
0.0058538 0.00556267 0.00752475 0.00733527 9.21605e-06 -7.2668e-05
0.0058538 0.00556267 0.003323 0.0070656 9.12102e-06 -0.000503221
-0.0225799 0.0165852 -0.0224458 0.0166421 1.0545e-05 0.000257029
-0.0225799 0.0165852 -0.0208902 0.0213727 1.3732e-05 0.00015038
0.043868 -0.0328777 0.0377375 -0.034741 1.95757e-05 -0.000137647
0.043868 -0.0328777 0.0495557 -0.0329383 1.33097e-05 0.000105659
0.0377375 -0.034741 0.0257831 -0.0383745 1.95757e-05 -6.15772e-05
0.0377375 -0.034741 0.032461 -0.0416973 1.5575e-05 -1.28325e-05
0.0495557 -0.0329383 0.05 -0.0329431 1.33097e-05 0.000112388
0.0495557 -0.0329383 0.05 -0.0333524 1.2078e-05 6.7707e-05
0.0446681 -0.0326345 0.043868 -0.0328777 1.95757e-05 -0.000144995
0.0144954 0.0338774 0.01575 0.0357044 1.01369e-05 -0.000308595
0.0144954 0.0338774 0.0127103 0.0363392 9.58462e-06 -0.000316777
0.00406934 0.0381438 0.00380471 0.0392137 1.30272e-05 -0.000127698
0.00406934 0.0381438 0.00400901 0.0381564 1.36374e-05 -0.000499401
0.00380471 0.0392137 0.00275943 0.0434398 1.30272e-05 -0.000143289
0.00380471 0.0392137 0.0119811 0.0426441 1.51738e-05 0.00059039
0.00400901 0.0381564 0.00335937 0.0390268 1.24523e-05 -0.000267568
0.00400901 0.0381564 0.00219009 0.0385363 1.36374e-05 -0.000505319
0.00440388 0.0367912 0.00409458 0.0380418 1.30272e-05 -0.000149208
0.00440388 0.0367912 0.00480386 0.0370914 1.5516e-05 0.000431936
0.00409458 0.0380418 0.00400901 0.0381564 1.24523e-05 -0.000274049
0.00409458 0.0380418 0.00406934 0.0381438 1.30272e-05 -0.00014096
-0.000984332 0.0327477 0.000844887 0.0379719 1.40344e-05 0.000164612
-0.000984332 0.0327477 0.00440388 0.0367912 1.5516e-05 0.000528721
-0.0295329 -0.0229741 -0.0278987 -0.0223904 1.04116e-05 0.000264366
-0.0295329 -0.0229741 -0.0299853 -0.0184364 1.09355e-05 0.000285573
-0.0278987 -0.0223904 -0.0269789 -0.0220619 1.04116e-05 0.000226809
-0.0278987 -0.0223904 -0.0289101 -0.0183674 8.88684e-06 0.000146117
-0.023414 -0.0270908 -0.0265854 -0.0276142 1.47183e-05 -0.000597153
-0.023414 -0.0270908 -0.0196511 -0.0247238 1.62692e-05 0.000782744
-0.0196511 -0.0247238 -0.0155774 -0.0221612 1.62692e-05 0.000804014
-0.0196511 -0.0247238 -0.0195827 -0.0177684 1.37255e-05 0.000271487
-0.0196683 -0.0264728 -0.023414 -0.0270908 1.47183e-05 -0.000592972
-0.0196683 -0.0264728 -0.0196511 -0.0247238 1.37255e-05 0.000296699
-0.0197105 -0.030767 -0.0198753 -0.0310377 1.60791e-05 -0.000440366
-0.0197105 -0.030767 -0.0196683 -0.0264728 1.37255e-05 0.000190761
-0.0155774 -0.0221612 -0.0148322 -0.0216924 1.62692e-05 0.000860924
-0.0160736 -0.0171172 -0.0174234 -0.0121428 1.23616e-05 2.77756e-05
-0.0160736 -0.0171172 -0.0195691 -0.0163799 1.142e-05 -0.000353979
-0.0174234 -0.0121428 -0.0162851 -0.0109507 1.37901e-05 0.000567108
-0.0145258 -0.0174437 -0.0160736 -0.0171172 1.142e-05 -0.000387388
-0.0145258 -0.0174437 -0.0114798 -0.0172481 1.49011e-05 0.000760663
-0.0148322 -0.0216924 -0.01596 -0.0175358 1.23616e-05 0.000133947
-0.0148322 -0.0216924 -0.0137843 -0.0210332 1.62692e-05 0.000961521
0.0282525 -0.0308081 0.0430772 -0.0277015 1.11417e-05 0.000124302
-0.0108359 0.0121356 -0.0113885 0.0126261 1.25275e-05 -4.57583e-05
-0.0108359 0.0121356 -0.00919875 0.013323 1.63056e-05 0.000609381
-0.00185422 0.0041609 -0.00426284 0.00629946 1.25275e-05 -0.00035439
-0.00185422 0.0041609 -0.00113728 0.00491166 1.37901e-05 0.000278592
0.0269329 -0.0348514 0.0272542 -0.0348113 1.39085e-05 -4.72256e-06
0.0269329 -0.0348514 0.0274118 -0.0333841 8.16576e-06 -0.000164051
0.00507009 0.00993521 0.00478537 0.00946755 1.60791e-05 -0.000191899
0.00507009 0.00993521 0.00505005 0.00995643 1.31224e-05 -0.000275588
0.00774076 0.0199647 0.00721332 0.020374 1.4215e-05 -0.000377542
0.00774076 0.0199647 0.0130122 0.0229802 1.07911e-05 8.3686e-05
-0.00500566 -0.00661422 -0.0114798 -0.0172481 1.60791e-05 -0.000654575
-0.00500566 -0.00661422 0.00018814 -0.00647228 1.48878e-05 0.000942708
0.0097795 -0.00621016 0.0142172 -0.00608889 1.48878e-05 0.000846529
0.0097795 -0.00621016 0.0139478 -0.00358803 1.62692e-05 0.000750053
0.0019896 -0.0111105 0.00018814 -0.00647228 1.07296e-05 -0.000249643
0.0019896 -0.0111105 0.00447924 -0.00954434 1.62692e-05 0.000758509
0.00156331 -0.0113786 0.0019896 -0.0111105 1.62692e-05 0.000794671
0.00464393 -0.0153724 0.00435273 -0.0132869 1.12721e-05 -0.000138705
0.00464393 -0.0153724 0.00358953 -0.0152298 1.07364e-05 -0.000324264
-0.0446941 0.00704962 -0.044899 0.00698257 1.12693e-05 -0.000716517
-0.0446941 0.00704962 -0.04541 0.00861457 1.32594e-05 -2.80079e-05
-0.0213221 -0.0160101 -0.025423 -0.0120392 1.16414e-05 -0.000370798
-0.0114798 -0.0172481 -0.011932 -0.0179908 1.60791e-05 -0.000838591
-0.0114798 -0.0172481 -0.00734508 -0.0169825 1.49011e-05 0.000959227
-0.0137843 -0.0210332 -0.0146329 -0.0224269 1.60791e-05 -0.000922741
-0.0137843 -0.0210332 -0.0096972 -0.0184622 1.62692e-05 0.0010285
0.00289151 -0.0163252 0.00398765 -0.0162548 1.49011e-05 0.00101362
-0.0336833 -0.0291698 -0.0345111 -0.028922 1.30821e-05 -0.000263758
-0.0336833 -0.0291698 -0.0332476 -0.0287135 1.37901e-05 0.000579216
-0.0266742 -0.040431 -0.0270488 -0.0410807 1.09276e-05 1.68653e-05
0.0251811 -0.0156811 0.0259033 -0.0148474 1.24579e-05 -0.000118109
0.0251811 -0.0156811 0.0251583 -0.0152215 1.16344e-05 -0.000523202
0.0259033 -0.0148474 0.0259725 -0.0147675 1.24579e-05 -1.64905e-05
0.0259033 -0.0148474 0.0283213 -0.0146921 1.49011e-05 0.000517501
0.0251583 -0.0152215 0.0258196 -0.0148528 1.27251e-05 0.000152208
0.0251583 -0.0152215 0.0251422 -0.0148963 1.16344e-05 -0.000521751
0.0247971 -0.0161244 0.0251811 -0.0156811 1.24579e-05 -0.000149945
0.0247971 -0.0161244 0.0241753 -0.0157697 9.41565e-06 -0.000422617
-0.0365741 0.0232552 -0.0368701 0.0236565 1.24656e-05 -0.000424584
-0.0365741 0.0232552 -0.0364113 0.0235909 1.18953e-05 4.72875e-05
-0.0368701 0.0236565 -0.0383467 0.0238675 1.32272e-05 -0.000707088
-0.0368701 0.0236565 -0.0373111 0.0242543 1.24656e-05 -0.000270011
-0.0364113 0.0235909 -0.0368701 0.0236565 1.32272e-05 -0.000561416
-0.0364113 0.0235909 -0.0358193 0.0248116 1.18953e-05 -0.000150697
-0.0360206 0.0225048 -0.0365741 0.0232552 1.24656e-05 -0.000453914
-0.0360206 0.0225048 -0.0341888 0.0232733 1.51738e-05 0.000798561
-0.037786 0.0207564 -0.0371724 0.0220215 1.18953e-05 0.000110371
-0.037786 0.0207564 -0.035045 0.0211822 9.85554e-06 0.000257531
0.0391887 -0.0328279 0.0428125 -0.0328665 1.33097e-05 0.00011662
0.0391887 -0.0328279 0.0387768 -0.0333709 1.5575e-05 6.81209e-05
0.0428125 -0.0328665 0.043868 -0.0328777 1.33097e-05 0.000116466
0.0428125 -0.0328665 0.0446681 -0.0326345 1.39085e-05 0.000104519
0.0120682 0.0121552 0.0119808 0.0121786 1.26244e-05 -0.000547729
0.0119808 0.0121786 0.00778452 0.0133055 1.26244e-05 -0.000526334
0.0119808 0.0121786 0.01021 0.0180488 6.22244e-06 -0.000146337
0.0176482 0.0106568 0.0162204 0.0110402 1.26244e-05 -0.000461797
0.0176482 0.0106568 0.0201877 0.010798 1.27929e-05 0.000422008
0.0201877 0.010798 0.018563 0.0195976 1.22318e-05 -8.43447e-05
0.0201877 0.010798 0.0286056 0.011266 1.27929e-05 0.000132946
0.0294388 -0.0056729 0.0287675 -0.0053672 1.28166e-05 -0.000537257
0.0294388 -0.0056729 0.0339577 -0.00554941 1.48878e-05 0.000725701
0.0339577 -0.00554941 0.0416797 -0.00533838 1.48878e-05 0.00107349
-0.022965 0.0437897 -0.0258099 0.0443839 1.36374e-05 -0.000273922
-0.022965 0.0437897 -0.0250198 0.045384 1.4215e-05 -0.000208078
0.0473331 0.0174133 0.05 0.0142499 1.29013e-05 0.000556814
0.0473331 0.0174133 0.05 0.0190909 1.62692e-05 0.00116284
0.00565897 -0.0226419 0.00448668 -0.0212922 8.2999e-06 -0.000129531
0.00565897 -0.0226419 0.0047602 -0.0162052 1.12721e-05 -0.000313813
0.00972785 -0.0223062 0.0098459 -0.0208515 8.35552e-06 -1.97099e-05
0.00972785 -0.0223062 0.0108836 -0.0210258 1.34733e-05 0.000168712
0.0360119 0.0426656 0.0421934 0.0446905 1.31454e-05 0.000650003
0.0358587 0.0424487 0.0388314 0.0426487 1.15421e-05 0.000606661
0.0358587 0.0424487 0.0358586 0.0425258 7.66772e-06 -0.000207871
0.0358586 0.0425258 0.0360119 0.0426656 1.13914e-05 0.000118223
0.0358586 0.0425258 0.0358584 0.0426153 7.66772e-06 -0.000212066
0.0213832 0.0473717 0.021727 0.0497912 1.41625e-05 -0.000183309
0.0213832 0.0473717 0.0203815 0.0487815 1.2939e-05 -0.000329384
0.0469708 0.0400624 0.05 0.0452393 1.26978e-05 0.00052497
0.0469708 0.0400624 0.05 0.037128 1.1863e-05 0.000651668
0.0102691 0.0102466 0.0125258 0.010372 1.27929e-05 0.000489816
0.0102691 0.0102466 0.0120074 0.0120906 9.21605e-06 6.46493e-05
0.00478537 0.00946755 0.003323 0.0070656 1.60791e-05 -0.00053083
-0.0381762 -0.00719954 -0.0390206 -0.00535364 1.32594e-05 -0.000469235
-0.0188718 0.0271413 -0.0191698 0.0295746 1.27697e-05 1.55436e-05
-0.0188718 0.0271413 -0.018837 0.0271905 1.18851e-05 0.000295253
-0.018837 0.0271905 -0.0177915 0.0301529 1.3732e-05 0.000275377
-0.018837 0.0271905 -0.0163004 0.0307785 1.18851e-05 0.000288551
0.0276142 0.00500892 0.0211676 0.00549144 1.08701e-05 -0.000238663
0.0276142 0.00500892 0.0304354 0.00678365 1.62692e-05 0.000742966
-0.0350111 -0.00482786 -0.036494 -0.00333128 9.16333e-06 -0.000232296
-0.0350111 -0.00482786 -0.03512 -0.00223149 1.0821e-05 -7.82843e-05
-0.036494 -0.00333128 -0.03512 -0.00223149 1.26917e-05 0.000374453
-0.03512 -0.00223149 -0.029763 0.00205631 1.26917e-05 0.000307708
-0.0308333 -0.00680052 -0.0287311 -0.000844169 1.3732e-05 0.000154605
-0.0308333 -0.00680052 -0.0312063 -0.00643936 1.16414e-05 -0.000290057
-0.0287311 -0.000844169 -0.0284168 4.63988e-05 1.3732e-05 0.000123446
-0.0287311 -0.000844169 -0.0261144 0.00105378 1.63056e-05 0.00058431
-0.0303115 -0.00730578 -0.0194769 -0.00700969 1.48878e-05 0.000752221
-0.0303115 -0.00730578 -0.0308333 -0.00680052 1.16414e-05 -0.000308203
-0.0273777 -0.0310576 -0.0274073 -0.0310487 1.30821e-05 -0.00031554
0.0334099 -0.0106205 0.0365093 -0.00889228 1.27251e-05 0.000165409
0.0249454 -0.0109343 0.0294373 -0.0107677 1.30264e-05 0.000367285
0.0249454 -0.0109343 0.0248829 -0.00967653 1.16344e-05 -0.000151924
0.028468 -0.00569944 0.0287675 -0.0053672 9.93375e-06 8.62274e-05
0.028468 -0.00569944 0.0294388 -0.0056729 1.48878e-05 0.000639815
0.0287675 -0.0053672 0.0261104 -0.00415739 1.28166e-05 -0.000470425
0.0248829 -0.00967653 0.028468 -0.00569944 9.93375e-06 0.000115853
0.0248829 -0.00967653 0.0246905 -0.00580267 1.16344e-05 -0.000149543
0.0246905 -0.00580267 0.0246871 -0.00573422 1.16344e-05 -0.000117235
0.0246905 -0.00580267 0.028468 -0.00569944 1.48878e-05 0.000620048
-0.00984031 0.0336061 -0.0077308 0.0352773 8.36425e-06 0.000155518
-0.00984031 0.0336061 -0.0151255 0.0377069 1.4215e-05 -0.000442891
-0.0151255 0.0377069 -0.0206952 0.0420286 1.4215e-05 -0.000107226
-0.00974221 0.03353 -0.00984031 0.0336061 1.4215e-05 -0.000447361
-0.00974221 0.03353 -0.00740003 0.0345127 1.51738e-05 0.00061476
-0.00740003 0.0345127 -0.0077308 0.0352773 1.00293e-05 -0.000129699
-0.00740003 0.0345127 -0.00476734 0.0356172 1.51738e-05 0.000637851
-0.00487042 0.0400108 -0.00496339 0.0439732 1.15373e-05 -7.53935e-05
-0.00487042 0.0400108 -0.0105974 0.0412068 1.36374e-05 -0.000307106
0.000844887 0.0379719 0.0011207 0.0387596 1.40344e-05 0.000200907
0.000844887 0.0379719 0.00219009 0.0385363 1.51738e-05 0.000589445
-0.0371724 0.0220215 -0.0360206 0.0225048 1.51738e-05 0.000641437
-0.0371724 0.0220215 -0.0365741 0.0232552 1.18953e-05 7.80234e-05
0.0153601 0.0326848 0.0144954 0.0338774 9.58462e-06 -0.000750526
0.0170734 0.0323787 0.0153601 0.0326848 1.0681e-05 -0.000513159
0.0170734 0.0323787 0.0195031 0.034141 1.63056e-05 0.00108757
0.0195031 0.034141 0.0208288 0.0434703 1.41625e-05 -0.000262593
0.0195031 0.034141 0.0226227 0.0364037 1.63056e-05 0.00129105
-0.025423 -0.0120392 -0.027154 -0.0103632 1.16414e-05 -0.000398979
-0.0263802 -0.0182049 -0.025423 -0.0120392 1.01579e-05 -3.22971e-05
-0.0263802 -0.0182049 -0.0230055 -0.0179882 1.49011e-05 0.00048126
-0.0230055 -0.0179882 -0.0195827 -0.0177684 1.49011e-05 0.000551655
-0.0230055 -0.0179882 -0.0212153 -0.0161136 1.37901e-05 0.000474002
-0.0269789 -0.0220619 -0.0263802 -0.0182049 1.01579e-05 0.000238419
-0.0269789 -0.0220619 -0.0268526 -0.0220168 1.04116e-05 0.000190379
-0.0268526 -0.0220168 -0.0230055 -0.0179882 1.37901e-05 0.000550068
0.0162204 0.0110402 0.0120682 0.0121552 1.26244e-05 -0.000594248
0.0162204 0.0110402 0.0173778 0.0191846 1.41625e-05 9.82401e-05
0.0162629 -0.0113727 0.0160701 -0.0112633 9.73556e-06 0.000109504
0.0162629 -0.0113727 0.0164576 -0.011249 1.00008e-05 0.000192134
-0.0258941 -0.0409235 -0.0266742 -0.040431 7.90631e-06 -2.45865e-05
-0.0258941 -0.0409235 -0.0263125 -0.0416107 1.60791e-05 -1.13298e-05
0.0202019 0.0486467 0.0203815 0.0487815 1.5516e-05 0.000402719
0.0202019 0.0486467 0.0201453 0.0491138 1.03192e-05 5.90568e-05
0.022527 0.00180875 0.0247799 0.003226 1.62692e-05 0.000528976
0.022527 0.00180875 0.021734 0.00242363 1.07231e-05 -6.36008e-05
0.0247799 0.003226 0.0276142 0.00500892 1.62692e-05 0.000705308
0.0123969 0.00208679 0.00943873 0.00343372 1.28166e-05 -0.000307655
0.00752475 0.00733527 0.00820837 0.00806049 9.21605e-06 -3.0019e-06
0.00752475 0.00733527 0.00559123 0.00938323 1.31224e-05 -0.000466932
0.0203815 0.0487815 0.0201453 0.0491138 1.2939e-05 -4.70994e-05
0.0203815 0.0487815 0.021727 0.0497912 1.5516e-05 0.000167318
0.012434 -0.0157124 0.0158797 -0.0154911 1.49011e-05 0.000750338
0.00808063 -0.0158373 0.00464393 -0.0153724 1.07364e-05 -0.000411428
0.00808063 -0.0158373 0.00625844 -0.0145907 1.09306e-05 -0.000425086
-0.0212153 -0.0161136 -0.0213221 -0.0160101 1.16414e-05 -0.000113866
-0.0212153 -0.0161136 -0.021151 -0.0160462 1.37901e-05 0.000461832
0.0271305 -0.0134308 0.0294373 -0.0107677 1.24579e-05 2.88163e-05
0.0271305 -0.0134308 0.0249549 -0.0111265 1.31224e-05 -0.000476379
0.0258196 -0.0148528 0.0259725 -0.0147675 1.27251e-05 0.000200084
0.0258196 -0.0148528 0.0259033 -0.0148474 1.49011e-05 0.000602458
0.0259725 -0.0147675 0.0271305 -0.0134308 1.24579e-05 1.69948e-05
0.0259725 -0.0147675 0.0275579 -0.0138835 1.27251e-05 0.000167302
0.00943873 0.00343372 0.00552625 0.00521519 1.28166e-05 -0.000276785
0.00943873 0.00343372 0.0058538 0.00556267 9.12102e-06 -0.000187715
0.0173774 -0.000180986 0.0125426 0.00202044 1.28166e-05 -0.000362511
0.00721332 0.020374 0.00684286 0.0249583 1.08643e-05 -3.95636e-05
0.00721332 0.020374 0.00398063 0.0228823 1.4215e-05 -0.000456471
0.00398063 0.0228823 0.00684286 0.0249583 1.63056e-05 0.000579108
0.00398063 0.0228823 -0.000452369 0.0263219 1.4215e-05 -0.000494042
-0.00788708 -0.00215657 -0.00185422 0.0041609 1.37901e-05 0.000541451
0.0313378 0.00735132 0.0374633 0.00841944 1.24545e-05 0.00031674
0.0313378 0.00735132 0.0339193 0.00897524 1.62692e-05 0.00150783
-0.0358193 0.0248116 -0.0317931 0.0263155 9.91969e-06 -9.83362e-05
-0.0191698 0.0295746 -0.0206952 0.0420286 1.27697e-05 0.000201444
-0.0191698 0.0295746 -0.0177915 0.0301529 1.51738e-05 0.000690095
0.0246871 -0.00573422 0.0261104 -0.00415739 1.34733e-05 0.000227363
0.0246871 -0.00573422 0.024574 -0.0034578 1.16344e-05 -7.98307e-05
0.0249549 -0.0111265 0.0249454 -0.0109343 1.16344e-05 -0.000216639
0.0249549 -0.0111265 0.0247793 -0.0109404 1.31224e-05 -0.000487492
0.00335937 0.0390268 0.00189929 0.0409832 1.24523e-05 -0.000268239
0.00335937 0.0390268 0.00380471 0.0392137 1.51738e-05 0.000577005
0.00219009 0.0385363 0.0011207 0.0387596 1.36374e-05 -0.000490864
0.00219009 0.0385363 0.00335937 0.0390268 1.51738e-05 0.000576454
0.003323 0.0070656 0.00134152 0.00381103 1.60791e-05 -0.000816287
0.0011207 0.0387596 -0.00487042 0.0400108 1.36374e-05 -0.000441984
0.0011207 0.0387596 0.00189929 0.0409832 1.40344e-05 0.00015341
-0.0195827 -0.0177684 -0.019582 -0.0176951 1.37255e-05 0.000235609
-0.0195827 -0.0177684 -0.019511 -0.0177638 1.49011e-05 0.000584702
0.0294373 -0.0107677 0.0312086 -0.00872297 1.24579e-05 0.000287741
0.0294373 -0.0107677 0.0334099 -0.0106205 1.30264e-05 0.00011966
0.0261104 -0.00415739 0.027803 -0.00228235 1.34733e-05 0.000150547
0.0261104 -0.00415739 0.024574 -0.0034578 1.28166e-05 -0.000389673
-0.0206952 0.0420286 -0.020857 0.0433495 1.27697e-05 0.000239856
-0.0206952 0.0420286 -0.022965 0.0437897 1.4215e-05 -0.000141732
-0.0177915 0.0301529 -0.0151255 0.0377069 1.3732e-05 0.000347471
-0.0177915 0.0301529 -0.0163004 0.0307785 1.51738e-05 0.000624852
-0.0163004 0.0307785 -0.0107 0.0331281 1.51738e-05 0.000850863
0.00684286 0.0249583 0.00725646 0.0252583 1.63056e-05 0.000552747
0.024574 -0.0034578 0.0226589 -0.00258582 1.28166e-05 -0.00046214
0.00189929 0.0409832 -0.00339885 0.0480821 1.24523e-05 -0.000245241
0.00189929 0.0409832 0.00275943 0.0434398 1.40344e-05 0.000133005
