0.1	0
0.108437	0
0.117585	0
0.127505	0
0.138262	0
0.149927	0
0.162576	0
0.176291	0
0.191164	0
0.207292	0
0.224781	0
0.243744	0
0.264308	0
0.286607	0
0.310787	0
0.337006	0
0.365438	0
0.396269	0
0.4297	0
0.465953	0
0.505263	0
0.54789	0
0.594113	0
0.644236	0
0.698588	0
0.757525	0
0.821434	0
0.890735	0
0.965883	0
1.04737	0
1.13573	0
1.23155	0
1.33545	0
1.44812	0
1.57029	0
1.70277	0
1.84642	0
2.0022	0
2.17112	0
2.35429	0
2.55291	0
2.76829	0
3.00184	0
3.25509	0
3.52971	0
3.82749	0
4.1504	0
4.50056	0
4.88025	0
5.29198	0
5.73844	0
6.22257	0
6.74754	0
7.31681	0
7.9341	0
8.60346	0
9.3293	0
10.1164	0
10.9699	0
11.8953	0
12.8989	0
13.9871	0
15.1672	0
16.4468	0
17.8343	0
19.3389	0
20.9705	0
22.7397	0
24.6581	0
26.7384	0
28.9942	0
31.4404	0
34.0929	0
36.9691	0
40.0881	0
43.4701	0
47.1375	0
51.1143	0
55.4266	0
60.1028	0
65.1734	0
70.6718	0
76.6341	0
83.0994	0
90.1102	0
97.7124	0
105.956	0
114.895	0
124.588	0
135.099	0
146.497	8.09103e-07
158.857	7.46153e-07
172.259	6.881e-07
186.791	2.53826e-06
202.55	6.43714e-06
219.639	1.40313e-05
238.169	1.64234e-05
258.262	2.70785e-05
280.05	3.5553e-05
303.677	5.11319e-05
329.297	5.61525e-05
357.079	7.60159e-05
387.204	8.75506e-05
419.871	0.000112357
455.294	0.00011507
493.705	0.000146212
535.357	0.000153877
580.523	0.000164365
629.499	0.000180386
682.607	0.000180417
740.196	0.000195204
802.643	0.000196852
870.359	0.000189572
943.788	0.000212751
1023.41	0.000199326
1109.75	0.00020283
1203.38	0.000196997
1304.9	0.000210647
1414.99	0.000200541
1534.37	0.000206414
1663.82	0.000203748
1804.19	0.00019913
1956.4	0.000206418
2121.45	0.000200583
2300.43	0.000201671
2494.51	0.000206366
2704.96	0.000203193
2933.17	0.000203266
3180.63	0.000204445
3448.96	0.000202285
3739.94	0.000203471
4055.46	0.000205791
4397.6	0.000200346
4768.61	0.000202183
5170.92	9.0086e-05
5607.17	3.61481e-06
6080.22	8.77255e-07
6593.19	4.67424e-07
7149.43	3.31582e-08
7752.6	4.58677e-08
8406.65	0
9115.89	0
9884.96	0
10718.9	0
11623.2	0
12603.8	0
13667.2	0
14820.2	0
16070.5	0
17426.3	0
18896.5	0
20490.7	0
22219.5	0
24094	0
26126.8	0
28331	0
30721.1	0
33312.9	0
36123.4	0
39171	0
42475.7	0
46059.2	0
49945.1	0
54158.7	0
58727.9	0
63682.5	0
69055.1	0
74881	0
81198.4	0
88048.8	0
95477.2	0
103532	0
112267	0
121738	0
132009	0
143146	0
155223	0
168318	0
182518	0
197917	0
214614	0
232720	0
252354	0
273644	0
296730	0
321764	0
348910	0
378346	0
410266	0
444878	0
482411	0
523110	0
567243	0
615099	0
666992	0
723263	0
784282	0
850449	0
922198	0
1e+06	0
