0.1	0
0.108437	0
0.117585	0
0.127505	0
0.138262	0
0.149927	0
0.162576	0
0.176291	0
0.191164	0
0.207292	0
0.224781	0
0.243744	0
0.264308	0
0.286607	0
0.310787	0
0.337006	0
0.365438	0
0.396269	0
0.4297	0
0.465953	0
0.505263	0
0.54789	0
0.594113	0
0.644236	0
0.698588	0
0.757525	0
0.821434	0
0.890735	0
0.965883	0
1.04737	0
1.13573	0
1.23155	0
1.33545	0
1.44812	0
1.57029	0
1.70277	0
1.84642	0
2.0022	0
2.17112	0
2.35429	0
2.55291	0
2.76829	0
3.00184	0
3.25509	0
3.52971	0
3.82749	0
4.1504	0
4.50056	0
4.88025	0
5.29198	0
5.73844	0
6.22257	0
6.74754	0
7.31681	0
7.9341	0
8.60346	0
9.3293	0
10.1164	0
10.9699	0
11.8953	0
12.8989	0
13.9871	0
15.1672	0
16.4468	0
17.8343	0
19.3389	0
20.9705	0
22.7397	0
24.6581	0
26.7384	0
28.9942	0
31.4404	0
34.0929	0
36.9691	0
40.0881	0
43.4701	0
47.1375	0
51.1143	0
55.4266	0
60.1028	0
65.1734	0
70.6718	0
76.6341	0
83.0994	0
90.1102	0
97.7124	0
105.956	0
114.895	1.0002e-06
124.588	4.00078e-06
135.099	5.00098e-06
146.497	1.10022e-05
158.857	1.40027e-05
172.259	2.00039e-05
186.791	2.80055e-05
202.55	3.70073e-05
219.639	5.30104e-05
238.169	7.30143e-05
258.262	9.00176e-05
280.05	0.000105021
303.677	0.000126025
329.297	0.00015203
357.079	0.000179035
387.204	0.000208041
419.871	0.000240047
455.294	0.000272053
493.705	0.00030406
535.357	0.000348068
580.523	0.000397078
629.499	0.000435085
682.607	0.000501098
740.196	0.000557109
802.643	0.000624122
870.359	0.000700137
943.788	0.00076615
1023.41	0.000842165
1109.75	0.000925181
1203.38	0.0010132
1304.9	0.00112522
1414.99	0.00122924
1534.37	0.00135227
1663.82	0.00147329
1804.19	0.00161632
1956.4	0.00177135
2121.45	0.00193038
2300.43	0.00211641
2494.51	0.00231245
2704.96	0.00251849
2933.17	0.00276054
3180.63	0.00296958
3448.96	0.00322863
3739.94	0.00352369
4055.46	0.00384475
4397.6	0.00417382
4768.61	0.00455289
5170.92	0.00495997
5607.17	0.00538606
6080.22	0.00585315
6593.19	0.00637325
7149.43	0.00692536
7752.6	0.00752547
8406.65	0.0081846
9115.89	0.00889874
9884.96	0.0096689
10718.9	0.0104981
11623.2	0.0114072
12603.8	0.0123924
13667.2	0.0134456
14820.2	0.0145999
16070.5	0.0158531
17426.3	0.0172144
18896.5	0.0186857
20490.7	0.020275
22219.5	0.0220013
24094	0.0238767
26126.8	0.0259121
28331	0.0281135
30721.1	0.030511
33312.9	0.0331135
36123.4	0.035909
39171	0.0389636
42475.7	0.0422703
46059.2	0.045856
49945.1	0.0497468
54158.7	0.0539576
58727.9	0.0585175
63682.5	0.0634884
69055.1	0.0688675
74881	0.0746776
81198.4	0.0810029
88048.8	0.0878532
95477.2	0.0952787
103532	0.103339
112267	0.112067
121738	0.121551
132009	0.131825
143146	0.142969
155223	0.155039
168318	0.168141
182518	0.182349
197917	0.197762
214614	0.214441
232720	0.23256
252354	0.252202
273644	0.273497
296730	0.296592
321764	0.321643
348910	0.348794
378346	0.378232
410266	0.410155
444878	0.44478
482411	0.482327
523110	0.523038
567243	0.567191
615099	0.615061
666992	0.666962
723263	0.723256
784282	0.784294
850449	0.850405
922198	0.922173
1e+06	0.999995
