0.1	0
0.100785	0
0.101577	0
0.102374	0
0.103178	0
0.103989	0
0.104805	0
0.105628	0
0.106458	0
0.107294	0
0.108136	0
0.108985	0
0.109841	0
0.110704	0
0.111573	0
0.112449	0
0.113332	0
0.114222	0
0.115119	0
0.116023	0
0.116935	0
0.117853	0
0.118778	0
0.119711	0
0.120651	0
0.121599	0
0.122554	0
0.123516	0
0.124486	0
0.125464	0
0.126449	0
0.127442	0
0.128443	0
0.129451	0
0.130468	0
0.131492	0
0.132525	0
0.133566	0
0.134614	0
0.135672	0
0.136737	0
0.137811	0
0.138893	0
0.139984	0
0.141083	0
0.142191	0
0.143308	0
0.144433	0
0.145567	0
0.14671	0
0.147862	0
0.149024	0
0.150194	0
0.151373	0
0.152562	0
0.15376	0
0.154967	0
0.156184	0
0.157411	0
0.158647	0
0.159893	0
0.161149	0
0.162414	0
0.163689	0
0.164975	0
0.16627	0
0.167576	0
0.168892	0
0.170218	0
0.171555	0
0.172902	0
0.17426	0
0.175629	0
0.177008	0
0.178398	0
0.179799	0
0.181211	0
0.182634	0
0.184068	0
0.185513	0
0.18697	0
0.188438	0
0.189918	0
0.19141	0
0.192913	0
0.194428	0
0.195954	0
0.197493	0
0.199044	0
0.200607	0
0.202183	0
0.20377	1.001e-05
0.205371	1.001e-05
0.206983	1.001e-05
0.208609	1.001e-05
0.210247	1.001e-05
0.211898	1.001e-05
0.213562	1.001e-05
0.215239	1.001e-05
0.216929	1.001e-05
0.218633	1.001e-05
0.22035	1.001e-05
0.22208	1.001e-05
0.223824	1.001e-05
0.225582	1.001e-05
0.227353	1.001e-05
0.229139	1.001e-05
0.230938	1.001e-05
0.232752	1.001e-05
0.234579	1.001e-05
0.236421	1.001e-05
0.238278	1.001e-05
0.240149	1.001e-05
0.242035	1.001e-05
0.243936	1.001e-05
0.245851	1.001e-05
0.247782	1.001e-05
0.249728	1.001e-05
0.251689	1.001e-05
0.253665	1.001e-05
0.255657	1.001e-05
0.257665	1.001e-05
0.259688	1.001e-05
0.261728	1.001e-05
0.263783	1.001e-05
0.265855	1.001e-05
0.267942	1.001e-05
0.270046	1.001e-05
0.272167	1.001e-05
0.274304	1.001e-05
0.276458	1.001e-05
0.278629	1.001e-05
0.280818	1.001e-05
0.283023	1.001e-05
0.285245	1.001e-05
0.287485	1.001e-05
0.289743	1.001e-05
0.292018	1.001e-05
0.294311	1.001e-05
0.296623	1.001e-05
0.298952	1.001e-05
0.3013	1.001e-05
0.303666	1.001e-05
0.30605	1.001e-05
0.308454	1.001e-05
0.310876	1.001e-05
0.313317	1.001e-05
0.315778	1.001e-05
0.318258	1.001e-05
0.320757	1.001e-05
0.323276	1.001e-05
0.325814	1.001e-05
0.328373	1.001e-05
0.330952	1.001e-05
0.33355	1.001e-05
0.33617	1.001e-05
0.33881	1.001e-05
0.34147	1.001e-05
0.344152	1.001e-05
0.346855	1.001e-05
0.349578	1.001e-05
0.352324	1.001e-05
0.35509	1.001e-05
0.357879	1.001e-05
0.360689	1.001e-05
0.363522	1.001e-05
0.366376	1.001e-05
0.369253	1.001e-05
0.372153	1.001e-05
0.375076	1.001e-05
0.378021	1.001e-05
0.38099	1.001e-05
0.383982	1.001e-05
0.386997	1.001e-05
0.390036	1.001e-05
0.393099	1.001e-05
0.396186	1.001e-05
0.399297	1.001e-05
0.402433	1.001e-05
0.405593	1.001e-05
0.408778	1.001e-05
0.411988	1.001e-05
0.415223	1.001e-05
0.418484	1.001e-05
0.42177	1.001e-05
0.425083	1.001e-05
0.428421	1.001e-05
0.431785	1.001e-05
0.435176	1.001e-05
0.438593	1.001e-05
0.442037	1.001e-05
0.445509	1.001e-05
0.449007	1.001e-05
0.452533	1.001e-05
0.456087	1.001e-05
0.459669	1.001e-05
0.463278	1.001e-05
0.466916	1.001e-05
0.470583	1.001e-05
0.474279	1.001e-05
0.478003	1.001e-05
0.481757	1.001e-05
0.48554	1.001e-05
0.489353	1.001e-05
0.493196	1.001e-05
0.497069	1.001e-05
0.500972	1.001e-05
0.504906	1.001e-05
0.508871	1.001e-05
0.512867	1.001e-05
0.516895	1.001e-05
0.520954	1.001e-05
0.525045	1.001e-05
0.529168	1.001e-05
0.533324	1.001e-05
0.537512	1.001e-05
0.541733	1.001e-05
0.545987	1.001e-05
0.550275	1.001e-05
0.554596	1.001e-05
0.558951	1.001e-05
0.56334	1.001e-05
0.567764	1.001e-05
0.572223	1.001e-05
0.576716	1.001e-05
0.581245	1.001e-05
0.58581	1.001e-05
0.59041	1.001e-05
0.595047	1.001e-05
0.599719	1.001e-05
0.604429	1.001e-05
0.609175	1.001e-05
0.613959	1.001e-05
0.618781	1.001e-05
0.62364	1.001e-05
0.628537	1.001e-05
0.633473	1.001e-05
0.638448	1.001e-05
0.643461	1.001e-05
0.648514	1.001e-05
0.653607	1.001e-05
0.65874	1.001e-05
0.663913	1.001e-05
0.669126	1.001e-05
0.674381	1.001e-05
0.679677	1.001e-05
0.685014	1.001e-05
0.690394	1.001e-05
0.695815	1.001e-05
0.70128	1.001e-05
0.706787	1.001e-05
0.712337	1.001e-05
0.717931	1.001e-05
0.723569	1.001e-05
0.729251	1.001e-05
0.734978	1.001e-05
0.740749	1.001e-05
0.746566	1.001e-05
0.752429	1.001e-05
0.758338	1.001e-05
0.764293	1.001e-05
0.770295	1.001e-05
0.776344	1.001e-05
0.78244	1.001e-05
0.788585	1.001e-05
0.794778	1.001e-05
0.801019	1.001e-05
0.807309	1.001e-05
0.813649	1.001e-05
0.820038	1.001e-05
0.826478	1.001e-05
0.832968	1.001e-05
0.83951	1.001e-05
0.846102	1.001e-05
0.852747	1.001e-05
0.859443	1.001e-05
0.866192	1.001e-05
0.872994	1.001e-05
0.87985	1.001e-05
0.886759	1.001e-05
0.893723	1.001e-05
0.900741	1.001e-05
0.907815	1.001e-05
0.914944	1.001e-05
0.922129	1.001e-05
0.92937	1.001e-05
0.936668	1.001e-05
0.944024	1.001e-05
0.951437	1.001e-05
0.958909	1.001e-05
0.966439	1.001e-05
0.974028	1.001e-05
0.981677	1.001e-05
0.989386	1.001e-05
0.997156	1.001e-05
1.00499	1.001e-05
1.01288	1.001e-05
1.02083	1.001e-05
1.02885	1.001e-05
1.03693	1.001e-05
1.04507	1.001e-05
1.05328	1.001e-05
1.06155	1.001e-05
1.06989	1.001e-05
1.07829	1.001e-05
1.08676	1.001e-05
1.09529	1.001e-05
1.10389	1.001e-05
1.11256	1.001e-05
1.1213	1.001e-05
1.1301	1.001e-05
1.13898	1.001e-05
1.14792	1.001e-05
1.15693	1.001e-05
1.16602	1.001e-05
1.17518	1.001e-05
1.18441	1.001e-05
1.19371	1.001e-05
1.20308	1.001e-05
1.21253	1.001e-05
1.22205	1.001e-05
1.23165	1.001e-05
1.24132	1.001e-05
1.25107	1.001e-05
1.26089	1.001e-05
1.27079	1.001e-05
1.28077	1.001e-05
1.29083	1.001e-05
1.30097	1.001e-05
1.31118	1.001e-05
1.32148	1.001e-05
1.33186	1.001e-05
1.34232	1.001e-05
1.35286	1.001e-05
1.36348	1.001e-05
1.37419	1.001e-05
1.38498	1.001e-05
1.39586	1.001e-05
1.40682	1.001e-05
1.41787	1.001e-05
1.429	1.001e-05
1.44022	1.001e-05
1.45153	1.001e-05
1.46293	1.001e-05
1.47442	1.001e-05
1.486	1.001e-05
1.49767	1.001e-05
1.50943	1.001e-05
1.52128	1.001e-05
1.53323	1.001e-05
1.54527	1.001e-05
1.5574	1.001e-05
1.56963	1.001e-05
1.58196	1.001e-05
1.59438	1.001e-05
1.6069	1.001e-05
1.61952	1.001e-05
1.63224	1.001e-05
1.64506	1.001e-05
1.65798	1.001e-05
1.671	1.001e-05
1.68412	1.001e-05
1.69734	1.001e-05
1.71067	1.001e-05
1.72411	1.001e-05
1.73764	1.001e-05
1.75129	1.001e-05
1.76504	1.001e-05
1.7789	1.001e-05
1.79287	1.001e-05
1.80695	1.001e-05
1.82114	1.001e-05
1.83544	1.001e-05
1.84986	1.001e-05
1.86438	1.001e-05
1.87902	1.001e-05
1.89378	1.001e-05
1.90865	1.001e-05
1.92364	1.001e-05
1.93875	1.001e-05
1.95397	1.001e-05
1.96932	1.001e-05
1.98478	1.001e-05
2.00037	1.001e-05
2.01608	1.001e-05
2.03191	1.001e-05
2.04786	1.001e-05
2.06395	1.001e-05
2.08015	1.001e-05
2.09649	1.001e-05
2.11295	1.001e-05
2.12955	1.001e-05
2.14627	1.001e-05
2.16312	1.001e-05
2.18011	1.001e-05
2.19723	1.001e-05
2.21448	1.001e-05
2.23187	1.001e-05
2.2494	1.001e-05
2.26707	1.001e-05
2.28487	1.001e-05
2.30281	1.001e-05
2.3209	1.001e-05
2.33912	1.001e-05
2.35749	1.001e-05
2.376	1.001e-05
2.39466	1.001e-05
2.41347	1.001e-05
2.43242	1.001e-05
2.45152	1.001e-05
2.47077	1.001e-05
2.49018	1.001e-05
2.50973	1.001e-05
2.52944	1.001e-05
2.5493	1.001e-05
2.56932	1.001e-05
2.5895	1.001e-05
2.60983	1.001e-05
2.63033	1.001e-05
2.65098	1.001e-05
2.6718	1.001e-05
2.69278	1.001e-05
2.71393	1.001e-05
2.73524	1.001e-05
2.75672	1.001e-05
2.77837	1.001e-05
2.80019	1.001e-05
2.82218	1.001e-05
2.84434	1.001e-05
2.86668	1.001e-05
2.88919	1.001e-05
2.91188	1.001e-05
2.93474	1.001e-05
2.95779	1.001e-05
2.98102	1.001e-05
3.00443	1.001e-05
3.02802	1.001e-05
3.0518	1.001e-05
3.07576	1.001e-05
3.09992	1.001e-05
3.12426	1.001e-05
3.1488	1.001e-05
3.17352	1.001e-05
3.19844	1.001e-05
3.22356	1.001e-05
3.24888	1.001e-05
3.27439	1.001e-05
3.3001	1.001e-05
3.32602	1.001e-05
3.35214	1.001e-05
3.37846	1.001e-05
3.40499	1.001e-05
3.43173	1.001e-05
3.45868	1.001e-05
3.48584	1.001e-05
3.51321	1.001e-05
3.5408	1.001e-05
3.56861	1.001e-05
3.59663	1.001e-05
3.62488	1.001e-05
3.65334	1.001e-05
3.68203	1.001e-05
3.71095	1.001e-05
3.74009	1.001e-05
3.76946	1.001e-05
3.79906	1.001e-05
3.82889	1.001e-05
3.85896	1.001e-05
3.88927	1.001e-05
3.91981	1.001e-05
3.95059	1.001e-05
3.98161	1.001e-05
4.01288	1.001e-05
4.04439	1.001e-05
4.07615	1.001e-05
4.10816	1.001e-05
4.14042	1.001e-05
4.17294	1.001e-05
4.20571	1.001e-05
4.23874	1.001e-05
4.27202	1.001e-05
4.30557	1.001e-05
4.33938	1.001e-05
4.37346	1.001e-05
4.4078	1.001e-05
4.44242	1.001e-05
4.4773	1.001e-05
4.51246	1.001e-05
4.5479	1.001e-05
4.58361	1.001e-05
4.61961	1.001e-05
4.65588	1.001e-05
4.69245	1.001e-05
4.7293	1.001e-05
4.76644	1.001e-05
4.80387	1.001e-05
4.84159	1.001e-05
4.87961	1.001e-05
4.91793	1.001e-05
4.95655	1.001e-05
4.99547	1.001e-05
5.0347	1.001e-05
5.07424	1.001e-05
5.11409	1.001e-05
5.15425	1.001e-05
5.19472	1.001e-05
5.23552	1.001e-05
5.27663	1.001e-05
5.31807	1.001e-05
5.35983	1.001e-05
5.40192	1.001e-05
5.44434	1.001e-05
5.48709	1.001e-05
5.53018	1.001e-05
5.57361	1.001e-05
5.61738	1.001e-05
5.66149	1.001e-05
5.70595	1.001e-05
5.75076	1.001e-05
5.79592	1.001e-05
5.84144	1.001e-05
5.88731	1.001e-05
5.93354	1.001e-05
5.98014	1.001e-05
6.0271	1.001e-05
6.07443	1.001e-05
6.12213	1.001e-05
6.17021	1.001e-05
6.21866	1.001e-05
6.2675	1.001e-05
6.31671	1.001e-05
6.36632	1.001e-05
6.41631	1.001e-05
6.4667	1.001e-05
6.51748	1.001e-05
6.56866	1.001e-05
6.62025	1.001e-05
6.67223	1.001e-05
6.72463	1.001e-05
6.77744	1.001e-05
6.83066	1.001e-05
6.8843	1.001e-05
6.93836	1.001e-05
6.99285	1.001e-05
7.04776	1.001e-05
7.10311	1.001e-05
7.15889	1.001e-05
7.21511	1.001e-05
7.27177	1.001e-05
7.32887	1.001e-05
7.38642	1.001e-05
7.44443	1.001e-05
7.50289	1.001e-05
7.56181	1.001e-05
7.62119	1.001e-05
7.68104	1.001e-05
7.74136	1.001e-05
7.80215	1.001e-05
7.86342	1.001e-05
7.92517	1.001e-05
7.98741	1.001e-05
8.05013	1.001e-05
8.11335	1.001e-05
8.17706	1.001e-05
8.24127	1.001e-05
8.30599	1.001e-05
8.37122	1.001e-05
8.43696	1.001e-05
8.50321	1.001e-05
8.56999	1.001e-05
8.63729	1.001e-05
8.70511	1.001e-05
8.77347	1.001e-05
8.84237	1.001e-05
8.91181	1.001e-05
8.98179	1.001e-05
9.05233	1.001e-05
9.12341	1.001e-05
9.19506	1.001e-05
9.26727	1.001e-05
9.34004	1.001e-05
9.41339	1.001e-05
9.48731	1.001e-05
9.56181	1.001e-05
9.6369	1.001e-05
9.71258	1.001e-05
9.78885	1.001e-05
9.86572	1.001e-05
9.9432	1.001e-05
10.0213	1.001e-05
10.1	1.001e-05
10.1793	1.001e-05
10.2592	1.001e-05
10.3398	1.001e-05
10.421	1.001e-05
10.5028	1.001e-05
10.5853	1.001e-05
10.6684	1.001e-05
10.7522	1.001e-05
10.8366	1.001e-05
10.9217	1.001e-05
11.0075	1.001e-05
11.094	1.001e-05
11.1811	1.001e-05
11.2689	1.001e-05
11.3574	1.001e-05
11.4466	1.001e-05
11.5364	1.001e-05
11.627	1.001e-05
11.7183	1.001e-05
11.8104	1.001e-05
11.9031	1.001e-05
11.9966	1.001e-05
12.0908	1.001e-05
12.1857	1.001e-05
12.2814	1.001e-05
12.3779	1.001e-05
12.4751	1.001e-05
12.5731	1.001e-05
12.6718	1.001e-05
12.7713	1.001e-05
12.8716	1.001e-05
12.9727	1.001e-05
13.0745	1.001e-05
13.1772	1.001e-05
13.2807	1.001e-05
13.385	1.001e-05
13.4901	1.001e-05
13.596	1.001e-05
13.7028	1.001e-05
13.8104	1.001e-05
13.9189	1.001e-05
14.0282	1.001e-05
14.1383	1.001e-05
14.2494	1.001e-05
14.3613	1.001e-05
14.474	1.001e-05
14.5877	1.001e-05
14.7022	1.001e-05
14.8177	1.001e-05
14.9341	1.001e-05
15.0513	1.001e-05
15.1695	1.001e-05
15.2887	1.001e-05
15.4087	1.001e-05
15.5297	1.001e-05
15.6517	1.001e-05
15.7746	1.001e-05
15.8985	1.001e-05
16.0233	1.001e-05
16.1491	1.001e-05
16.276	1.001e-05
16.4038	1.001e-05
16.5326	1.001e-05
16.6624	1.001e-05
16.7933	1.001e-05
16.9251	1.001e-05
17.0581	1.001e-05
17.192	1.001e-05
17.327	1.001e-05
17.4631	1.001e-05
17.6002	1.001e-05
17.7384	1.001e-05
17.8777	1.001e-05
18.0181	1.001e-05
18.1596	1.001e-05
18.3022	1.001e-05
18.446	1.001e-05
18.5908	1.001e-05
18.7368	1.001e-05
18.8839	1.001e-05
19.0322	1.001e-05
19.1817	1.001e-05
19.3323	1.001e-05
19.4841	1.001e-05
19.6371	1.001e-05
19.7914	1.001e-05
19.9468	1.001e-05
20.1034	1.001e-05
20.2613	1.001e-05
20.4204	1.001e-05
20.5808	1.001e-05
20.7424	1.001e-05
20.9053	1.001e-05
21.0694	1.001e-05
21.2349	1.001e-05
21.4016	1.001e-05
21.5697	1.001e-05
21.7391	1.001e-05
21.9098	2.002e-05
22.0819	2.002e-05
22.2553	2.002e-05
22.43	2.002e-05
22.6062	2.002e-05
22.7837	2.002e-05
22.9626	2.002e-05
23.1429	2.002e-05
23.3247	2.002e-05
23.5079	2.002e-05
23.6925	2.002e-05
23.8785	2.002e-05
24.066	2.002e-05
24.255	2.002e-05
24.4455	2.002e-05
24.6375	2.002e-05
24.8309	2.002e-05
25.0259	2.002e-05
25.2225	2.002e-05
25.4205	2.002e-05
25.6201	2.002e-05
25.8213	2.002e-05
26.0241	2.002e-05
26.2285	2.002e-05
26.4344	2.002e-05
26.642	2.002e-05
26.8513	2.002e-05
27.0621	2.002e-05
27.2746	2.002e-05
27.4888	2.002e-05
27.7047	2.002e-05
27.9222	2.002e-05
28.1415	2.002e-05
28.3625	2.002e-05
28.5852	2.002e-05
28.8097	2.002e-05
29.036	2.002e-05
29.264	2.002e-05
29.4938	2.002e-05
29.7254	2.002e-05
29.9588	2.002e-05
30.1941	2.002e-05
30.4312	2.002e-05
30.6702	2.002e-05
30.911	2.002e-05
31.1538	2.002e-05
31.3984	2.002e-05
31.645	2.002e-05
31.8935	2.002e-05
32.1439	2.002e-05
32.3964	2.002e-05
32.6508	2.002e-05
32.9072	2.002e-05
33.1656	2.002e-05
33.426	2.002e-05
33.6885	2.002e-05
33.9531	2.002e-05
34.2197	2.002e-05
34.4884	2.002e-05
34.7593	2.002e-05
35.0322	2.002e-05
35.3073	2.002e-05
35.5846	2.002e-05
35.864	2.002e-05
36.1457	2.002e-05
36.4295	2.002e-05
36.7156	2.002e-05
37.0039	2.002e-05
37.2945	2.002e-05
37.5874	2.002e-05
37.8826	2.002e-05
38.18	2.002e-05
38.4799	2.002e-05
38.782	2.002e-05
39.0866	2.002e-05
39.3935	2.002e-05
39.7029	2.002e-05
40.0147	2.002e-05
40.3289	2.002e-05
40.6456	2.002e-05
40.9648	2.002e-05
41.2865	2.002e-05
41.6107	2.002e-05
41.9375	2.002e-05
42.2668	2.002e-05
42.5987	2.002e-05
42.9332	2.002e-05
43.2704	2.002e-05
43.6102	3.003e-05
43.9527	3.003e-05
44.2978	3.003e-05
44.6457	3.003e-05
44.9963	3.003e-05
45.3496	3.003e-05
45.7058	3.003e-05
46.0647	3.003e-05
46.4264	3.003e-05
46.791	3.003e-05
47.1585	3.003e-05
47.5288	3.003e-05
47.902	3.003e-05
48.2782	3.003e-05
48.6573	3.003e-05
49.0394	3.003e-05
49.4245	3.003e-05
49.8126	3.003e-05
50.2038	3.003e-05
50.5981	3.003e-05
50.9954	3.003e-05
51.3959	3.003e-05
51.7995	3.003e-05
52.2063	3.003e-05
52.6162	3.003e-05
53.0294	3.003e-05
53.4459	3.003e-05
53.8656	3.003e-05
54.2886	3.003e-05
54.7149	3.003e-05
55.1446	3.003e-05
55.5776	3.003e-05
56.014	3.003e-05
56.4539	3.003e-05
56.8972	3.003e-05
57.3441	3.003e-05
57.7944	3.003e-05
58.2482	3.003e-05
58.7056	3.003e-05
59.1667	3.003e-05
59.6313	3.003e-05
60.0996	3.003e-05
60.5715	3.003e-05
61.0472	3.003e-05
61.5266	3.003e-05
62.0097	3.003e-05
62.4967	3.003e-05
62.9875	3.003e-05
63.4821	3.003e-05
63.9806	3.003e-05
64.4831	3.003e-05
64.9894	3.003e-05
65.4998	4.004e-05
66.0142	4.004e-05
66.5326	4.004e-05
67.055	4.004e-05
67.5816	4.004e-05
68.1123	4.004e-05
68.6472	4.004e-05
69.1863	4.004e-05
69.7296	4.004e-05
70.2772	4.004e-05
70.8291	4.004e-05
71.3853	4.004e-05
71.9459	4.004e-05
72.5108	4.004e-05
73.0803	4.004e-05
73.6542	4.004e-05
74.2326	4.004e-05
74.8155	4.004e-05
75.403	4.004e-05
75.9952	4.004e-05
76.5919	4.004e-05
77.1934	4.004e-05
77.7996	4.004e-05
78.4106	4.004e-05
79.0263	4.004e-05
79.6469	4.004e-05
80.2724	4.004e-05
80.9027	4.004e-05
81.538	4.004e-05
82.1784	4.004e-05
82.8237	4.004e-05
83.4741	4.004e-05
84.1296	4.004e-05
84.7903	4.004e-05
85.4561	4.004e-05
86.1272	4.004e-05
86.8036	5.00501e-05
87.4852	5.00501e-05
88.1722	5.00501e-05
88.8646	5.00501e-05
89.5625	5.00501e-05
90.2658	5.00501e-05
90.9747	5.00501e-05
91.6891	5.00501e-05
92.4091	5.00501e-05
93.1348	5.00501e-05
93.8662	5.00501e-05
94.6033	5.00501e-05
95.3462	5.00501e-05
96.0949	5.00501e-05
96.8496	5.00501e-05
97.6101	5.00501e-05
98.3766	5.00501e-05
99.1492	5.00501e-05
99.9278	5.00501e-05
100.713	5.00501e-05
101.503	5.00501e-05
102.3	5.00501e-05
103.104	5.00501e-05
103.914	5.00501e-05
104.73	5.00501e-05
105.552	5.00501e-05
106.381	5.00501e-05
107.216	5.00501e-05
108.058	5.00501e-05
108.907	6.00601e-05
109.762	6.00601e-05
110.624	6.00601e-05
111.493	6.00601e-05
112.368	6.00601e-05
113.251	6.00601e-05
114.14	6.00601e-05
115.036	6.00601e-05
115.94	6.00601e-05
116.85	6.00601e-05
117.768	6.00601e-05
118.693	6.00601e-05
119.625	6.00601e-05
120.564	6.00601e-05
121.511	6.00601e-05
122.465	6.00601e-05
123.427	6.00601e-05
124.396	6.00601e-05
125.373	6.00601e-05
126.357	6.00601e-05
127.35	6.00601e-05
128.35	6.00601e-05
129.358	6.00601e-05
130.374	7.00701e-05
131.397	7.00701e-05
132.429	7.00701e-05
133.469	7.00701e-05
134.517	7.00701e-05
135.574	7.00701e-05
136.638	7.00701e-05
137.711	7.00701e-05
138.793	7.00701e-05
139.883	7.00701e-05
140.981	7.00701e-05
142.088	7.00701e-05
143.204	7.00701e-05
144.329	7.00701e-05
145.462	7.00701e-05
146.604	7.00701e-05
147.756	7.00701e-05
148.916	7.00701e-05
150.085	7.00701e-05
151.264	7.00701e-05
152.452	8.00801e-05
153.649	8.00801e-05
154.856	8.00801e-05
156.072	8.00801e-05
157.297	8.00801e-05
158.533	8.00801e-05
159.777	8.00801e-05
161.032	8.00801e-05
162.297	8.00801e-05
163.571	8.00801e-05
164.856	8.00801e-05
166.15	8.00801e-05
167.455	8.00801e-05
168.77	8.00801e-05
170.095	8.00801e-05
171.431	8.00801e-05
172.777	8.00801e-05
174.134	9.00901e-05
175.502	9.00901e-05
176.88	9.00901e-05
178.269	9.00901e-05
179.669	9.00901e-05
181.08	9.00901e-05
182.502	9.00901e-05
183.935	9.00901e-05
185.379	9.00901e-05
186.835	9.00901e-05
188.302	9.00901e-05
189.781	9.00901e-05
191.271	9.00901e-05
192.773	9.00901e-05
194.287	9.00901e-05
195.813	0.0001001
197.351	0.0001001
198.9	0.0001001
200.462	0.0001001
202.037	0.0001001
203.623	0.0001001
205.222	0.0001001
206.834	0.0001001
208.458	0.0001001
210.095	0.0001001
211.745	0.0001001
213.408	0.0001001
215.084	0.0001001
216.773	0.00011011
218.475	0.00011011
220.191	0.00011011
221.92	0.00011011
223.662	0.00011011
225.419	0.00011011
227.189	0.00011011
228.973	0.00011011
230.771	0.00011011
232.583	0.00011011
234.41	0.00011011
236.251	0.00011011
238.106	0.00012012
239.976	0.00012012
241.86	0.00012012
243.76	0.00012012
245.674	0.00012012
247.603	0.00012012
249.547	0.00012012
251.507	0.00012012
253.482	0.00012012
255.473	0.00012012
257.479	0.00012012
259.501	0.00013013
261.539	0.00013013
263.593	0.00013013
265.663	0.00013013
267.749	0.00013013
269.851	0.00013013
271.971	0.00013013
274.106	0.00013013
276.259	0.00013013
278.428	0.00013013
280.615	0.00013013
282.818	0.00014014
285.039	0.00014014
287.278	0.00014014
289.534	0.00014014
291.807	0.00014014
294.099	0.00014014
296.408	0.00014014
298.736	0.00014014
301.082	0.00014014
303.446	0.00015015
305.829	0.00015015
308.231	0.00015015
310.652	0.00015015
313.091	0.00015015
315.55	0.00015015
318.028	0.00015015
320.525	0.00015015
323.042	0.00015015
325.579	0.00016016
328.136	0.00016016
330.713	0.00016016
333.31	0.00016016
335.927	0.00016016
338.565	0.00016016
341.224	0.00016016
343.903	0.00016016
346.604	0.00017017
349.326	0.00017017
352.069	0.00017017
354.834	0.00017017
357.62	0.00017017
360.429	0.00017017
363.259	0.00017017
366.112	0.00017017
368.987	0.00018018
371.884	0.00018018
374.805	0.00018018
377.748	0.00018018
380.715	0.00018018
383.704	0.00018018
386.717	0.00018018
389.754	0.00019019
392.815	0.00019019
395.9	0.00019019
399.009	0.00019019
402.142	0.00019019
405.3	0.00019019
408.483	0.00019019
411.691	0.0002002
414.924	0.0002002
418.182	0.0002002
421.466	0.0002002
424.776	0.0002002
428.111	0.0002002
431.473	0.0002002
434.862	0.00021021
438.277	0.00021021
441.718	0.00021021
445.187	0.00021021
448.683	0.00021021
452.207	0.00021021
455.758	0.00022022
459.337	0.00022022
462.944	0.00022022
466.579	0.00022022
470.243	0.00022022
473.936	0.00022022
477.658	0.00023023
481.409	0.00023023
485.189	0.00023023
488.999	0.00023023
492.84	0.00023023
496.71	0.00023023
500.61	0.00024024
504.542	0.00024024
508.504	0.00024024
512.497	0.00024024
516.522	0.00024024
520.578	0.00025025
524.666	0.00025025
528.786	0.00025025
532.938	0.00025025
537.124	0.00025025
541.342	0.00026026
545.593	0.00026026
549.877	0.00026026
554.195	0.00026026
558.547	0.00026026
562.934	0.00027027
567.354	0.00027027
571.81	0.00027027
576.3	0.00027027
580.826	0.00027027
585.387	0.00028028
589.984	0.00028028
594.617	0.00028028
599.286	0.00028028
603.992	0.00028028
608.736	0.00029029
613.516	0.00029029
618.334	0.00029029
623.189	0.00029029
628.083	0.0003003
633.016	0.0003003
637.987	0.0003003
642.997	0.0003003
648.046	0.0003003
653.135	0.00031031
658.264	0.00031031
663.433	0.00031031
668.643	0.00031031
673.894	0.00032032
679.186	0.00032032
684.52	0.00032032
689.895	0.00032032
695.313	0.00033033
700.773	0.00033033
706.276	0.00033033
711.823	0.00033033
717.412	0.00034034
723.046	0.00034034
728.724	0.00034034
734.447	0.00034034
740.214	0.00035035
746.027	0.00035035
751.886	0.00035035
757.79	0.00036036
763.741	0.00036036
769.739	0.00036036
775.783	0.00036036
781.875	0.00037037
788.015	0.00037037
794.204	0.00037037
800.44	0.00038038
806.726	0.00038038
813.061	0.00038038
819.446	0.00038038
825.881	0.00039039
832.367	0.00039039
838.903	0.00039039
845.491	0.0004004
852.131	0.0004004
858.822	0.0004004
865.567	0.00041041
872.364	0.00041041
879.215	0.00041041
886.119	0.00042042
893.078	0.00042042
900.091	0.00042042
907.159	0.00042042
914.283	0.00043043
921.463	0.00043043
928.699	0.00043043
935.992	0.00044044
943.342	0.00044044
950.75	0.00045045
958.216	0.00045045
965.741	0.00045045
973.325	0.00046046
980.968	0.00046046
988.672	0.00046046
996.436	0.00047047
1004.26	0.00047047
1012.15	0.00047047
1020.1	0.00048048
1028.11	0.00048048
1036.18	0.00048048
1044.32	0.00049049
1052.52	0.00049049
1060.78	0.000500501
1069.11	0.000500501
1077.51	0.000500501
1085.97	0.000510511
1094.5	0.000510511
1103.09	0.000520521
1111.76	0.000520521
1120.49	0.000520521
1129.29	0.000530531
1138.15	0.000530531
1147.09	0.000540541
1156.1	0.000540541
1165.18	0.000540541
1174.33	0.000550551
1183.55	0.000550551
1192.84	0.000560561
1202.21	0.000560561
1211.65	0.000570571
1221.17	0.000570571
1230.76	0.000570571
1240.42	0.000580581
1250.16	0.000580581
1259.98	0.000590591
1269.88	0.000590591
1279.85	0.000600601
1289.9	0.000600601
1300.03	0.000610611
1310.24	0.000610611
1320.53	0.000620621
1330.9	0.000620621
1341.35	0.000630631
1351.88	0.000630631
1362.5	0.000640641
1373.2	0.000640641
1383.98	0.000650651
1394.85	0.000650651
1405.8	0.000660661
1416.84	0.000660661
1427.97	0.000670671
1439.18	0.000670671
1450.48	0.000680681
1461.87	0.000680681
1473.35	0.000690691
1484.92	0.000690691
1496.58	0.000700701
1508.34	0.000700701
1520.18	0.000710711
1532.12	0.000710711
1544.15	0.000720721
1556.28	0.000730731
1568.5	0.000730731
1580.82	0.000740741
1593.23	0.000740741
1605.74	0.000750751
1618.35	0.000750751
1631.06	0.000760761
1643.87	0.000770771
1656.78	0.000770771
1669.79	0.000780781
1682.9	0.000780781
1696.12	0.000790791
1709.44	0.000800801
1722.86	0.000800801
1736.39	0.000810811
1750.03	0.000820821
1763.77	0.000820821
1777.62	0.000830831
1791.58	0.000830831
1805.65	0.000840841
1819.83	0.000850851
1834.12	0.000850851
1848.52	0.000860861
1863.04	0.000870871
1877.67	0.000870871
1892.41	0.000880881
1907.27	0.000890891
1922.25	0.000890891
1937.35	0.000900901
1952.56	0.000910911
1967.89	0.000920921
1983.35	0.000920921
1998.92	0.000930931
2014.62	0.000940941
2030.44	0.000940941
2046.39	0.000950951
2062.46	0.000960961
2078.65	0.000970971
2094.98	0.000970971
2111.43	0.000980981
2128.01	0.000990991
2144.72	0.001001
2161.56	0.00101101
2178.54	0.00101101
2195.64	0.00102102
2212.89	0.00103103
2230.26	0.00104104
2247.78	0.00105105
2265.43	0.00105105
2283.22	0.00106106
2301.15	0.00107107
2319.22	0.00108108
2337.43	0.00109109
2355.79	0.0011011
2374.29	0.0011011
2392.93	0.00111111
2411.72	0.00112112
2430.66	0.00113113
2449.75	0.00114114
2468.99	0.00115115
2488.38	0.00116116
2507.92	0.00117117
2527.61	0.00118118
2547.46	0.00118118
2567.47	0.00119119
2587.63	0.0012012
2607.95	0.00121121
2628.43	0.00122122
2649.07	0.00123123
2669.87	0.00124124
2690.84	0.00125125
2711.97	0.00126126
2733.27	0.00127127
2754.73	0.00128128
2776.36	0.00129129
2798.17	0.0013013
2820.14	0.00131131
2842.29	0.00132132
2864.61	0.00133133
2887.1	0.00134134
2909.77	0.00135135
2932.62	0.00136136
2955.65	0.00137137
2978.86	0.00138138
3002.26	0.00139139
3025.83	0.00141141
3049.6	0.00142142
3073.54	0.00143143
3097.68	0.00144144
3122.01	0.00145145
3146.52	0.00146146
3171.23	0.00147147
3196.14	0.00148148
3221.23	0.0015015
3246.53	0.00151151
3272.02	0.00152152
3297.72	0.00153153
3323.62	0.00154154
3349.72	0.00156156
3376.02	0.00157157
3402.53	0.00158158
3429.25	0.00159159
3456.18	0.0016016
3483.32	0.00162162
3510.68	0.00163163
3538.25	0.00164164
3566.03	0.00166166
3594.04	0.00167167
3622.26	0.00168168
3650.71	0.0017017
3679.37	0.00171171
3708.27	0.00172172
3737.39	0.00174174
3766.74	0.00175175
3796.32	0.00176176
3826.13	0.00178178
3856.18	0.00179179
3886.46	0.0018018
3916.98	0.00182182
3947.74	0.00183183
3978.74	0.00185185
4009.98	0.00186186
4041.47	0.00188188
4073.21	0.00189189
4105.2	0.00191191
4137.44	0.00192192
4169.93	0.00194194
4202.67	0.00195195
4235.68	0.00197197
4268.94	0.00198198
4302.46	0.002002
4336.25	0.00201201
4370.3	0.00203203
4404.62	0.00204204
4439.21	0.00206206
4474.07	0.00208208
4509.2	0.00209209
4544.61	0.00211211
4580.3	0.00213213
4616.27	0.00214214
4652.52	0.00216216
4689.06	0.00218218
4725.88	0.00219219
4762.99	0.00221221
4800.4	0.00223223
4838.09	0.00224224
4876.09	0.00226226
4914.38	0.00228228
4952.97	0.0023023
4991.87	0.00232232
5031.07	0.00233233
5070.57	0.00235235
5110.39	0.00237237
5150.52	0.00239239
5190.97	0.00241241
5231.74	0.00243243
5272.82	0.00245245
5314.23	0.00247247
5355.96	0.00248248
5398.02	0.0025025
5440.41	0.00252252
5483.13	0.00254254
5526.19	0.00256256
5569.59	0.00258258
5613.32	0.0026026
5657.41	0.00262262
5701.83	0.00264264
5746.61	0.00267267
5791.74	0.00269269
5837.22	0.00271271
5883.06	0.00273273
5929.26	0.00275275
5975.82	0.00277277
6022.75	0.00279279
6070.04	0.00282282
6117.71	0.00284284
6165.75	0.00286286
6214.17	0.00288288
6262.97	0.0029029
6312.15	0.00293293
6361.72	0.00295295
6411.68	0.00297297
6462.03	0.003003
6512.78	0.00302302
6563.92	0.00304304
6615.47	0.00307307
6667.42	0.00309309
6719.77	0.00312312
6772.54	0.00314314
6825.73	0.00316316
6879.33	0.00319319
6933.35	0.00321321
6987.8	0.00324324
7042.67	0.00327327
7097.98	0.00329329
7153.72	0.00332332
7209.9	0.00334334
7266.52	0.00337337
7323.58	0.0034034
7381.09	0.00342342
7439.05	0.00345345
7497.47	0.00348348
7556.35	0.0035035
7615.69	0.00353353
7675.49	0.00356356
7735.77	0.00359359
7796.52	0.00361361
7857.74	0.00364364
7919.45	0.00367367
7981.64	0.0037037
8044.32	0.00373373
8107.49	0.00376376
8171.16	0.00379379
8235.32	0.00382382
8299.99	0.00385385
8365.17	0.00388388
8430.86	0.00391391
8497.07	0.00394394
8563.8	0.00397397
8631.05	0.004004
8698.83	0.00403403
8767.14	0.00406406
8835.99	0.0041041
8905.37	0.00413413
8975.31	0.00416416
9045.79	0.00419419
9116.83	0.00423423
9188.42	0.00426426
9260.58	0.00429429
9333.3	0.00433433
9406.59	0.00436436
9480.46	0.00439439
9554.91	0.00443443
9629.94	0.00446446
9705.57	0.0045045
9781.78	0.00453453
9858.6	0.00457457
9936.02	0.0046046
10014	0.00464464
10092.7	0.00468468
10171.9	0.00471471
10251.8	0.00475475
10332.3	0.00479479
10413.5	0.00483483
10495.2	0.00486486
10577.7	0.0049049
10660.7	0.00494494
10744.4	0.00498498
10828.8	0.00502503
10913.9	0.00506507
10999.6	0.00510511
11085.9	0.00514515
11173	0.00518519
11260.7	0.00522523
11349.2	0.00526527
11438.3	0.00530531
11528.1	0.00534535
11618.6	0.00538539
11709.9	0.00543544
11801.8	0.00547548
11894.5	0.00551552
11987.9	0.00555556
12082.1	0.00560561
12176.9	0.00564565
12272.6	0.0056957
12368.9	0.00573574
12466.1	0.00578579
12564	0.00582583
12662.6	0.00587588
12762.1	0.00591592
12862.3	0.00596597
12963.3	0.00601602
13065.1	0.00605606
13167.7	0.00610611
13271.1	0.00615616
13375.3	0.00620621
13480.4	0.00625626
13586.2	0.0062963
13692.9	0.00634635
13800.4	0.0063964
13908.8	0.00644645
14018	0.0064965
14128.1	0.00655656
14239.1	0.00660661
14350.9	0.00665666
14463.6	0.00670671
14577.2	0.00675676
14691.6	0.00681682
14807	0.00686687
14923.3	0.00691692
15040.5	0.00697698
15158.6	0.00702703
15277.6	0.00708709
15397.6	0.00713714
15518.5	0.0071972
15640.4	0.00725726
15763.2	0.00730731
15887	0.00736737
16011.7	0.00742743
16137.5	0.00748749
16264.2	0.00753754
16391.9	0.0075976
16520.7	0.00765766
16650.4	0.00771772
16781.1	0.00777778
16912.9	0.00783784
17045.7	0.00790791
17179.6	0.00796797
17314.5	0.00802803
17450.5	0.00808809
17587.5	0.00815816
17725.6	0.00821822
17864.8	0.00828829
18005.1	0.00834835
18146.5	0.00841842
18289	0.00847848
18432.6	0.00854855
18577.4	0.00861862
18723.3	0.00867868
18870.3	0.00874875
19018.5	0.00881882
19167.8	0.00888889
19318.4	0.00895896
19470.1	0.00902903
19623	0.0090991
19777.1	0.00916917
19932.4	0.00923924
20088.9	0.00931932
20246.7	0.00938939
20405.7	0.00945946
20565.9	0.00953954
20727.4	0.00960961
20890.2	0.00968969
21054.2	0.00975976
21219.6	0.00983984
21386.2	0.00991992
21554.1	0.00998999
21723.4	0.0100701
21894	0.0101502
22065.9	0.0102302
22239.2	0.0103103
22413.8	0.0103904
22589.9	0.0104705
22767.3	0.0105606
22946	0.0106406
23126.2	0.0107207
23307.8	0.0108108
23490.9	0.0108909
23675.3	0.010981
23861.3	0.0110611
24048.6	0.0111512
24237.5	0.0112412
24427.8	0.0113213
24619.7	0.0114114
24813	0.0115015
25007.9	0.0115916
25204.2	0.0116817
25402.2	0.0117818
25601.6	0.0118719
25802.7	0.011962
26005.3	0.0120521
26209.5	0.0121522
26415.4	0.0122422
26622.8	0.0123423
26831.9	0.0124424
27042.6	0.0125325
27254.9	0.0126326
27469	0.0127327
27684.7	0.0128328
27902.1	0.0129329
28121.2	0.013033
28342	0.0131431
28564.6	0.0132432
28788.9	0.0133433
29015	0.0134535
29242.8	0.0135536
29472.5	0.0136637
29703.9	0.0137738
29937.2	0.0138739
30172.3	0.013984
30409.2	0.0140941
30648	0.0142042
30888.7	0.0143243
31131.3	0.0144344
31375.7	0.0145445
31622.1	0.0146547
31870.4	0.0147748
32120.7	0.0148949
32373	0.015005
32627.2	0.0151251
32883.4	0.0152452
33141.6	0.0153654
33401.9	0.0154855
33664.2	0.0156056
33928.6	0.0157257
34195	0.0158559
34463.5	0.015976
34734.2	0.0161061
35006.9	0.0162262
35281.8	0.0163564
35558.9	0.0164865
35838.1	0.0166166
36119.6	0.0167467
36403.2	0.0168769
36689.1	0.017007
36977.2	0.0171371
37267.6	0.0172773
37560.2	0.0174074
37855.2	0.0175475
38152.5	0.0176877
38452.1	0.0178278
38754	0.017968
39058.4	0.0181081
39365.1	0.0182482
39674.2	0.0183884
39985.8	0.0185385
40299.8	0.0186787
40616.3	0.0188288
40935.2	0.018979
41256.7	0.0191291
41580.7	0.0192793
41907.2	0.0194294
42236.3	0.0195796
42568	0.0197297
42902.2	0.0198899
43239.2	0.02004
43578.7	0.0202002
43920.9	0.0203604
44265.8	0.0205205
44613.4	0.0206807
44963.8	0.0208408
45316.9	0.021001
45672.8	0.0211712
46031.4	0.0213413
46392.9	0.0215015
46757.2	0.0216717
47124.4	0.0218418
47494.5	0.022012
47867.4	0.0221922
48243.3	0.0223624
48622.2	0.0225325
49004	0.0227127
49388.8	0.0228929
49776.7	0.0230731
50167.6	0.0232533
50561.5	0.0234334
50958.6	0.0236236
51358.8	0.0238038
51762.1	0.023994
52168.6	0.0241842
52578.2	0.0243744
52991.1	0.0245646
53407.3	0.0247548
53826.7	0.0249449
54249.4	0.0251451
54675.4	0.0253453
55104.7	0.0255455
55537.5	0.0257457
55973.6	0.0259459
56413.2	0.0261461
56856.2	0.0263564
57302.6	0.0265566
57752.6	0.0267668
58206.2	0.026977
58663.3	0.0271872
59123.9	0.0274074
59588.2	0.0276176
60056.2	0.0278378
60527.8	0.0280581
61003.1	0.0282783
61482.2	0.0284985
61965	0.0287187
62451.6	0.0289489
62942	0.0291692
63436.3	0.0293994
63934.4	0.0296296
64436.5	0.0298699
64942.5	0.0301001
65452.5	0.0303403
65966.5	0.0305706
66484.5	0.0308108
67006.6	0.0310611
67532.8	0.0313013
68063.1	0.0315516
68597.6	0.0317918
69136.3	0.032042
69679.3	0.0322923
70226.4	0.0325526
70777.9	0.0328028
71333.7	0.0330631
71893.9	0.0333233
72458.5	0.0335836
73027.5	0.0338438
73601	0.0341141
74179	0.0343844
74761.5	0.0346547
75348.6	0.0349249
75940.3	0.0351952
76536.6	0.0354755
77137.7	0.0357558
77743.4	0.036036
78353.9	0.0363163
78969.2	0.0365966
79589.4	0.0368869
80214.4	0.0371772
80844.3	0.0374675
81479.2	0.0377678
82119	0.0380581
82763.9	0.0383584
83413.8	0.0386587
84068.9	0.038969
84729	0.0392693
85394.4	0.0395796
86065	0.0398899
86740.9	0.0402002
87422	0.0405205
88108.6	0.0408408
88800.5	0.0411612
89497.8	0.0414815
90200.6	0.0418018
90909	0.0421321
91622.9	0.0424625
92342.4	0.0428028
93067.5	0.0431331
93798.4	0.0434735
94535	0.0438138
95277.3	0.0441542
96025.5	0.0445045
96779.6	0.0448549
97539.6	0.0452052
98305.6	0.0455656
99077.6	0.0459159
99855.6	0.0462763
100640	0.0466466
101430	0.047007
102227	0.0473774
103029	0.0477477
103838	0.0481281
104654	0.0485085
105476	0.0488889
106304	0.0492693
107139	0.0496597
107980	0.0500501
108828	0.0504404
109683	0.0508308
110544	0.0512312
111412	0.0516316
112287	0.052042
113169	0.0524525
114058	0.0528629
114953	0.0532733
115856	0.0536937
116766	0.0541141
117683	0.0545445
118607	0.054965
119538	0.0554054
120477	0.0558358
121423	0.0562763
122377	0.0567167
123338	0.0571672
124306	0.0576076
125282	0.0580681
126266	0.0585185
127258	0.058979
128257	0.0594394
129264	0.0599099
130279	0.0603804
131302	0.0608509
132334	0.0613313
133373	0.0618118
134420	0.0623023
135476	0.0627828
136540	0.0632833
137612	0.0637738
138693	0.0642743
139782	0.0647848
140879	0.0652953
141986	0.0658058
143101	0.0663163
144224	0.0668368
145357	0.0673674
146498	0.0678979
147649	0.0684284
148808	0.068969
149977	0.0695095
151155	0.0700501
152342	0.0706006
153538	0.0711612
154744	0.0717117
155959	0.0722823
157184	0.0728428
158418	0.0734234
159662	0.073994
160916	0.0745746
162180	0.0751652
163453	0.0757558
164737	0.0763463
166030	0.0769469
167334	0.0775475
168648	0.0781582
169973	0.0787788
171307	0.0793894
172653	0.08002
174008	0.0806406
175375	0.0812813
176752	0.0819119
178140	0.0825626
179539	0.0832032
180949	0.0838639
182370	0.0845145
183802	0.0851852
185245	0.0858559
186700	0.0865265
188166	0.0872072
189644	0.0878879
191133	0.0885786
192634	0.0892793
194147	0.08998
195672	0.0906807
197208	0.0913914
198757	0.0921121
200318	0.0928328
201891	0.0935636
203476	0.0943043
205074	0.095045
206684	0.0957858
208308	0.0965365
209943	0.0972973
211592	0.0980581
213254	0.0988288
214928	0.0996096
216616	0.10039
218317	0.101181
220032	0.101972
221759	0.102773
223501	0.103584
225256	0.104394
227025	0.105215
228808	0.106036
230605	0.106877
232416	0.107708
234241	0.108559
236080	0.109409
237934	0.11027
239802	0.111131
241686	0.112012
243584	0.112883
245496	0.113774
247424	0.114665
249367	0.115566
251326	0.116476
253299	0.117387
255288	0.118308
257293	0.119239
259314	0.12018
261350	0.121121
263402	0.122072
265471	0.123033
267555	0.123994
269657	0.124965
271774	0.125956
273908	0.126937
276059	0.127938
278227	0.128939
280412	0.12995
282614	0.130971
284834	0.132002
287070	0.133043
289325	0.134084
291597	0.135135
293887	0.136196
296194	0.137267
298520	0.138348
300865	0.139429
303227	0.140531
305609	0.141632
308008	0.142743
310427	0.143864
312865	0.144995
315322	0.146136
317798	0.147277
320294	0.148438
322809	0.1496
325344	0.150781
327899	0.151962
330474	0.153153
333069	0.154354
335685	0.155566
338321	0.156787
340977	0.158018
343655	0.159259
346354	0.160511
349074	0.161772
351815	0.163043
354578	0.164324
357362	0.165616
360168	0.166917
362997	0.168228
365847	0.16955
368720	0.170881
371616	0.172222
374534	0.173574
377475	0.174935
380440	0.176306
383427	0.177698
386438	0.179089
389473	0.18049
392531	0.181912
395614	0.183343
398721	0.184785
401852	0.186236
405007	0.187698
408188	0.189169
411393	0.190651
414624	0.192152
417880	0.193664
421162	0.195185
424469	0.196717
427802	0.198258
431162	0.19981
434548	0.201381
437960	0.202963
441399	0.204555
444866	0.206166
448359	0.207788
451880	0.209419
455429	0.211061
459005	0.212723
462610	0.214384
466242	0.216076
469904	0.217768
473594	0.219479
477313	0.221201
481061	0.222943
484839	0.224695
488646	0.226456
492484	0.228228
496351	0.23002
500249	0.231832
504177	0.233654
508137	0.235485
512127	0.237337
516149	0.239199
520202	0.241081
524287	0.242973
528404	0.244875
532554	0.246807
536736	0.248739
540951	0.250691
545199	0.252663
549480	0.254645
553795	0.256647
558144	0.258659
562527	0.260691
566945	0.262743
571397	0.264805
575884	0.266887
580406	0.268979
584964	0.271091
589558	0.273223
594187	0.275365
598854	0.277528
603556	0.27971
608296	0.281902
613073	0.284114
617887	0.286346
622739	0.288599
627630	0.290861
632559	0.293143
637526	0.295445
642532	0.297768
647578	0.30011
652663	0.302462
657789	0.304835
662954	0.307237
668160	0.30965
673407	0.312072
678696	0.314525
684025	0.316997
689397	0.319489
694811	0.321992
700267	0.324525
705766	0.327077
711308	0.32964
716894	0.332232
722524	0.334835
728198	0.337467
733916	0.34012
739680	0.342793
745488	0.345485
751343	0.348198
757243	0.350931
763189	0.353684
769183	0.356456
775223	0.359259
781311	0.362082
787446	0.364925
793630	0.367788
799862	0.370681
806144	0.373594
812474	0.376527
818855	0.379479
825285	0.382462
831766	0.385465
838298	0.388488
844881	0.391542
851515	0.394615
858202	0.397718
864942	0.400841
871734	0.403984
878580	0.407157
885479	0.41035
892433	0.413574
899441	0.416827
906504	0.4201
913623	0.423393
920797	0.426727
928028	0.43007
935316	0.433453
942661	0.436857
950064	0.44028
957524	0.443744
965044	0.447227
972622	0.450741
980260	0.454274
987958	0.457848
995716	0.461441
1.00354e+06	0.465065
1.01142e+06	0.468719
1.01936e+06	0.472402
1.02736e+06	0.476106
1.03543e+06	0.47985
1.04356e+06	0.483614
1.05176e+06	0.487407
1.06002e+06	0.491241
1.06834e+06	0.495095
1.07673e+06	0.498989
1.08519e+06	0.502903
1.09371e+06	0.506857
1.1023e+06	0.510831
1.11095e+06	0.514845
1.11968e+06	0.518889
1.12847e+06	0.522963
1.13733e+06	0.527067
1.14626e+06	0.531211
1.15526e+06	0.535375
1.16434e+06	0.53958
1.17348e+06	0.543824
1.1827e+06	0.548088
1.19198e+06	0.552392
1.20134e+06	0.556737
1.21078e+06	0.561101
1.22029e+06	0.565516
1.22987e+06	0.56995
1.23953e+06	0.574424
1.24926e+06	0.578939
1.25907e+06	0.583483
1.26896e+06	0.588068
1.27892e+06	0.592683
1.28897e+06	0.597337
1.29909e+06	0.602032
1.30929e+06	0.606757
1.31957e+06	0.611522
1.32993e+06	0.616326
1.34038e+06	0.621161
1.3509e+06	0.626046
1.36151e+06	0.630961
1.3722e+06	0.635916
1.38298e+06	0.640911
1.39384e+06	0.645946
1.40479e+06	0.651011
1.41582e+06	0.656126
1.42694e+06	0.661281
1.43814e+06	0.666466
1.44944e+06	0.671702
1.46082e+06	0.676977
1.47229e+06	0.682292
1.48385e+06	0.687658
1.4955e+06	0.693053
1.50725e+06	0.698498
1.51908e+06	0.703984
1.53101e+06	0.70951
1.54304e+06	0.715085
1.55515e+06	0.720701
1.56737e+06	0.726356
1.57967e+06	0.732062
1.59208e+06	0.737808
1.60458e+06	0.743604
1.61718e+06	0.749439
1.62988e+06	0.755325
1.64268e+06	0.761261
1.65558e+06	0.767237
1.66858e+06	0.773263
1.68169e+06	0.779339
1.69489e+06	0.785455
1.7082e+06	0.791622
1.72162e+06	0.797838
1.73514e+06	0.804104
1.74876e+06	0.81042
1.76249e+06	0.816787
1.77634e+06	0.823193
1.79028e+06	0.82966
1.80434e+06	0.836176
1.81851e+06	0.842743
1.83279e+06	0.849359
1.84719e+06	0.856036
1.86169e+06	0.862753
1.87631e+06	0.86953
1.89105e+06	0.876356
1.9059e+06	0.883243
1.92086e+06	0.89017
1.93595e+06	0.897167
1.95115e+06	0.904214
1.96647e+06	0.911311
1.98192e+06	0.918468
1.99748e+06	0.925676
2.01317e+06	0.932953
2.02897e+06	0.94028
2.04491e+06	0.947658
2.06097e+06	0.955105
2.07715e+06	0.962603
2.09346e+06	0.97016
2.1099e+06	0.977778
2.12647e+06	0.985455
2.14317e+06	0.993193
2.16e+06	1
