0.1	0
0.108437	0
0.117585	0
0.127505	0
0.138262	0
0.149927	0
0.162576	0
0.176291	0
0.191164	0
0.207292	0
0.224781	0
0.243744	0
0.264308	0
0.286607	0
0.310787	0
0.337006	0
0.365438	0
0.396269	0
0.4297	0.000142066
0.465953	0.000142066
0.505263	0.000142066
0.54789	0.000142066
0.594113	0.000142066
0.644236	0.000142066
0.698588	0.000142066
0.757525	0.000142066
0.821434	0.000142066
0.890735	0.000142066
0.965883	0.000142066
1.04737	0.000142066
1.13573	0.000284131
1.23155	0.000284131
1.33545	0.000284131
1.44812	0.000284131
1.57029	0.000284131
1.70277	0.000284131
1.84642	0.000284131
2.0022	0.000284131
2.17112	0.000284131
2.35429	0.000426197
2.55291	0.000426197
2.76829	0.000426197
3.00184	0.000426197
3.25509	0.000568263
3.52971	0.000568263
3.82749	0.000568263
4.1504	0.000568263
4.50056	0.000568263
4.88025	0.000710328
5.29198	0.000852394
5.73844	0.000852394
6.22257	0.000994459
6.74754	0.000994459
7.31681	0.000994459
7.9341	0.00113653
8.60346	0.00127859
9.3293	0.00142066
10.1164	0.00142066
10.9699	0.00156272
11.8953	0.00170479
12.8989	0.00184685
13.9871	0.00198892
15.1672	0.00227305
16.4468	0.00241512
17.8343	0.00255718
19.3389	0.00284131
20.9705	0.00298338
22.7397	0.00326751
24.6581	0.00355164
26.7384	0.00383577
28.9942	0.0041199
31.4404	0.0045461
34.0929	0.00483023
36.9691	0.00525643
40.0881	0.00568263
43.4701	0.00625089
47.1375	0.00667708
51.1143	0.00724535
55.4266	0.00795568
60.1028	0.00852394
65.1734	0.00937633
70.6718	0.0100867
76.6341	0.0109391
83.0994	0.0117914
90.1102	0.0127859
97.7124	0.0139224
105.956	0.015059
114.895	0.0163375
124.588	0.0177582
135.099	0.0191789
146.497	0.0208836
158.857	0.0225884
172.259	0.0245774
186.791	0.0265663
202.55	0.0288393
219.639	0.0312544
238.169	0.0339537
258.262	0.0366529
280.05	0.0397784
303.677	0.043188
329.297	0.0468817
357.079	0.0507174
387.204	0.0551215
419.871	0.0596676
455.294	0.0647819
493.705	0.0701804
535.357	0.0761472
580.523	0.0825401
629.499	0.0895013
682.607	0.0970308
740.196	0.105129
802.643	0.114079
870.359	0.123739
943.788	0.13411
1023.41	0.145475
1109.75	0.157693
1203.38	0.171047
1304.9	0.185396
1414.99	0.201023
1534.37	0.217929
1663.82	0.236397
1804.19	0.256286
1956.4	0.27788
2121.45	0.301321
2300.43	0.326751
2494.51	0.354454
2704.96	0.384288
2933.17	0.416679
3180.63	0.451911
3448.96	0.489984
3739.94	0.531325
4055.46	0.576076
4397.6	0.624521
4768.61	0.677369
5170.92	0.734479
5607.17	0.796278
6080.22	0.863191
6593.19	0.934082
7149.43	0.993749
7752.6	0.999574
8406.65	0.999716
9115.89	0.999716
9884.96	0.999716
10718.9	0.999716
11623.2	0.999716
12603.8	0.999716
13667.2	0.999716
14820.2	0.999716
16070.5	0.999716
17426.3	0.999716
18896.5	0.999716
20490.7	0.999716
22219.5	0.999716
24094	0.999716
26126.8	0.999716
28331	0.999716
30721.1	0.999716
33312.9	0.999716
36123.4	0.999716
39171	0.999716
42475.7	0.999716
46059.2	0.999716
49945.1	0.999716
54158.7	0.999716
58727.9	0.999716
63682.5	0.999716
69055.1	0.999716
74881	0.999716
81198.4	0.999716
88048.8	0.999716
95477.2	0.999716
103532	0.999716
112267	0.999716
121738	0.999716
132009	0.999716
143146	0.999716
155223	0.999716
168318	0.999716
182518	0.999716
197917	0.999858
214614	0.999858
232720	0.999858
252354	0.999858
273644	0.999858
296730	0.999858
321764	0.999858
348910	1
378346	1
410266	1
444878	1
482411	1
523110	1
567243	1
615099	1
666992	1
723263	1
784282	1
850449	1
922198	1
1e+06	1
