0.1	0
0.108437	0
0.117585	0
0.127505	0
0.138262	0
0.149927	0
0.162576	0
0.176291	0
0.191164	0
0.207292	0
0.224781	0
0.243744	0
0.264308	0
0.286607	0
0.310787	0
0.337006	0
0.365438	0
0.396269	0.00424944
0.4297	0
0.465953	0
0.505263	0
0.54789	0
0.594113	0
0.644236	0
0.698588	0
0.757525	0
0.821434	0
0.890735	0
0.965883	0
1.04737	0.00160776
1.13573	0
1.23155	0
1.33545	0
1.44812	0
1.57029	0
1.70277	0
1.84642	0
2.0022	0
2.17112	0.000775601
2.35429	0
2.55291	0
2.76829	0
3.00184	0.000560964
3.25509	0
3.52971	0
3.82749	0
4.1504	0
4.50056	0.000374158
4.88025	0.000345048
5.29198	0
5.73844	0.000293446
6.22257	0
6.74754	0
7.31681	0.000230144
7.9341	0.000212239
8.60346	0.000195726
9.3293	0
10.1164	0.000166455
10.9699	0.000153504
11.8953	0.000141561
12.8989	0.000130548
13.9871	0.000240781
15.1672	0.000111024
16.4468	0.000102386
17.8343	0.000188841
19.3389	8.70742e-05
20.9705	0.000160599
22.7397	0.000148104
24.6581	0.000136582
26.7384	0.000125955
28.9942	0.000174233
31.4404	0.000107118
34.0929	0.000148177
36.9691	0.000136648
40.0881	0.000168022
43.4701	0.000116212
47.1375	0.000142894
51.1143	0.000164721
55.4266	0.000121524
60.1028	0.000168104
65.1734	0.000129188
70.6718	0.000142964
76.6341	0.000131841
83.0994	0.000141848
90.1102	0.000149499
97.7124	0.000137868
105.956	0.000143034
114.895	0.000146562
124.588	0.000135159
135.099	0.000149572
146.497	0.000137935
158.857	0.000148404
172.259	0.000136858
186.791	0.00014424
202.55	0.000141331
219.639	0.000145669
238.169	0.000134336
258.262	0.000143445
280.05	0.00014431
303.677	0.000144173
329.297	0.000138069
357.079	0.000146191
387.204	0.000139166
419.871	0.000144381
455.294	0.000140545
493.705	0.000143253
535.357	0.000141544
580.523	0.000142134
629.499	0.000141776
682.607	0.000140613
740.196	0.000143323
802.643	0.000142662
870.359	0.000141236
943.788	0.000142737
1023.41	0.000141504
1109.75	0.000142634
1203.38	0.000141332
1304.9	0.00014195
1414.99	0.000141617
1534.37	0.000142671
1663.82	0.000141692
1804.19	0.000141868
1956.4	0.00014202
2121.45	0.000142083
2300.43	0.000142741
2494.51	0.000141761
2704.96	0.000141937
2933.17	0.000142376
3180.63	0.000141887
3448.96	0.000142078
3739.94	0.00014183
4055.46	0.000141591
4397.6	0.000142445
4768.61	0.000141957
5170.92	0.000141659
5607.17	0.000141449
6080.22	0.000138198
6593.19	0.000107269
7149.43	9.65682e-06
7752.6	2.17207e-07
8406.65	0
9115.89	0
9884.96	0
10718.9	0
11623.2	0
12603.8	0
13667.2	0
14820.2	0
16070.5	0
17426.3	0
18896.5	0
20490.7	0
22219.5	0
24094	0
26126.8	0
28331	0
30721.1	0
33312.9	0
36123.4	0
39171	0
42475.7	0
46059.2	0
49945.1	0
54158.7	0
58727.9	0
63682.5	0
69055.1	0
74881	0
81198.4	0
88048.8	0
95477.2	0
103532	0
112267	0
121738	0
132009	0
143146	0
155223	0
168318	0
182518	9.22604e-09
197917	0
214614	0
232720	0
252354	0
273644	0
296730	0
321764	5.2334e-09
348910	0
378346	0
410266	0
444878	0
482411	0
523110	0
567243	0
615099	0
666992	0
723263	0
784282	0
850449	0
922198	0
1e+06	0
