0.1	0
0.100785	0
0.101577	0
0.102374	0
0.103178	0
0.103989	0
0.104805	0
0.105628	0
0.106458	0
0.107294	0
0.108136	0
0.108985	0
0.109841	0
0.110704	0
0.111573	0
0.112449	0
0.113332	0
0.114222	0
0.115119	0
0.116023	0
0.116935	0
0.117853	0
0.118778	0
0.119711	0
0.120651	0
0.121599	0
0.122554	0
0.123516	0
0.124486	0
0.125464	0
0.126449	0
0.127442	0
0.128443	0
0.129451	0
0.130468	0
0.131492	0
0.132525	0
0.133566	0
0.134614	0
0.135672	0
0.136737	0
0.137811	0
0.138893	0
0.139984	0
0.141083	0
0.142191	0
0.143308	0
0.144433	0
0.145567	0
0.14671	0
0.147862	0
0.149024	0
0.150194	0
0.151373	0
0.152562	0
0.15376	0
0.154967	0
0.156184	0
0.157411	0
0.158647	0
0.159893	0
0.161149	0
0.162414	0
0.163689	0
0.164975	0
0.16627	0
0.167576	0
0.168892	0
0.170218	0
0.171555	0
0.172902	0
0.17426	0
0.175629	0
0.177008	0
0.178398	0
0.179799	0
0.181211	0
0.182634	0
0.184068	0
0.185513	0
0.18697	0
0.188438	0
0.189918	0
0.19141	0
0.192913	0
0.194428	0
0.195954	0
0.197493	0
0.199044	0
0.200607	0
0.202183	0
0.20377	0
0.205371	0
0.206983	0
0.208609	0
0.210247	0
0.211898	0
0.213562	0
0.215239	0
0.216929	0
0.218633	0
0.22035	0
0.22208	0
0.223824	0
0.225582	0
0.227353	0
0.229139	0
0.230938	0
0.232752	0
0.234579	0
0.236421	0
0.238278	0
0.240149	0
0.242035	0
0.243936	0
0.245851	0
0.247782	0
0.249728	0
0.251689	0
0.253665	0
0.255657	0
0.257665	0
0.259688	0
0.261728	0
0.263783	0
0.265855	0
0.267942	0
0.270046	0
0.272167	0
0.274304	0
0.276458	0
0.278629	0
0.280818	0
0.283023	0
0.285245	0
0.287485	0
0.289743	0
0.292018	0
0.294311	0
0.296623	0
0.298952	0
0.3013	0
0.303666	0
0.30605	0
0.308454	0
0.310876	0
0.313317	0
0.315778	0
0.318258	0
0.320757	0
0.323276	0
0.325814	0
0.328373	0
0.330952	0
0.33355	0
0.33617	0
0.33881	0
0.34147	0
0.344152	0
0.346855	0
0.349578	0
0.352324	0
0.35509	0
0.357879	0
0.360689	0
0.363522	0
0.366376	0
0.369253	0
0.372153	0
0.375076	0
0.378021	0
0.38099	0
0.383982	0
0.386997	0
0.390036	0
0.393099	0
0.396186	0
0.399297	0
0.402433	0
0.405593	0
0.408778	0
0.411988	0
0.415223	0
0.418484	0
0.42177	0
0.425083	0
0.428421	0
0.431785	0
0.435176	0
0.438593	0
0.442037	0
0.445509	0
0.449007	0
0.452533	0
0.456087	0
0.459669	0
0.463278	0
0.466916	0
0.470583	0
0.474279	0
0.478003	0
0.481757	0
0.48554	0
0.489353	0
0.493196	0
0.497069	0
0.500972	0
0.504906	0
0.508871	0
0.512867	0
0.516895	0
0.520954	0
0.525045	0
0.529168	0
0.533324	0
0.537512	0
0.541733	0
0.545987	0
0.550275	0
0.554596	0
0.558951	0
0.56334	0
0.567764	0
0.572223	0
0.576716	0
0.581245	0
0.58581	0
0.59041	0
0.595047	0
0.599719	0
0.604429	0
0.609175	0
0.613959	0
0.618781	0
0.62364	0
0.628537	0
0.633473	0
0.638448	0
0.643461	0
0.648514	0
0.653607	0
0.65874	0
0.663913	0
0.669126	0
0.674381	0
0.679677	0
0.685014	0
0.690394	0
0.695815	0
0.70128	0
0.706787	0
0.712337	0
0.717931	0
0.723569	0
0.729251	0
0.734978	0
0.740749	0
0.746566	0
0.752429	0
0.758338	0
0.764293	0
0.770295	0
0.776344	0
0.78244	0
0.788585	0
0.794778	0
0.801019	0
0.807309	0
0.813649	0
0.820038	0
0.826478	0
0.832968	0
0.83951	0
0.846102	0
0.852747	0
0.859443	0
0.866192	0
0.872994	0
0.87985	0
0.886759	0
0.893723	0
0.900741	0
0.907815	0
0.914944	0
0.922129	0
0.92937	0
0.936668	0
0.944024	0
0.951437	0
0.958909	0
0.966439	0
0.974028	0
0.981677	0
0.989386	0
0.997156	0
1.00499	0
1.01288	0
1.02083	0
1.02885	0
1.03693	0
1.04507	0
1.05328	0
1.06155	0
1.06989	0
1.07829	0
1.08676	0
1.09529	0
1.10389	0
1.11256	0
1.1213	0
1.1301	0
1.13898	0
1.14792	0
1.15693	0
1.16602	0
1.17518	0
1.18441	0
1.19371	0
1.20308	0
1.21253	0
1.22205	0
1.23165	0
1.24132	0
1.25107	0
1.26089	0
1.27079	0
1.28077	0
1.29083	0
1.30097	0
1.31118	0
1.32148	0
1.33186	0
1.34232	0
1.35286	0
1.36348	0
1.37419	0
1.38498	0
1.39586	0
1.40682	0
1.41787	0
1.429	0
1.44022	0
1.45153	0
1.46293	0
1.47442	0
1.486	0
1.49767	0
1.50943	0
1.52128	0
1.53323	0
1.54527	0
1.5574	0
1.56963	0
1.58196	0
1.59438	0
1.6069	0
1.61952	0
1.63224	0
1.64506	0
1.65798	0
1.671	0
1.68412	0
1.69734	0
1.71067	0
1.72411	0
1.73764	0
1.75129	0
1.76504	0
1.7789	0
1.79287	0
1.80695	0
1.82114	0
1.83544	0
1.84986	0
1.86438	0
1.87902	0
1.89378	0
1.90865	0
1.92364	0
1.93875	0
1.95397	0
1.96932	0
1.98478	0
2.00037	0
2.01608	0
2.03191	0
2.04786	0
2.06395	0
2.08015	0
2.09649	0
2.11295	0
2.12955	0
2.14627	0
2.16312	0
2.18011	0
2.19723	0
2.21448	0
2.23187	0
2.2494	0
2.26707	0
2.28487	0
2.30281	0
2.3209	0
2.33912	0
2.35749	0
2.376	0
2.39466	0
2.41347	0
2.43242	0
2.45152	0
2.47077	0
2.49018	0
2.50973	0
2.52944	0
2.5493	0
2.56932	0
2.5895	0
2.60983	0
2.63033	0
2.65098	0
2.6718	0
2.69278	0
2.71393	0
2.73524	0
2.75672	0
2.77837	0
2.80019	0
2.82218	0
2.84434	0
2.86668	0
2.88919	0
2.91188	0
2.93474	0
2.95779	0
2.98102	0
3.00443	0
3.02802	0
3.0518	0
3.07576	0
3.09992	0
3.12426	0
3.1488	0
3.17352	0
3.19844	0
3.22356	0
3.24888	0
3.27439	0
3.3001	0
3.32602	0
3.35214	0
3.37846	0
3.40499	0
3.43173	0
3.45868	0
3.48584	0
3.51321	0
3.5408	0
3.56861	0
3.59663	0
3.62488	0
3.65334	0
3.68203	0
3.71095	0
3.74009	0
3.76946	0
3.79906	0
3.82889	0
3.85896	0
3.88927	0
3.91981	0
3.95059	0
3.98161	0
4.01288	0
4.04439	0
4.07615	0
4.10816	0
4.14042	0
4.17294	0
4.20571	0
4.23874	0
4.27202	0
4.30557	0
4.33938	0
4.37346	0
4.4078	0
4.44242	0
4.4773	0
4.51246	0
4.5479	0
4.58361	0
4.61961	0
4.65588	0
4.69245	0
4.7293	0
4.76644	0
4.80387	0
4.84159	0
4.87961	0
4.91793	0
4.95655	0
4.99547	0
5.0347	0
5.07424	0
5.11409	0
5.15425	0
5.19472	0
5.23552	0
5.27663	0
5.31807	0
5.35983	0
5.40192	0
5.44434	0
5.48709	0
5.53018	0
5.57361	0
5.61738	0
5.66149	0
5.70595	0
5.75076	0
5.79592	0
5.84144	0
5.88731	0
5.93354	0
5.98014	0
6.0271	0
6.07443	0
6.12213	0
6.17021	0
6.21866	0
6.2675	0
6.31671	0
6.36632	0
6.41631	0
6.4667	0
6.51748	0
6.56866	0
6.62025	0
6.67223	0
6.72463	0
6.77744	0
6.83066	0
6.8843	0
6.93836	0
6.99285	0
7.04776	0
7.10311	0
7.15889	0
7.21511	0
7.27177	0
7.32887	0
7.38642	0
7.44443	0
7.50289	0
7.56181	0
7.62119	0
7.68104	0
7.74136	0
7.80215	0
7.86342	0
7.92517	0
7.98741	0
8.05013	0
8.11335	0
8.17706	0
8.24127	0
8.30599	0
8.37122	0
8.43696	0
8.50321	0
8.56999	0
8.63729	0
8.70511	0
8.77347	0
8.84237	0
8.91181	0
8.98179	0
9.05233	0
9.12341	0
9.19506	0
9.26727	0
9.34004	0
9.41339	0
9.48731	0
9.56181	0
9.6369	0
9.71258	0
9.78885	0
9.86572	0
9.9432	0
10.0213	0
10.1	0
10.1793	0
10.2592	0
10.3398	0
10.421	0
10.5028	0
10.5853	0
10.6684	0
10.7522	0
10.8366	0
10.9217	0
11.0075	0
11.094	0
11.1811	0
11.2689	0
11.3574	0
11.4466	0
11.5364	0
11.627	0
11.7183	0
11.8104	0
11.9031	0
11.9966	0
12.0908	0
12.1857	0
12.2814	0
12.3779	0
12.4751	0
12.5731	0
12.6718	0
12.7713	0
12.8716	0
12.9727	0
13.0745	0
13.1772	0
13.2807	0
13.385	0
13.4901	0
13.596	0
13.7028	0
13.8104	0
13.9189	0
14.0282	0
14.1383	0
14.2494	0
14.3613	0
14.474	0
14.5877	0
14.7022	0
14.8177	0
14.9341	0
15.0513	0
15.1695	0
15.2887	0
15.4087	0
15.5297	0
15.6517	0
15.7746	0
15.8985	0
16.0233	0
16.1491	0
16.276	0
16.4038	0
16.5326	0
16.6624	0
16.7933	0
16.9251	0
17.0581	0
17.192	0
17.327	0
17.4631	0
17.6002	0
17.7384	0
17.8777	0
18.0181	0
18.1596	0
18.3022	0
18.446	0
18.5908	0
18.7368	0
18.8839	0
19.0322	0
19.1817	0
19.3323	0
19.4841	0
19.6371	0
19.7914	0
19.9468	0
20.1034	0
20.2613	0
20.4204	0
20.5808	0
20.7424	0
20.9053	0
21.0694	0
21.2349	0
21.4016	0
21.5697	0
21.7391	0
21.9098	0
22.0819	0
22.2553	0
22.43	0
22.6062	0
22.7837	0
22.9626	0
23.1429	0
23.3247	0
23.5079	0
23.6925	0
23.8785	0
24.066	0
24.255	0
24.4455	0
24.6375	0
24.8309	0
25.0259	0
25.2225	0
25.4205	0
25.6201	0
25.8213	0
26.0241	0
26.2285	0
26.4344	0
26.642	0
26.8513	0
27.0621	0
27.2746	0
27.4888	0
27.7047	0
27.9222	0
28.1415	0
28.3625	0
28.5852	0
28.8097	0
29.036	0
29.264	0
29.4938	0
29.7254	0
29.9588	0
30.1941	0
30.4312	0
30.6702	0
30.911	0
31.1538	0
31.3984	0
31.645	0
31.8935	0
32.1439	0
32.3964	0
32.6508	0
32.9072	0
33.1656	0
33.426	0
33.6885	0
33.9531	0
34.2197	0
34.4884	0
34.7593	0
35.0322	0
35.3073	0
35.5846	0
35.864	0
36.1457	0
36.4295	0
36.7156	0
37.0039	0
37.2945	0
37.5874	0
37.8826	0
38.18	0
38.4799	0
38.782	0
39.0866	0
39.3935	0
39.7029	0
40.0147	0
40.3289	0
40.6456	0
40.9648	0
41.2865	0
41.6107	0
41.9375	0
42.2668	0
42.5987	0
42.9332	0
43.2704	0
43.6102	0
43.9527	0
44.2978	0
44.6457	0
44.9963	0
45.3496	0
45.7058	0
46.0647	0
46.4264	0
46.791	0
47.1585	0
47.5288	0
47.902	0
48.2782	0
48.6573	0
49.0394	0
49.4245	0
49.8126	0
50.2038	0
50.5981	0
50.9954	0
51.3959	0
51.7995	0
52.2063	0
52.6162	0
53.0294	0
53.4459	0
53.8656	0
54.2886	0
54.7149	0
55.1446	0
55.5776	0
56.014	0
56.4539	0
56.8972	0
57.3441	0
57.7944	0
58.2482	0
58.7056	0
59.1667	0
59.6313	0
60.0996	0
60.5715	0
61.0472	0
61.5266	0
62.0097	0
62.4967	0
62.9875	0
63.4821	0
63.9806	0
64.4831	0
64.9894	0
65.4998	0
66.0142	0
66.5326	0
67.055	0
67.5816	0
68.1123	0
68.6472	0
69.1863	0
69.7296	0
70.2772	0
70.8291	0
71.3853	0
71.9459	0
72.5108	0
73.0803	0
73.6542	0
74.2326	0
74.8155	0
75.403	0
75.9952	0
76.5919	0
77.1934	0
77.7996	0
78.4106	0
79.0263	0
79.6469	0
80.2724	0
80.9027	0
81.538	0
82.1784	0
82.8237	0
83.4741	0
84.1296	0
84.7903	0
85.4561	0
86.1272	0
86.8036	0
87.4852	0
88.1722	0
88.8646	0
89.5625	0
90.2658	0
90.9747	0
91.6891	0
92.4091	0
93.1348	0
93.8662	0
94.6033	0
95.3462	0
96.0949	0
96.8496	0
97.6101	0
98.3766	0
99.1492	0
99.9278	0
100.713	0
101.503	0
102.3	0
103.104	0
103.914	0
104.73	0
105.552	0
106.381	0
107.216	0
108.058	0
108.907	0
109.762	0
110.624	0
111.493	0
112.368	0
113.251	0
114.14	0
115.036	0
115.94	0
116.85	0
117.768	0
118.693	0
119.625	0
120.564	0
121.511	0
122.465	0
123.427	0
124.396	0
125.373	0
126.357	0
127.35	0
128.35	0
129.358	0
130.374	0
131.397	0
132.429	0
133.469	0
134.517	0
135.574	0
136.638	0
137.711	0
138.793	0
139.883	0
140.981	0
142.088	0
143.204	0
144.329	0
145.462	0
146.604	0
147.756	0
148.916	0
150.085	0
151.264	0
152.452	0
153.649	0
154.856	0
156.072	0
157.297	0
158.533	0
159.777	0
161.032	0
162.297	0
163.571	0
164.856	0
166.15	0
167.455	0
168.77	0
170.095	0
171.431	0
172.777	0
174.134	0
175.502	0
176.88	0
178.269	0
179.669	0
181.08	0
182.502	0
183.935	0
185.379	0
186.835	0
188.302	0
189.781	0
191.271	0
192.773	0
194.287	0
195.813	0
197.351	0
198.9	0
200.462	0
202.037	0
203.623	0
205.222	0
206.834	0
208.458	0
210.095	0
211.745	0
213.408	0
215.084	0
216.773	0
218.475	0
220.191	0
221.92	0
223.662	0
225.419	0
227.189	0
228.973	0
230.771	0
232.583	0
234.41	0
236.251	0
238.106	0
239.976	0
241.86	0
243.76	0
245.674	0
247.603	0
249.547	0
251.507	0
253.482	0
255.473	0
257.479	0
259.501	0
261.539	0
263.593	0
265.663	0
267.749	0
269.851	0
271.971	0
274.106	0
276.259	0
278.428	0
280.615	0
282.818	0
285.039	0
287.278	0
289.534	0
291.807	0
294.099	0
296.408	0
298.736	0
301.082	0
303.446	0
305.829	0
308.231	0
310.652	0
313.091	0
315.55	0
318.028	0
320.525	0
323.042	0
325.579	0
328.136	0
330.713	0
333.31	0
335.927	0
338.565	0
341.224	0
343.903	0
346.604	0
349.326	0
352.069	0
354.834	0
357.62	0
360.429	0
363.259	0
366.112	0
368.987	0
371.884	0
374.805	0
377.748	0
380.715	0
383.704	0
386.717	0
389.754	0
392.815	0
395.9	0
399.009	0
402.142	0
405.3	0
408.483	0
411.691	0
414.924	0
418.182	0
421.466	0
424.776	0
428.111	0
431.473	0
434.862	0
438.277	0
441.718	0
445.187	0
448.683	0
452.207	0
455.758	0
459.337	0
462.944	0
466.579	0
470.243	0
473.936	0
477.658	0
481.409	0
485.189	0
488.999	0
492.84	0
496.71	0
500.61	0
504.542	0
508.504	0
512.497	0
516.522	0
520.578	0
524.666	0
528.786	0
532.938	0
537.124	0
541.342	0
545.593	0
549.877	0
554.195	0
558.547	0
562.934	0
567.354	0
571.81	0
576.3	0
580.826	0
585.387	0
589.984	0
594.617	0
599.286	0
603.992	0
608.736	0
613.516	0
618.334	0
623.189	0
628.083	0
633.016	0
637.987	0
642.997	0
648.046	0
653.135	0
658.264	0
663.433	0
668.643	0
673.894	0
679.186	0
684.52	0
689.895	0
695.313	0
700.773	0
706.276	0
711.823	0
717.412	0
723.046	0
728.724	0
734.447	0
740.214	0
746.027	0
751.886	0
757.79	0
763.741	0
769.739	0
775.783	0
781.875	0
788.015	0
794.204	0
800.44	0
806.726	0
813.061	0
819.446	0
825.881	0
832.367	0
838.903	0
845.491	0
852.131	0
858.822	0
865.567	0
872.364	0
879.215	0
886.119	0
893.078	0
900.091	0
907.159	0
914.283	0
921.463	0
928.699	0
935.992	0
943.342	0
950.75	0
958.216	0
965.741	0
973.325	0
980.968	0
988.672	0
996.436	0
1004.26	0
1012.15	0
1020.1	0
1028.11	0
1036.18	0
1044.32	0
1052.52	0
1060.78	0
1069.11	0
1077.51	0
1085.97	0
1094.5	0
1103.09	0
1111.76	0
1120.49	0
1129.29	0
1138.15	0
1147.09	0
1156.1	0
1165.18	0
1174.33	0
1183.55	0
1192.84	0
1202.21	0
1211.65	0
1221.17	0
1230.76	0
1240.42	0
1250.16	0
1259.98	0
1269.88	0
1279.85	0
1289.9	0
1300.03	0
1310.24	0
1320.53	0
1330.9	0
1341.35	0
1351.88	0
1362.5	0
1373.2	0
1383.98	0
1394.85	0
1405.8	0
1416.84	0
1427.97	0
1439.18	0
1450.48	0
1461.87	0
1473.35	0
1484.92	0
1496.58	0
1508.34	0
1520.18	0
1532.12	0
1544.15	0
1556.28	0
1568.5	0
1580.82	0
1593.23	0
1605.74	0
1618.35	0
1631.06	0
1643.87	0
1656.78	0
1669.79	0
1682.9	0
1696.12	0
1709.44	0
1722.86	0
1736.39	0
1750.03	0
1763.77	0
1777.62	0
1791.58	0
1805.65	0
1819.83	0
1834.12	0
1848.52	0
1863.04	0
1877.67	0
1892.41	0
1907.27	0
1922.25	0
1937.35	0
1952.56	0
1967.89	0
1983.35	0
1998.92	0
2014.62	0
2030.44	1.001e-05
2046.39	1.001e-05
2062.46	2.002e-05
2078.65	3.003e-05
2094.98	4.004e-05
2111.43	4.004e-05
2128.01	5.00501e-05
2144.72	6.00601e-05
2161.56	7.00701e-05
2178.54	7.00701e-05
2195.64	8.00801e-05
2212.89	9.00901e-05
2230.26	0.0001001
2247.78	0.00011011
2265.43	0.00012012
2283.22	0.00012012
2301.15	0.00013013
2319.22	0.00014014
2337.43	0.00015015
2355.79	0.00016016
2374.29	0.00017017
2392.93	0.00017017
2411.72	0.00018018
2430.66	0.00019019
2449.75	0.0002002
2468.99	0.00021021
2488.38	0.00022022
2507.92	0.00023023
2527.61	0.00024024
2547.46	0.00025025
2567.47	0.00026026
2587.63	0.00026026
2607.95	0.00027027
2628.43	0.00028028
2649.07	0.00029029
2669.87	0.0003003
2690.84	0.00031031
2711.97	0.00032032
2733.27	0.00033033
2754.73	0.00034034
2776.36	0.00035035
2798.17	0.00036036
2820.14	0.00037037
2842.29	0.00038038
2864.61	0.00039039
2887.1	0.0004004
2909.77	0.00041041
2932.62	0.00042042
2955.65	0.00043043
2978.86	0.00045045
3002.26	0.00046046
3025.83	0.00047047
3049.6	0.00048048
3073.54	0.00049049
3097.68	0.000500501
3122.01	0.000510511
3146.52	0.000520521
3171.23	0.000530531
3196.14	0.000550551
3221.23	0.000560561
3246.53	0.000570571
3272.02	0.000580581
3297.72	0.000590591
3323.62	0.000610611
3349.72	0.000620621
3376.02	0.000630631
3402.53	0.000640641
3429.25	0.000650651
3456.18	0.000670671
3483.32	0.000680681
3510.68	0.000690691
3538.25	0.000700701
3566.03	0.000720721
3594.04	0.000730731
3622.26	0.000740741
3650.71	0.000760761
3679.37	0.000770771
3708.27	0.000780781
3737.39	0.000800801
3766.74	0.000810811
3796.32	0.000820821
3826.13	0.000840841
3856.18	0.000850851
3886.46	0.000870871
3916.98	0.000880881
3947.74	0.000890891
3978.74	0.000910911
4009.98	0.000920921
4041.47	0.000940941
4073.21	0.000950951
4105.2	0.000970971
4137.44	0.000980981
4169.93	0.00101101
4202.67	0.00102102
4235.68	0.00104104
4268.94	0.00105105
4302.46	0.00107107
4336.25	0.00108108
4370.3	0.0011011
4404.62	0.00111111
4439.21	0.00113113
4474.07	0.00115115
4509.2	0.00116116
4544.61	0.00118118
4580.3	0.0012012
4616.27	0.00121121
4652.52	0.00123123
4689.06	0.00125125
4725.88	0.00126126
4762.99	0.00128128
4800.4	0.0013013
4838.09	0.00131131
4876.09	0.00133133
4914.38	0.00135135
4952.97	0.00137137
4991.87	0.00139139
5031.07	0.0014014
5070.57	0.00142142
5110.39	0.00144144
5150.52	0.00146146
5190.97	0.00148148
5231.74	0.0015015
5272.82	0.00152152
5314.23	0.00154154
5355.96	0.00155155
5398.02	0.00157157
5440.41	0.00159159
5483.13	0.00161161
5526.19	0.00163163
5569.59	0.00165165
5613.32	0.00167167
5657.41	0.00169169
5701.83	0.00171171
5746.61	0.00174174
5791.74	0.00176176
5837.22	0.00178178
5883.06	0.0018018
5929.26	0.00182182
5975.82	0.00184184
6022.75	0.00186186
6070.04	0.00189189
6117.71	0.00191191
6165.75	0.00193193
6214.17	0.00195195
6262.97	0.00197197
6312.15	0.00201201
6361.72	0.00203203
6411.68	0.00205205
6462.03	0.00208208
6512.78	0.0021021
6563.92	0.00212212
6615.47	0.00215215
6667.42	0.00217217
6719.77	0.00219219
6772.54	0.00222222
6825.73	0.00224224
6879.33	0.00227227
6933.35	0.00229229
6987.8	0.00232232
7042.67	0.00234234
7097.98	0.00237237
7153.72	0.0024024
7209.9	0.00242242
7266.52	0.00245245
7323.58	0.00247247
7381.09	0.0025025
7439.05	0.00253253
7497.47	0.00255255
7556.35	0.00258258
7615.69	0.00261261
7675.49	0.00264264
7735.77	0.00267267
7796.52	0.00269269
7857.74	0.00272272
7919.45	0.00275275
7981.64	0.00278278
8044.32	0.00281281
8107.49	0.00284284
8171.16	0.00287287
8235.32	0.0029029
8299.99	0.00293293
8365.17	0.00296296
8430.86	0.00299299
8497.07	0.00303303
8563.8	0.00306306
8631.05	0.00309309
8698.83	0.00312312
8767.14	0.00315315
8835.99	0.00318318
8905.37	0.00322322
8975.31	0.00325325
9045.79	0.00328328
9116.83	0.00331331
9188.42	0.00335335
9260.58	0.00338338
9333.3	0.00341341
9406.59	0.00345345
9480.46	0.00348348
9554.91	0.00352352
9629.94	0.00355355
9705.57	0.00359359
9781.78	0.00362362
9858.6	0.00366366
9936.02	0.00369369
10014	0.00373373
10092.7	0.00376376
10171.9	0.0038038
10251.8	0.00384384
10332.3	0.00388388
10413.5	0.00391391
10495.2	0.00395395
10577.7	0.00399399
10660.7	0.00404404
10744.4	0.00407407
10828.8	0.00411411
10913.9	0.00415415
10999.6	0.00419419
11085.9	0.00423423
11173	0.00427427
11260.7	0.00431431
11349.2	0.00435435
11438.3	0.0044044
11528.1	0.00444444
11618.6	0.00448448
11709.9	0.00452452
11801.8	0.00456456
11894.5	0.00461461
11987.9	0.00465465
12082.1	0.00469469
12176.9	0.00474474
12272.6	0.00478478
12368.9	0.00483483
12466.1	0.00487487
12564	0.00492492
12662.6	0.00496496
12762.1	0.00502503
12862.3	0.00506507
12963.3	0.00511512
13065.1	0.00516517
13167.7	0.00521522
13271.1	0.00525526
13375.3	0.00530531
13480.4	0.00535536
13586.2	0.00540541
13692.9	0.00545546
13800.4	0.00550551
13908.8	0.00555556
14018	0.00560561
14128.1	0.00565566
14239.1	0.00570571
14350.9	0.00575576
14463.6	0.00581582
14577.2	0.00586587
14691.6	0.00591592
14807	0.00596597
14923.3	0.00603604
15040.5	0.00608609
15158.6	0.00614615
15277.6	0.0061962
15397.6	0.00625626
15518.5	0.00630631
15640.4	0.00636637
15763.2	0.00641642
15887	0.00647648
16011.7	0.00653654
16137.5	0.0065966
16264.2	0.00665666
16391.9	0.00671672
16520.7	0.00677678
16650.4	0.00683684
16781.1	0.0068969
16912.9	0.00695696
17045.7	0.00702703
17179.6	0.00708709
17314.5	0.00714715
17450.5	0.00720721
17587.5	0.00727728
17725.6	0.00733734
17864.8	0.00740741
18005.1	0.00746747
18146.5	0.00753754
18289	0.0075976
18432.6	0.00766767
18577.4	0.00773774
18723.3	0.0077978
18870.3	0.00786787
19018.5	0.00793794
19167.8	0.00801802
19318.4	0.00808809
19470.1	0.00815816
19623	0.00822823
19777.1	0.0082983
19932.4	0.00836837
20088.9	0.00843844
20246.7	0.00851852
20405.7	0.00858859
20565.9	0.00865866
20727.4	0.00873874
20890.2	0.00880881
21054.2	0.00888889
21219.6	0.00896897
21386.2	0.00904905
21554.1	0.00912913
21723.4	0.00920921
21894	0.00928929
22065.9	0.00936937
22239.2	0.00944945
22413.8	0.00952953
22589.9	0.00960961
22767.3	0.00968969
22946	0.00976977
23126.2	0.00985986
23307.8	0.00993994
23490.9	0.01003
23675.3	0.0101201
23861.3	0.0102102
24048.6	0.0102903
24237.5	0.0103804
24427.8	0.0104705
24619.7	0.0105606
24813	0.0106507
25007.9	0.0107407
25204.2	0.0108308
25402.2	0.0109209
25601.6	0.011021
25802.7	0.0111111
26005.3	0.0112112
26209.5	0.0113013
26415.4	0.0114014
26622.8	0.0114915
26831.9	0.0115916
27042.6	0.0116917
27254.9	0.0117818
27469	0.0118819
27684.7	0.011982
27902.1	0.0120921
28121.2	0.0121922
28342	0.0123023
28564.6	0.0124024
28788.9	0.0125025
29015	0.0126126
29242.8	0.0127127
29472.5	0.0128228
29703.9	0.0129329
29937.2	0.013043
30172.3	0.0131532
30409.2	0.0132633
30648	0.0133734
30888.7	0.0134835
31131.3	0.0135936
31375.7	0.0137137
31622.1	0.0138238
31870.4	0.0139439
32120.7	0.0140641
32373	0.0141842
32627.2	0.0142943
32883.4	0.0144144
33141.6	0.0145345
33401.9	0.0146547
33664.2	0.0147748
33928.6	0.0149049
34195	0.015035
34463.5	0.0151552
34734.2	0.0152853
35006.9	0.0154054
35281.8	0.0155355
35558.9	0.0156657
35838.1	0.0157958
36119.6	0.0159259
36403.2	0.0160661
36689.1	0.0161962
36977.2	0.0163263
37267.6	0.0164665
37560.2	0.0165966
37855.2	0.0167367
38152.5	0.0168769
38452.1	0.017017
38754	0.0171572
39058.4	0.0172973
39365.1	0.0174374
39674.2	0.0175876
39985.8	0.0177277
40299.8	0.0178779
40616.3	0.018028
40935.2	0.0181782
41256.7	0.0183283
41580.7	0.0184785
41907.2	0.0186286
42236.3	0.0187788
42568	0.0189289
42902.2	0.0190991
43239.2	0.0192492
43578.7	0.0194094
43920.9	0.0195696
44265.8	0.0197297
44613.4	0.0198899
44963.8	0.0200601
45316.9	0.0202202
45672.8	0.0203904
46031.4	0.0205506
46392.9	0.0207207
46757.2	0.0208909
47124.4	0.0210611
47494.5	0.0212412
47867.4	0.0214114
48243.3	0.0215816
48622.2	0.0217618
49004	0.0219319
49388.8	0.0221221
49776.7	0.0223023
50167.6	0.0224825
50561.5	0.0226627
50958.6	0.0228529
51358.8	0.023043
51762.1	0.0232232
52168.6	0.0234134
52578.2	0.0236036
52991.1	0.0237938
53407.3	0.023994
53826.7	0.0241942
54249.4	0.0243844
54675.4	0.0245846
55104.7	0.0247848
55537.5	0.024985
55973.6	0.0251952
56413.2	0.0253954
56856.2	0.0256056
57302.6	0.0258058
57752.6	0.026016
58206.2	0.0262362
58663.3	0.0264464
59123.9	0.0266567
59588.2	0.0268769
60056.2	0.0270971
60527.8	0.0273173
61003.1	0.0275375
61482.2	0.0277578
61965	0.027978
62451.6	0.0282082
62942	0.0284384
63436.3	0.0286687
63934.4	0.0288989
64436.5	0.0291391
64942.5	0.0293694
65452.5	0.0296096
65966.5	0.0298498
66484.5	0.0300901
67006.6	0.0303403
67532.8	0.0305806
68063.1	0.0308208
68597.6	0.0310811
69136.3	0.0313313
69679.3	0.0315816
70226.4	0.0318318
70777.9	0.0320921
71333.7	0.0323524
71893.9	0.0326126
72458.5	0.0328729
73027.5	0.0331431
73601	0.0334134
74179	0.0336737
74761.5	0.0339439
75348.6	0.0342242
75940.3	0.0344945
76536.6	0.0347748
77137.7	0.0350551
77743.4	0.0353453
78353.9	0.0356256
78969.2	0.0359059
79589.4	0.0362062
80214.4	0.0364865
80844.3	0.0367868
81479.2	0.0370871
82119	0.0373774
82763.9	0.0376777
83413.8	0.037978
84068.9	0.0382883
84729	0.0385986
85394.4	0.0388989
86065	0.0392192
86740.9	0.0395295
87422	0.0398498
88108.6	0.0401702
88800.5	0.0404905
89497.8	0.0408108
90200.6	0.0411411
90909	0.0414715
91622.9	0.0418018
92342.4	0.0421421
93067.5	0.0424825
93798.4	0.0428228
94535	0.0431632
95277.3	0.0435135
96025.5	0.0438539
96779.6	0.0442142
97539.6	0.0445646
98305.6	0.0449149
99077.6	0.0452753
99855.6	0.0456456
100640	0.046006
101430	0.0463764
102227	0.0467467
103029	0.0471171
103838	0.0474975
104654	0.0478779
105476	0.0482583
106304	0.0486486
107139	0.049029
107980	0.0494294
108828	0.0498198
109683	0.0502202
110544	0.0506206
111412	0.051021
112287	0.0514314
113169	0.0518418
114058	0.0522523
114953	0.0526727
115856	0.0530931
116766	0.0535135
117683	0.0539439
118607	0.0543744
119538	0.0548048
120477	0.0552452
121423	0.0556857
122377	0.0561261
123338	0.0565766
124306	0.057027
125282	0.0574775
126266	0.0579379
127258	0.0583984
128257	0.0588589
129264	0.0593293
130279	0.0597998
131302	0.0602803
132334	0.0607608
133373	0.0612412
134420	0.0617317
135476	0.0622222
136540	0.0627227
137612	0.0632232
138693	0.0637237
139782	0.0642242
140879	0.0647347
141986	0.0652553
143101	0.0657658
144224	0.0662963
145357	0.0668168
146498	0.0673574
147649	0.0678879
148808	0.0684284
149977	0.068969
151155	0.0695195
152342	0.0700701
153538	0.0706306
154744	0.0711912
155959	0.0717518
157184	0.0723223
158418	0.0728929
159662	0.0734735
160916	0.0740541
162180	0.0746446
163453	0.0752352
164737	0.0758358
166030	0.0764364
167334	0.077037
168648	0.0776577
169973	0.0782683
171307	0.0788889
172653	0.0795195
174008	0.0801502
175375	0.0807808
176752	0.0814214
178140	0.0820621
179539	0.0827227
180949	0.0833734
182370	0.084034
183802	0.0847047
185245	0.0853754
186700	0.086046
188166	0.0867267
189644	0.0874174
191133	0.0881081
192634	0.0888088
194147	0.0895095
195672	0.0902202
197208	0.0909309
198757	0.0916517
200318	0.0923824
201891	0.0931131
203476	0.0938438
205074	0.0945946
206684	0.0953353
208308	0.0960861
209943	0.0968569
211592	0.0976176
213254	0.0983884
214928	0.0991692
216616	0.0999499
218317	0.100741
220032	0.101542
221759	0.102342
223501	0.103153
225256	0.103964
227025	0.104795
228808	0.105616
230605	0.106456
232416	0.107297
234241	0.108148
236080	0.108999
237934	0.10986
239802	0.110731
241686	0.111602
243584	0.112482
245496	0.113373
247424	0.114264
249367	0.115175
251326	0.116076
253299	0.116997
255288	0.117918
257293	0.118849
259314	0.11979
261350	0.120741
263402	0.121692
265471	0.122653
267555	0.123624
269657	0.124595
271774	0.125576
273908	0.126567
276059	0.127568
278227	0.128579
280412	0.12959
282614	0.130611
284834	0.131642
287070	0.132683
289325	0.133734
291597	0.134785
293887	0.135846
296194	0.136917
298520	0.137998
300865	0.139089
303227	0.14019
305609	0.141291
308008	0.142402
310427	0.143524
312865	0.144665
315322	0.145796
317798	0.146947
320294	0.148108
322809	0.149279
325344	0.15045
327899	0.151642
330474	0.152833
333069	0.154044
335685	0.155255
338321	0.156476
340977	0.157708
343655	0.158949
346354	0.16021
349074	0.161471
351815	0.162743
354578	0.164024
357362	0.165315
360168	0.166617
362997	0.167928
365847	0.169259
368720	0.170591
371616	0.171932
374534	0.173283
377475	0.174655
380440	0.176026
383427	0.177417
386438	0.178809
389473	0.18022
392531	0.181642
395614	0.183073
398721	0.184515
401852	0.185966
405007	0.187427
408188	0.188909
411393	0.19039
414624	0.191892
417880	0.193403
421162	0.194925
424469	0.196456
427802	0.198008
431162	0.19957
434548	0.201131
437960	0.202723
441399	0.204314
444866	0.205926
448359	0.207548
451880	0.209179
455429	0.210821
459005	0.212482
462610	0.214154
466242	0.215836
469904	0.217538
473594	0.219249
477313	0.220971
481061	0.222713
484839	0.224464
488646	0.226236
492484	0.228018
496351	0.22981
500249	0.231612
504177	0.233433
508137	0.235275
512127	0.237127
516149	0.238989
520202	0.240871
524287	0.242763
528404	0.244675
532554	0.246597
536736	0.248539
540951	0.25049
545199	0.252462
549480	0.254454
553795	0.256456
558144	0.258468
562527	0.260501
566945	0.262553
571397	0.264615
575884	0.266697
580406	0.268799
584964	0.270911
589558	0.273043
594187	0.275185
598854	0.277347
603556	0.27953
608296	0.281732
613073	0.283944
617887	0.286176
622739	0.288428
627630	0.290691
632559	0.292983
637526	0.295285
642532	0.297608
647578	0.29994
652663	0.302302
657789	0.304685
662954	0.307077
668160	0.309489
673407	0.311922
678696	0.314374
684025	0.316847
689397	0.319339
694811	0.321842
700267	0.324374
705766	0.326927
711308	0.329499
716894	0.332082
722524	0.334695
728198	0.337327
733916	0.33998
739680	0.342653
745488	0.345345
751343	0.348058
757243	0.350791
763189	0.353554
769183	0.356326
775223	0.359129
781311	0.361952
787446	0.364795
793630	0.367668
799862	0.370551
806144	0.373463
812474	0.376396
818855	0.379359
825285	0.382342
831766	0.385345
838298	0.388368
844881	0.391421
851515	0.394505
858202	0.397598
864942	0.400721
871734	0.403874
878580	0.407047
885479	0.41025
892433	0.413473
899441	0.416717
906504	0.41999
913623	0.423293
920797	0.426617
928028	0.42997
935316	0.433353
942661	0.436757
950064	0.44019
957524	0.443644
965044	0.447127
972622	0.450641
980260	0.454184
987958	0.457748
995716	0.461351
1.00354e+06	0.464975
1.01142e+06	0.468629
1.01936e+06	0.472312
1.02736e+06	0.476016
1.03543e+06	0.47976
1.04356e+06	0.483524
1.05176e+06	0.487327
1.06002e+06	0.491151
1.06834e+06	0.495015
1.07673e+06	0.498899
1.08519e+06	0.502823
1.09371e+06	0.506767
1.1023e+06	0.510751
1.11095e+06	0.514765
1.11968e+06	0.518809
1.12847e+06	0.522883
1.13733e+06	0.526987
1.14626e+06	0.531131
1.15526e+06	0.535305
1.16434e+06	0.53951
1.17348e+06	0.543744
1.1827e+06	0.548018
1.19198e+06	0.552322
1.20134e+06	0.556667
1.21078e+06	0.561031
1.22029e+06	0.565445
1.22987e+06	0.56988
1.23953e+06	0.574364
1.24926e+06	0.578869
1.25907e+06	0.583423
1.26896e+06	0.587998
1.27892e+06	0.592623
1.28897e+06	0.597277
1.29909e+06	0.601972
1.30929e+06	0.606697
1.31957e+06	0.611461
1.32993e+06	0.616266
1.34038e+06	0.621101
1.3509e+06	0.625986
1.36151e+06	0.630901
1.3722e+06	0.635856
1.38298e+06	0.640851
1.39384e+06	0.645886
1.40479e+06	0.650961
1.41582e+06	0.656066
1.42694e+06	0.661221
1.43814e+06	0.666416
1.44944e+06	0.671652
1.46082e+06	0.676927
1.47229e+06	0.682242
1.48385e+06	0.687598
1.4955e+06	0.693003
1.50725e+06	0.698448
1.51908e+06	0.703934
1.53101e+06	0.709459
1.54304e+06	0.715035
1.55515e+06	0.720651
1.56737e+06	0.726306
1.57967e+06	0.732012
1.59208e+06	0.737758
1.60458e+06	0.743554
1.61718e+06	0.749399
1.62988e+06	0.755285
1.64268e+06	0.761211
1.65558e+06	0.767197
1.66858e+06	0.773223
1.68169e+06	0.779289
1.69489e+06	0.785415
1.7082e+06	0.791582
1.72162e+06	0.797798
1.73514e+06	0.804064
1.74876e+06	0.81038
1.76249e+06	0.816747
1.77634e+06	0.823153
1.79028e+06	0.82962
1.80434e+06	0.836136
1.81851e+06	0.842703
1.83279e+06	0.849319
1.84719e+06	0.855996
1.86169e+06	0.862713
1.87631e+06	0.869489
1.89105e+06	0.876316
1.9059e+06	0.883203
1.92086e+06	0.89014
1.93595e+06	0.897127
1.95115e+06	0.904174
1.96647e+06	0.911281
1.98192e+06	0.918438
1.99748e+06	0.925646
2.01317e+06	0.932913
2.02897e+06	0.94024
2.04491e+06	0.947628
2.06097e+06	0.955075
2.07715e+06	0.962573
2.09346e+06	0.97013
2.1099e+06	0.977748
2.12647e+06	0.985425
2.14317e+06	0.993163
2.16e+06	1
