0.0001	0
0.000113573	0
0.000128989	0
0.000146497	0
0.000166382	0
0.000188965	0
0.000214614	0
0.000243744	0
0.000276829	0
0.000314404	0
0.000357079	0
0.000405546	0
0.000460592	0
0.00052311	0
0.000594113	0
0.000674754	0
0.000766341	0
0.000870359	0
0.000988496	0
0.00112267	0
0.00127505	0
0.00144812	0
0.00164468	0
0.00186791	0
0.00212145	0
0.0024094	0
0.00273644	0
0.00310787	0
0.00352971	0
0.00400881	0
0.00455294	0
0.00517092	0
0.00587279	0
0.00666992	0
0.00757525	0
0.00860346	0
0.00977124	0
0.0110975	0
0.0126038	0
0.0143146	0
0.0162576	0
0.0184642	0
0.0209705	0
0.0238169	0
0.0270496	0
0.0307211	0
0.034891	0
0.0396269	0
0.0450056	0
0.0511143	0
0.0580523	0
0.0659319	0
0.074881	0
0.0850449	0
0.0965883	0
0.109699	0
0.124588	0
0.141499	0
0.160705	0
0.182518	0
0.207292	0
0.235429	0
0.267384	0
0.303677	0
0.344896	0
0.39171	0.00188083
0.444878	0
0.505263	0
0.573844	0
0.651734	0
0.740196	0
0.840665	0
0.954772	0
1.08437	0.000679419
1.23155	0
1.39871	0
1.58857	0
1.80419	0
2.04907	0.000359547
2.3272	0
2.64308	0
3.00184	0.000245429
3.40929	0
3.87204	0
4.3976	0.000167532
4.99451	0.00014751
5.67243	0.000129881
6.44236	0
7.31681	0.000201383
8.30994	8.86575e-05
9.43788	7.80619e-05
10.7189	6.87326e-05
12.1738	0.000121036
13.8262	0.000106571
15.7029	9.38347e-05
17.8343	8.26204e-05
20.255	0.000109119
23.0043	9.60784e-05
26.1268	0.000112795
29.673	9.93143e-05
33.7006	0.000109306
38.2749	9.62429e-05
43.4701	0.000101689
49.3705	8.95359e-05
56.0717	0.000105114
63.6825	0.00010412
72.3263	9.16768e-05
82.1434	0.000107627
93.293	9.47644e-05
105.956	0.000104299
120.338	9.79561e-05
136.672	0.000102421
155.223	9.96731e-05
176.291	9.61192e-05
200.22	0.00010303
227.397	0.000100436
258.262	9.69911e-05
293.317	0.00010047
333.129	0.000101732
378.346	9.93103e-05
429.7	9.94433e-05
488.025	0.000101145
554.266	9.9691e-05
629.499	9.94804e-05
714.943	9.99571e-05
811.984	9.98064e-05
922.198	0.000100661
1047.37	9.98852e-05
1189.53	9.97154e-05
1350.99	0.000100341
1534.37	9.98728e-05
1742.63	9.93517e-05
1979.17	0.000100507
2247.81	9.99665e-05
2552.91	9.98514e-05
2899.42	0.000100115
3292.97	0.000100008
3739.94	9.98751e-05
4247.57	0.00010008
4824.11	0.000100032
5478.9	9.991e-05
6222.57	9.99277e-05
7067.18	9.98695e-05
8026.43	0.00010005
9115.89	7.16058e-05
10353.2	0
11758.5	0
13354.5	0
15167.2	0
17225.9	0
19564	0
22219.5	0
25235.4	0
28660.7	0
32550.9	0
36969.1	0
41987.1	0
47686.1	0
54158.7	0
61509.9	0
69858.8	0
79341	0
90110.2	0
102341	0
116232	0
132009	0
149927	0
170277	0
193389	0
219639	0
249451	0
283310	0
321764	0
365438	0
415040	0
471375	0
535357	0
608022	0
690551	0
784282	0
890735	0
1.01164e+06	0
1.14895e+06	0
1.3049e+06	0
1.48202e+06	0
1.68318e+06	0
1.91164e+06	0
2.17112e+06	0
2.46581e+06	0
2.8005e+06	0
3.18063e+06	0
3.61234e+06	0
4.10266e+06	0
4.65953e+06	0
5.29198e+06	0
6.01028e+06	0
6.82607e+06	0
7.7526e+06	0
8.80488e+06	0
1e+07	0
