file
294
-0.05 -0.0187295 -0.0488424 -0.0176778 1.37577e-05 0.00146098
-0.05 -0.0167729 -0.0488424 -0.0176778 1.82213e-05 0.00272794
0.0486294 -0.0142005 0.05 -0.0125271 1.39149e-05 0.000821632
-0.05 -0.00889634 -0.0489649 -0.00577986 1.53146e-05 0.000601914
0.0453834 0.0273722 0.05 0.033183 1.92667e-05 0.00121079
0.0462515 -0.0269509 0.05 -0.0252651 2.31701e-05 0.00213803
-0.05 -0.00179022 -0.0481473 -0.00180891 1.41412e-05 0.00162382
-0.0297891 0.00676537 -0.0279817 0.00727181 1.18589e-05 0.000593984
-0.0297891 0.00676537 -0.0294712 0.00836171 1.2009e-05 0.000745565
0.0348832 0.0154132 0.0364209 0.0168971 1.25106e-05 0.000468778
0.0363079 0.0136058 0.0407615 0.00795618 1.00174e-05 0.00035671
0.0407615 0.00795618 0.044819 0.0250013 1.35519e-05 0.00022016
0.0407615 0.00795618 0.0413285 0.00723689 1.00174e-05 0.000247542
0.0413285 0.00723689 0.0477134 0.0137741 1.03152e-05 0.000383934
0.0413285 0.00723689 0.0426499 0.00556073 1.00174e-05 0.000134614
0.0426499 0.00556073 0.0477134 0.0137741 1.3383e-05 0.000558894
-0.0315237 -0.00194369 -0.0304812 0.00329039 1.2009e-05 0.000990806
-0.0315237 -0.00194369 -0.0300745 -0.000627066 1.37577e-05 0.0016644
-0.0336698 -0.0127188 -0.0317806 -0.00323341 1.2009e-05 0.000604878
-0.0401086 -0.00974309 -0.0336698 -0.0127188 1.09476e-05 0.000573253
-0.0341768 -0.0152646 -0.0336698 -0.0127188 1.2009e-05 0.000457855
-0.0435568 -0.0128758 -0.0341768 -0.0152646 1.09521e-05 0.000994606
0.0391593 0.00293967 0.0395353 0.00280475 9.18315e-06 0.00037852
0.0395353 0.00280475 0.0403524 0.00623745 1.35519e-05 0.000348226
0.0395353 0.00280475 0.0406944 0.00238881 9.18315e-06 0.000248121
0.0406944 0.00238881 0.0426499 0.00556073 1.3383e-05 0.000458133
-0.0488424 -0.0176778 -0.0435568 -0.0128758 1.37579e-05 0.00183909
-0.0488424 -0.0176778 -0.012796 -0.0458561 1.82209e-05 0.00244249
-0.0278353 0.00885257 -0.0270514 0.00960513 1.13921e-05 0.000426844
-0.0278353 0.00885257 -0.0278012 0.00921982 1.25106e-05 0.000306998
-0.0293553 -0.0075535 -0.0298851 -0.00245133 9.39815e-06 0.000224399
-0.0293553 -0.0075535 -0.0288428 -0.00202127 1.25106e-05 0.000623146
-0.05 -0.0063172 -0.0489649 -0.00577986 8.48231e-06 0.000519925
-0.0489649 -0.00577986 -0.0479934 -0.00285482 1.53146e-05 0.000593065
-0.0489649 -0.00577986 -0.0476623 -0.00510369 8.48231e-06 0.000535902
-0.0479934 -0.00285482 -0.0476623 -0.00510369 9.78448e-06 0.000132134
-0.0476623 -0.00510369 -0.0414456 -0.00187652 8.48231e-06 0.00068832
-0.0414456 -0.00187652 -0.0315596 -0.00197626 1.41412e-05 0.00258755
-0.0336698 -0.0127188 -0.0299914 -0.0144188 1.09476e-05 0.000411976
-0.0299914 -0.0144188 -0.0296866 -0.0111294 1.25106e-05 0.000535095
-0.0299914 -0.0144188 -0.0289782 -0.0148871 1.09476e-05 0.00029326
-0.0289782 -0.0148871 -0.0296866 -0.0111294 1.12758e-05 0.000284723
-0.0341768 -0.0152646 -0.0301645 -0.0162865 1.09521e-05 0.000492569
-0.0301645 -0.0162865 -0.0299914 -0.0144188 1.25106e-05 0.000431211
0.0227095 -0.045846 0.0276529 -0.0398107 1.39149e-05 6.66913e-05
0.0267834 -0.0357065 0.0276529 -0.0398107 1.51917e-05 0.000133573
0.0301029 -0.0368194 0.0301415 -0.0367723 1.39149e-05 0.000158246
0.0301415 -0.0367723 0.0317856 -0.0468614 1.18158e-05 2.18161e-06
0.0301415 -0.0367723 0.0306773 -0.0361182 1.39149e-05 0.000180021
0.0303847 -0.0356356 0.0306773 -0.0361182 1.99823e-05 0.000261438
0.033482 -0.0326939 0.0388122 -0.0261863 1.39149e-05 0.000459325
0.0388122 -0.0261863 0.0399822 -0.0297705 1.43203e-05 0.000341086
0.0388122 -0.0261863 0.0486294 -0.0142005 1.39149e-05 0.00051809
0.042287 -0.00272126 0.0486294 -0.0142005 1.19617e-05 0.000353107
0.0370635 -0.0466527 0.0306773 -0.0361182 1.99823e-05 1.29001e-06
0.0317856 -0.0468614 0.0370635 -0.0466527 6.14551e-06 4.19451e-06
0.0276529 -0.0398107 0.0284713 -0.0436739 1.51917e-05 5.18051e-05
0.0284713 -0.0436739 0.0301029 -0.0368194 1.35519e-05 5.80737e-05
0.0331831 0.0137726 0.0348832 0.0154132 1.25106e-05 0.000533663
0.0331719 0.0137764 0.0331831 0.0137726 1.08641e-05 0.000464462
0.0331771 0.0137669 0.0331831 0.0137726 1.25106e-05 0.000372455
0.0331719 0.0137764 0.0331771 0.0137669 1.19617e-05 0.000354036
0.0297987 -0.0346689 0.0297503 -0.0343722 1.18158e-05 1.07221e-05
0.029647 -0.0344186 0.0297503 -0.0343722 2.31701e-05 0.00159606
0.0290058 -0.0298033 0.0297503 -0.0343722 1.18158e-05 0.000246953
0.0290058 -0.0298033 0.0318244 -0.0295876 8.56586e-06 0.00027372
0.0273002 -0.0193373 0.0290058 -0.0298033 1.18158e-05 0.000186812
0.0273002 -0.0193373 0.0333653 -0.00949937 1.3383e-05 0.000334722
0.0148205 0.0377359 0.0175986 0.0388029 1.05315e-05 0.000289371
0.0148205 0.0377359 0.0156617 0.0409245 9.93647e-06 1.60396e-05
0.0101978 0.0359605 0.0114957 0.036459 1.05315e-05 0.000422936
0.0101978 0.0359605 0.0113747 0.0370298 1.37577e-05 0.000568845
0.00421734 -0.00233719 0.00415762 -0.00478857 1.09343e-05 8.75366e-05
0.0027319 -0.00232221 0.00415762 -0.00478857 1.21242e-05 0.00061552
-0.0255649 -0.000668846 -0.0257119 0.00333642 9.35568e-06 0.000430429
-0.0255649 -0.000668846 -0.0255147 -0.00203724 9.35568e-06 0.000423491
-0.0255147 -0.00203724 -0.00685687 -0.00222547 1.41412e-05 0.00190631
0.019697 -0.0316702 0.0168279 -0.0363241 1.3383e-05 0.000440848
0.0186937 -0.0393447 0.0227095 -0.045846 1.02592e-05 9.04561e-05
0.00806693 -0.0115513 0.0138866 -0.00842067 1.19406e-05 0.000585015
0.00415762 -0.00478857 0.00806693 -0.0115513 1.21242e-05 0.000694465
-0.00989467 0.0123398 -0.00796149 0.0128815 1.18589e-05 0.00134409
-0.00685687 -0.00222547 -0.00989467 0.0123398 1.09164e-05 1.87515e-05
-0.00685687 -0.00222547 0.0027319 -0.00232221 1.41412e-05 0.00189183
0.0283463 -0.00258062 0.031116 -0.00260856 1.41412e-05 0.00130215
0.0128264 0.0301774 0.0148205 0.0377359 9.93647e-06 1.36544e-05
0.0114957 0.036459 0.0128264 0.0301774 1.51917e-05 0.000297729
0.0462515 -0.0269509 0.05 -0.0332561 7.94081e-06 0.000140712
0.0399822 -0.0297705 0.0462515 -0.0269509 2.31701e-05 0.00218625
0.0140413 -0.0218865 -0.00259464 -0.0489189 1.24483e-05 0.000369604
0.010759 -0.0162083 0.0140413 -0.0218865 1.21242e-05 0.00115399
0.0213425 -0.0100226 0.0228081 -0.00764105 1.24483e-05 0.000239191
0.0228081 -0.00764105 0.0238981 -0.00253574 1.20814e-05 0.000190798
-0.0279962 0.0157674 -0.0271697 0.0160361 1.11275e-05 0.000408988
0.0167193 0.0118011 0.0182837 0.00441635 1.51917e-05 0.000455068
0.0342801 0.0133969 0.0362773 0.0127128 1.08641e-05 0.000418252
0.0362773 0.0127128 0.0363079 0.0136058 1.29133e-05 0.000273521
0.0140413 -0.0218865 0.0182225 -0.0291196 1.21242e-05 0.00063472
0.0203614 -0.0191013 0.0182225 -0.0291196 1.20814e-05 0.000134694
0.0182225 -0.0291196 0.019697 -0.0316702 1.21242e-05 0.000768938
0.019697 -0.0316702 0.0204439 -0.0304587 1.3383e-05 0.000255766
-0.0317806 -0.00323341 -0.0298851 -0.00245133 1.1164e-05 0.000963762
-0.0317806 -0.00323341 -0.0315303 -0.00197655 1.2009e-05 0.000455515
-0.0436222 -0.00811921 -0.0339107 -0.00411229 1.1164e-05 0.000508799
0.0283344 0.0059132 0.031116 -0.00260856 1.43203e-05 0.000428937
0.0247346 0.00138226 0.0283344 0.0059132 1.92667e-05 0.00149026
0.0248357 0.0166315 0.0267428 0.0107889 1.43203e-05 0.000426158
0.0159305 0.0196815 0.0248357 0.0166315 1.08641e-05 0.000689497
0.0175986 0.0388029 0.0248357 0.0166315 1.43203e-05 0.000551161
0.0162179 0.0430327 0.0166214 0.0417965 1.43203e-05 5.32637e-05
0.03613 0.0084224 0.035981 0.00408017 1.29133e-05 9.48766e-05
0.0357498 -0.00265531 0.035981 0.00408017 1.29133e-05 0.000131086
0.0357498 -0.00265531 0.0375733 -0.00267371 1.41412e-05 0.00108879
0.00457471 0.0123327 0.0080166 0.012182 1.10156e-05 0.000909314
0.0080166 0.012182 0.0151971 0.0189866 9.45187e-06 0.000373599
0.0080166 0.012182 0.0167193 0.0118011 1.10156e-05 0.000588751
0.0151971 0.0189866 0.0167193 0.0118011 1.51917e-05 2.81608e-05
0.036392 0.0160551 0.0391644 0.0195446 1.92667e-05 0.00121994
0.0391644 0.0195446 0.044819 0.0250013 1.25106e-05 0.000591539
0.0391644 0.0195446 0.0453834 0.0273722 1.92667e-05 0.00121187
0.0453834 0.0273722 0.05 0.046766 1.35519e-05 0.000223003
-0.012796 -0.0458561 -0.0116994 -0.0444759 1.92667e-05 0.00230992
0.0255883 -0.0300649 0.0269447 -0.0299611 8.56586e-06 0.000221449
0.0248258 -0.0264658 0.0255883 -0.0300649 1.51917e-05 0.000660124
0.0204439 -0.0304587 0.0255883 -0.0300649 8.56586e-06 0.000287605
0.0204439 -0.0304587 0.0238737 -0.0248952 1.3383e-05 7.16832e-05
0.0403524 0.00623745 0.0413285 0.00723689 1.03152e-05 0.000274266
0.0403524 0.00623745 0.0407615 0.00795618 1.35519e-05 0.000139464
-0.0150587 0.0199744 -0.00985706 0.0177406 9.48018e-06 0.000681272
-0.00985706 0.0177406 -0.00477288 0.0223596 1.37577e-05 0.0013597
-0.00985706 0.0177406 -0.00226121 0.0144787 9.48018e-06 0.000568652
-0.00226121 0.0144787 -0.000324346 0.0150214 1.18589e-05 0.00111841
-0.0116994 -0.0444759 -0.00102868 -0.031045 1.92667e-05 0.00230992
-0.0476476 -0.00181395 -0.0414456 -0.00187652 1.41412e-05 0.00217468
-0.0481473 -0.00180891 -0.0476476 -0.00181395 1.41412e-05 0.00155011
-0.0184361 0.00994649 -0.00989467 0.0123398 1.18589e-05 0.00132683
-0.0184361 0.00994649 -0.00985706 0.0177406 1.37577e-05 0.00128209
-0.0279817 0.00727181 -0.0184361 0.00994649 1.18589e-05 0.000950362
-0.0279817 0.00727181 -0.0278353 0.00885257 1.25106e-05 0.000695682
-0.0294712 0.00836171 -0.0279962 0.0157674 1.2009e-05 0.000378966
-0.0294712 0.00836171 -0.0278012 0.00921982 1.04263e-05 0.000422247
0.0364209 0.0168971 0.0391644 0.0195446 1.25106e-05 0.000579114
0.0353806 0.0147821 0.0363079 0.0136058 1.00174e-05 0.000199733
0.0363079 0.0136058 0.036392 0.0160551 1.29133e-05 0.000151747
0.044819 0.0250013 0.0453834 0.0273722 1.35519e-05 0.000221473
0.044819 0.0250013 0.05 0.0300009 1.25106e-05 0.000590116
0.0477134 0.0137741 0.05 0.0161152 1.03152e-05 0.000420058
0.0477134 0.0137741 0.05 0.0174831 1.3383e-05 0.00053105
-0.0304812 0.00329039 -0.0297891 0.00676537 1.2009e-05 0.00133213
-0.0300745 -0.000627066 -0.0285885 0.000722978 1.37577e-05 0.00157212
-0.0300745 -0.000627066 -0.0304812 0.00329039 9.39815e-06 0.000436142
-0.0401086 -0.00974309 -0.0436222 -0.00811921 1.09476e-05 0.000518856
-0.0401086 -0.00974309 -0.0339107 -0.00411229 1.37577e-05 0.00134817
-0.05 -0.0112349 -0.0435568 -0.0128758 1.09521e-05 0.00146955
-0.0435568 -0.0128758 -0.0401086 -0.00974309 1.37577e-05 0.00221721
0.035981 0.00408017 0.0391593 0.00293967 9.18315e-06 0.000317747
0.03613 0.0084224 0.0391593 0.00293967 1.19617e-05 0.000347094
-0.0168611 0.0193883 -0.00808137 0.0278172 1.13921e-05 0.000982985
-0.0168611 0.0193883 -0.0150587 0.0199744 1.11275e-05 0.000580417
-0.0270514 0.00960513 -0.0168611 0.0193883 1.13921e-05 0.000763245
-0.0271697 0.0160361 -0.0168611 0.0193883 1.11275e-05 0.000805382
-0.0278012 0.00921982 -0.0271697 0.0160361 1.25106e-05 0.000352572
-0.0278012 0.00921982 -0.0270514 0.00960513 1.04263e-05 0.000367562
-0.0299327 -0.00199267 -0.0300745 -0.000627066 9.39815e-06 0.000301052
-0.0299327 -0.00199267 -0.0288411 -0.00200368 1.41412e-05 0.00150983
-0.0298851 -0.00245133 -0.0299327 -0.00199267 9.39815e-06 0.000175943
-0.0298851 -0.00245133 -0.0288428 -0.00202127 1.1164e-05 0.00100455
-0.0285885 0.000722978 -0.0279817 0.00727181 1.25106e-05 0.0010335
-0.0285885 0.000722978 -0.0257119 0.00333642 1.37577e-05 0.00131389
-0.0288411 -0.00200368 -0.0285885 0.000722978 1.25106e-05 0.00074953
-0.0288411 -0.00200368 -0.0288011 -0.00200409 1.41412e-05 0.00141459
-0.0288428 -0.00202127 -0.0288411 -0.00200368 1.25106e-05 0.000641887
-0.0288428 -0.00202127 -0.0288011 -0.00200409 1.1164e-05 0.000983552
-0.0479934 -0.00285482 -0.0476476 -0.00181395 1.53146e-05 0.000576714
-0.0481473 -0.00180891 -0.0479934 -0.00285482 9.78448e-06 0.000106541
-0.0315303 -0.00197655 -0.0299327 -0.00199267 1.41412e-05 0.00159297
-0.0315303 -0.00197655 -0.0315237 -0.00194369 1.2009e-05 0.000810919
-0.0315596 -0.00197626 -0.0315303 -0.00197655 1.41412e-05 0.00189479
-0.0315596 -0.00197626 -0.0315237 -0.00194369 1.37577e-05 0.00182143
-0.0296866 -0.0111294 -0.0293553 -0.0075535 1.25106e-05 0.000791718
0.0255883 -0.0300649 0.0267834 -0.0357065 1.51917e-05 0.000697426
0.0186937 -0.0393447 0.0267834 -0.0357065 2.31701e-05 0.000413154
0.0276529 -0.0398107 0.0301029 -0.0368194 1.39149e-05 0.000155962
0.0301029 -0.0368194 0.0301304 -0.0367042 1.35519e-05 5.57278e-05
0.029647 -0.0344186 0.0297987 -0.0346689 1.99823e-05 0.000428178
0.0297987 -0.0346689 0.0301304 -0.0367042 1.18158e-05 4.64516e-05
0.0297987 -0.0346689 0.0303847 -0.0356356 1.99823e-05 0.00039437
0.0303847 -0.0356356 0.0307976 -0.0339012 1.35519e-05 0.000267979
0.0306773 -0.0361182 0.033482 -0.0326939 1.39149e-05 0.000557307
0.0307976 -0.0339012 0.033482 -0.0326939 2.31701e-05 0.0019166
0.033482 -0.0326939 0.0399822 -0.0297705 2.31701e-05 0.00197544
0.0394445 0.00242344 0.0400453 0.00133599 1.19617e-05 0.000252218
0.0400453 0.00133599 0.0406944 0.00238881 1.3383e-05 0.000287878
0.0400453 0.00133599 0.042287 -0.00272126 1.19617e-05 0.000401373
0.042287 -0.00272126 0.05 -0.00279907 1.41412e-05 0.00107705
0.0248357 0.0166315 0.0331719 0.0137764 1.08641e-05 0.000854267
0.0267834 -0.0357065 0.029647 -0.0344186 2.31701e-05 0.00078285
0.0269447 -0.0299611 0.029647 -0.0344186 1.99823e-05 0.00137112
0.0318244 -0.0295876 0.0352395 -0.0152412 1.35519e-05 0.000117618
0.0333653 -0.00949937 0.0375733 -0.00267371 1.3383e-05 0.000435619
0.0333653 -0.00949937 0.0352395 -0.0152412 1.43203e-05 0.000427134
0.0156617 0.0409245 0.0162179 0.0430327 9.93647e-06 7.67626e-05
0.0156617 0.0409245 0.0166214 0.0417965 1.37577e-05 0.000296746
0.0114957 0.036459 0.0148205 0.0377359 1.05315e-05 0.000291621
0.0113747 0.0370298 0.0114957 0.036459 1.51917e-05 0.000206697
0.0113747 0.0370298 0.0156617 0.0409245 1.37577e-05 0.000340603
0.00444841 0.00714837 0.00421734 -0.00233719 1.09343e-05 1.24691e-05
0.00421734 -0.00233719 0.0102355 -0.00239791 1.41412e-05 0.00130606
0.0027319 -0.00232221 0.00421734 -0.00233719 1.41412e-05 0.0013641
-0.0257119 0.00333642 -0.0184361 0.00994649 1.37577e-05 0.0016066
0.0168279 -0.0363241 0.0186937 -0.0393447 1.02592e-05 0.000575081
-0.00259464 -0.0489189 0.0186937 -0.0393447 2.31701e-05 0.000198573
0.0192298 -0.00554632 0.0202751 -0.00498405 1.19406e-05 0.000614263
0.0152108 -0.010605 0.0192298 -0.00554632 1.92667e-05 0.00117757
0.0138866 -0.00842067 0.0192298 -0.00554632 1.19406e-05 0.000697441
0.0102355 -0.00239791 0.0138866 -0.00842067 1.99823e-05 0.0015027
-0.00796149 0.0128815 -0.00226121 0.0144787 1.18589e-05 0.000663819
0.031116 -0.00260856 0.0357498 -0.00265531 1.41412e-05 0.00120849
0.031116 -0.00260856 0.0333653 -0.00949937 1.43203e-05 0.000521428
0.00806693 -0.0115513 0.010759 -0.0162083 1.21242e-05 0.000118311
-0.00102868 -0.031045 0.010759 -0.0162083 1.92667e-05 0.00230992
0.0180757 -0.0153309 0.0213425 -0.0100226 1.24483e-05 0.000297544
0.0202751 -0.00498405 0.0213425 -0.0100226 1.51917e-05 0.000566446
0.0247346 0.00138226 0.0267428 0.0107889 1.20814e-05 0.00014453
0.0216398 -0.00251296 0.0247346 0.00138226 1.92667e-05 0.00146619
0.0238981 -0.00253574 0.0247346 0.00138226 1.20814e-05 0.000182912
0.0238981 -0.00253574 0.0283463 -0.00258062 1.41412e-05 0.00130215
0.0331831 0.0137726 0.0342801 0.0133969 1.08641e-05 0.000278821
0.0337501 0.0127298 0.0342801 0.0133969 1.92667e-05 0.00133021
0.0228081 -0.00764105 0.0218192 -0.0122731 1.20814e-05 5.56576e-05
0.0213425 -0.0100226 0.0218192 -0.0122731 1.51917e-05 0.000614261
0.0218192 -0.0122731 0.0203614 -0.0191013 1.20814e-05 3.69476e-05
0.0180757 -0.0153309 0.0203614 -0.0191013 1.99823e-05 0.00179837
-0.0339107 -0.00411229 -0.0317806 -0.00323341 1.1164e-05 0.000803094
-0.0339107 -0.00411229 -0.0315596 -0.00197626 1.37577e-05 0.00110935
0.0267428 0.0107889 0.0283344 0.0059132 1.43203e-05 0.000548091
0.014981 0.0200067 0.0159305 0.0196815 1.08641e-05 0.000415132
0.0166214 0.0417965 0.0175986 0.0388029 1.43203e-05 0.000338351
0.0362773 0.0127128 0.03613 0.0084224 1.29133e-05 7.83579e-05
0.0337501 0.0127298 0.03613 0.0084224 1.19617e-05 0.000364927
0.0382296 -0.00268033 0.042287 -0.00272126 1.41412e-05 0.00103622
0.0382296 -0.00268033 0.0386449 -0.000935581 1.35519e-05 0.000178936
0.0375733 -0.00267371 0.0382296 -0.00268033 1.41412e-05 0.00106567
0.0375733 -0.00267371 0.0386449 -0.000935581 1.3383e-05 0.000460042
0.00121647 0.0124797 0.00457471 0.0123327 1.10156e-05 0.000877091
0.0151971 0.0189866 0.0159305 0.0196815 9.45187e-06 0.000315357
0.0151971 0.0189866 0.014981 0.0200067 1.51917e-05 8.07537e-06
0.0342801 0.0133969 0.0353806 0.0147821 1.92667e-05 0.00125159
0.0348832 0.0154132 0.0353806 0.0147821 1.00174e-05 8.10337e-05
0.0353806 0.0147821 0.036392 0.0160551 1.92667e-05 0.00118987
0.036392 0.0160551 0.0364209 0.0168971 1.29133e-05 0.000106895
0.0269447 -0.0299611 0.0290058 -0.0298033 8.56586e-06 0.00035668
0.0248258 -0.0264658 0.0269447 -0.0299611 1.99823e-05 0.00142909
0.0218192 -0.0122731 0.0243347 -0.0241475 1.51917e-05 0.000629141
0.0243347 -0.0241475 0.0273002 -0.0193373 1.3383e-05 0.000499657
0.0243347 -0.0241475 0.0248258 -0.0264658 1.51917e-05 0.000513842
0.0238737 -0.0248952 0.0248258 -0.0264658 1.99823e-05 0.0015403
0.0238737 -0.0248952 0.0243347 -0.0241475 1.3383e-05 0.000368776
0.0203614 -0.0191013 0.0238737 -0.0248952 1.99823e-05 0.00173927
-0.00477288 0.0223596 0.0101978 0.0359605 1.37577e-05 0.000892601
-0.00808137 0.0278172 -0.00477288 0.0223596 1.99823e-05 0.000560409
-0.00477288 0.0223596 -0.000324346 0.0150214 1.99823e-05 0.000881999
-0.0288011 -0.00200409 -0.0255147 -0.00203724 1.41412e-05 0.00162613
-0.0288011 -0.00200409 -0.0255649 -0.000668846 1.1164e-05 0.000715605
0.0301304 -0.0367042 0.0303847 -0.0356356 1.35519e-05 7.19686e-05
0.0301304 -0.0367042 0.0301415 -0.0367723 1.18158e-05 2.78245e-05
0.0318244 -0.0295876 0.0307976 -0.0339012 1.35519e-05 5.5395e-05
0.0297503 -0.0343722 0.0307976 -0.0339012 2.31701e-05 0.00172746
0.0391593 0.00293967 0.0394445 0.00242344 1.19617e-05 0.000300438
0.0394445 0.00242344 0.0395353 0.00280475 1.35519e-05 0.000259863
0.0352395 -0.0152412 0.0382296 -0.00268033 1.35519e-05 0.000148205
0.0352395 -0.0152412 0.0388122 -0.0261863 1.43203e-05 0.000398188
0.00444841 0.00714837 0.00457471 0.0123327 1.09343e-05 3.24633e-05
0.00121647 0.0124797 0.00444841 0.00714837 1.99823e-05 0.00146595
0.0102355 -0.00239791 0.0197476 -0.00249387 1.41412e-05 0.00121939
0.00444841 0.00714837 0.0102355 -0.00239791 1.99823e-05 0.00144136
0.0201491 -0.00438931 0.0202751 -0.00498405 1.51917e-05 8.36388e-05
0.010759 -0.0162083 0.0152108 -0.010605 1.92667e-05 0.00165819
0.0138866 -0.00842067 0.0152108 -0.010605 1.99823e-05 0.00143552
0.0140413 -0.0218865 0.0180757 -0.0153309 1.24483e-05 0.000136145
0.0152108 -0.010605 0.0180757 -0.0153309 1.99823e-05 0.00189892
0.0201491 -0.00438931 0.0216398 -0.00251296 1.92667e-05 0.00145175
0.0216398 -0.00251296 0.0238981 -0.00253574 1.41412e-05 0.00129542
0.0283344 0.0059132 0.0337501 0.0127298 1.92667e-05 0.00157882
0.0337501 0.0127298 0.0331771 0.0137669 1.19617e-05 3.55097e-05
0.0128264 0.0301774 0.014981 0.0200067 1.51917e-05 0.000288798
0.0386449 -0.000935581 0.0394445 0.00242344 1.35519e-05 0.000217302
0.0386449 -0.000935581 0.0400453 0.00133599 1.3383e-05 0.000421192
-0.00796149 0.0128815 0.00121647 0.0124797 1.10156e-05 0.000732349
-0.000324346 0.0150214 0.00121647 0.0124797 1.99823e-05 0.00154574
0.0197476 -0.00249387 0.0216398 -0.00251296 1.41412e-05 0.00131509
0.0182837 0.00441635 0.0197476 -0.00249387 1.51917e-05 0.000455068
0.0197476 -0.00249387 0.0201491 -0.00438931 1.51917e-05 0.000365987
0.0192298 -0.00554632 0.0201491 -0.00438931 1.92667e-05 0.00122912
