file
420
-0.0338242 0.00563474 -0.0297891 0.00676537 1.18589e-05
-0.0351993 -0.000834368 -0.0340647 0.00600133 8.22731e-06
-0.00363345 -0.0471616 -0.0126095 -0.0460019 1.06023e-05
0.044887 0.00272287 0.0426499 0.00556073 1.00174e-05
-0.0349077 -0.0189341 -0.0341768 -0.0152646 1.2009e-05
0.0447045 0.000949826 0.0406944 0.00238881 9.18315e-06
-0.013546 -0.0484656 -0.0147017 -0.0482548 1.07375e-05
-0.05 -0.0187295 -0.0488424 -0.0176778 1.37577e-05
-0.0278865 0.00880338 -0.0278353 0.00885257 1.13921e-05
-0.0292947 -0.00813733 -0.0293553 -0.0075535 9.39815e-06
-0.0440499 0.000870451 -0.0340647 0.00600133 1.04263e-05
-0.0448264 -0.0398718 -0.0427276 -0.05 8.33969e-06
-0.05 -0.0167729 -0.0488424 -0.0176778 1.82209e-05
0.0159606 0.047626 0.0234529 0.0480029 9.46199e-06
-0.0369612 0.0435144 -0.039283 0.05 7.34133e-06
-0.0409066 -0.00159673 -0.0414456 -0.00187652 8.48231e-06
-0.0219472 -0.0181365 -0.0289782 -0.0148871 1.09476e-05
-0.029029 -0.0165756 -0.0301645 -0.0162865 1.09521e-05
0.05 -0.0125271 0.0486294 -0.0142005 1.39149e-05
0.0388274 0.0414916 0.0482321 0.0486382 8.46508e-06
0.0298881 -0.0469364 0.0317856 -0.0468614 6.14551e-06
0.0298114 -0.05 0.0284713 -0.0436739 1.51917e-05
0.0282555 0.00901753 0.0331771 0.0137669 1.25106e-05
-0.0439912 -0.0355008 -0.0488484 -0.05 1.0943e-05
0.0261654 -0.0123739 0.0273002 -0.0193373 1.18158e-05
0.00555529 0.0341776 0.0101978 0.0359605 1.05315e-05
0.00406987 -0.00839052 0.00415762 -0.00478857 1.09343e-05
-0.0252503 -0.00924199 -0.0255147 -0.00203724 9.35568e-06
0.0244852 -0.0487208 0.0227095 -0.045846 1.02592e-05
-0.012869 -0.0228136 0.00806693 -0.0115513 1.19406e-05
-0.00561134 -0.00819743 -0.00685687 -0.00222547 1.09164e-05
0.0317969 -0.0109512 0.0283463 -0.00258062 7.27255e-06
-0.0304365 -0.019223 -0.0301645 -0.0162865 1.25106e-05
0.0126207 0.0293978 0.0128264 0.0301774 9.93647e-06
0.0457515 -0.0261098 0.0462515 -0.0269509 7.94081e-06
0.0252894 -0.00360907 0.0228081 -0.00764105 1.24483e-05
0.0390926 -0.05 0.0370635 -0.0466527 1.99823e-05
-0.0208252 -0.0275978 -0.0274995 -0.022731 8.57676e-06
-0.039831 0.0119189 -0.0279962 0.0157674 1.11275e-05
-0.0198153 -0.0405747 -0.0179207 -0.0453158 9.21715e-06
0.0274014 -0.0481682 0.0284713 -0.0436739 1.35519e-05
0.0219495 0.00051315 0.0182837 0.00441635 8.48708e-06
0.0368808 0.0125061 0.0362773 0.0127128 1.08641e-05
0.0207233 -0.0334457 0.019697 -0.0316702 1.21242e-05
-0.025289 -0.034456 -0.0274995 -0.022731 1.12758e-05
-0.0457955 -0.00901588 -0.0436222 -0.00811921 1.1164e-05
0.0177186 -0.0314801 0.0182225 -0.0291196 1.20814e-05
0.0162158 0.0430391 0.0162179 0.0430327 1.43203e-05
-0.05 -0.00889634 -0.0489649 -0.00577986 1.53146e-05
0.0357116 -0.00376757 0.0357498 -0.00265531 1.29133e-05
0.0178767 0.0117504 0.0167193 0.0118011 1.10156e-05
0.00894552 -0.0433439 0.0117359 -0.0282842 9.5994e-06
0.05 0.033183 0.0453834 0.0273722 1.92667e-05
-0.0114826 -0.0454913 -0.0116994 -0.0444759 1.08635e-05
0.05 -0.0252651 0.0462515 -0.0269509 2.31701e-05
-0.0459871 0.00180753 -0.0452047 0.00554113 9.15923e-06
0.0201096 -0.0304843 0.0204439 -0.0304587 8.56586e-06
0.0402066 0.00608817 0.0403524 0.00623745 1.03152e-05
0.0498264 -0.016367 0.0486294 -0.0142005 1.19617e-05
0.0136381 -0.041498 0.0168279 -0.0363241 1.3383e-05
-0.0477548 0.0373132 -0.0339234 0.0395066 9.81828e-06
-0.0466905 -0.0117064 -0.0476623 -0.00510369 9.78448e-06
0.00637732 0.0106286 0.0080166 0.012182 9.45187e-06
-0.00159968 0.0141946 -0.00226121 0.0144787 9.48018e-06
0.00538143 -0.0354733 -0.00102868 -0.031045 8.08007e-06
-0.05 -0.00179022 -0.0481473 -0.00180891 1.41412e-05
-0.0297891 0.00676537 -0.0279817 0.00727181 1.18589e-05
-0.0297891 0.00676537 -0.0294712 0.00836171 1.2009e-05
-0.0340647 0.00600133 -0.0333341 0.0104031 8.22731e-06
-0.0340647 0.00600133 -0.0294712 0.00836171 1.04263e-05
-0.0126095 -0.0460019 -0.0128837 -0.0459665 1.06023e-05
-0.0126095 -0.0460019 -0.00749504 -0.05 1.82209e-05
0.0348832 0.0154132 0.0340535 0.0164657 1.00174e-05
0.0348832 0.0154132 0.0364209 0.0168971 1.25106e-05
0.0407615 0.00795618 0.0363079 0.0136058 1.00174e-05
0.0407615 0.00795618 0.044819 0.0250013 1.35519e-05
0.0413285 0.00723689 0.0407615 0.00795618 1.00174e-05
0.0413285 0.00723689 0.0477134 0.0137741 1.03152e-05
0.0426499 0.00556073 0.0413285 0.00723689 1.00174e-05
0.0426499 0.00556073 0.0477134 0.0137741 1.3383e-05
-0.0315237 -0.00194369 -0.0304812 0.00329039 1.2009e-05
-0.0315237 -0.00194369 -0.0300745 -0.000627066 1.37577e-05
-0.0336698 -0.0127188 -0.0317806 -0.00323341 1.2009e-05
-0.0336698 -0.0127188 -0.0401086 -0.00974309 1.09476e-05
-0.0341768 -0.0152646 -0.0336698 -0.0127188 1.2009e-05
-0.0341768 -0.0152646 -0.0435568 -0.0128758 1.09521e-05
0.0395353 0.00280475 0.0391593 0.00293967 9.18315e-06
0.0395353 0.00280475 0.0403524 0.00623745 1.35519e-05
0.0406944 0.00238881 0.0395353 0.00280475 9.18315e-06
0.0406944 0.00238881 0.0426499 0.00556073 1.3383e-05
-0.0169071 -0.0478524 -0.0362304 -0.0443265 1.07375e-05
-0.0169071 -0.0478524 -0.0160621 -0.049967 9.21715e-06
-0.0147017 -0.0482548 -0.0169071 -0.0478524 1.07375e-05
-0.0147017 -0.0482548 -0.0160621 -0.049967 1.92667e-05
-0.0488424 -0.0176778 -0.0435568 -0.0128758 1.37577e-05
-0.0488424 -0.0176778 -0.012796 -0.0458561 1.82209e-05
-0.0278353 0.00885257 -0.0270514 0.00960513 1.13921e-05
-0.0278353 0.00885257 -0.0278012 0.00921982 1.25106e-05
-0.0293553 -0.0075535 -0.0298851 -0.00245133 9.39815e-06
-0.0293553 -0.0075535 -0.0288428 -0.00202127 1.25106e-05
0.0234529 0.0480029 0.0306665 0.0483658 9.46199e-06
0.0234529 0.0480029 0.0256511 0.05 1.37577e-05
-0.0489649 -0.00577986 -0.05 -0.0063172 8.48231e-06
-0.0489649 -0.00577986 -0.0479934 -0.00285482 1.53146e-05
-0.0476623 -0.00510369 -0.0489649 -0.00577986 8.48231e-06
-0.0476623 -0.00510369 -0.0479934 -0.00285482 9.78448e-06
-0.0414456 -0.00187652 -0.0476623 -0.00510369 8.48231e-06
-0.0414456 -0.00187652 -0.0315596 -0.00197626 1.41412e-05
-0.0299914 -0.0144188 -0.0336698 -0.0127188 1.09476e-05
-0.0299914 -0.0144188 -0.0296866 -0.0111294 1.25106e-05
-0.0289782 -0.0148871 -0.0299914 -0.0144188 1.09476e-05
-0.0289782 -0.0148871 -0.0296866 -0.0111294 1.12758e-05
-0.0301645 -0.0162865 -0.0341768 -0.0152646 1.09521e-05
-0.0301645 -0.0162865 -0.0299914 -0.0144188 1.25106e-05
0.0276529 -0.0398107 0.0227095 -0.045846 1.39149e-05
0.0276529 -0.0398107 0.0267834 -0.0357065 1.51917e-05
0.0301415 -0.0367723 0.0301029 -0.0368194 1.39149e-05
0.0301415 -0.0367723 0.0317856 -0.0468614 1.18158e-05
0.0306773 -0.0361182 0.0301415 -0.0367723 1.39149e-05
0.0306773 -0.0361182 0.0303847 -0.0356356 1.99823e-05
0.0388122 -0.0261863 0.033482 -0.0326939 1.39149e-05
0.0388122 -0.0261863 0.0399822 -0.0297705 1.43203e-05
0.0486294 -0.0142005 0.0388122 -0.0261863 1.39149e-05
0.0486294 -0.0142005 0.042287 -0.00272126 1.19617e-05
0.0370635 -0.0466527 0.039924 -0.0465396 6.14551e-06
0.0370635 -0.0466527 0.0306773 -0.0361182 1.99823e-05
0.0317856 -0.0468614 0.0370635 -0.0466527 6.14551e-06
0.0317856 -0.0468614 0.0322971 -0.05 1.18158e-05
0.0284713 -0.0436739 0.0276529 -0.0398107 1.51917e-05
0.0284713 -0.0436739 0.0301029 -0.0368194 1.35519e-05
0.0331831 0.0137726 0.0348832 0.0154132 1.25106e-05
0.0331831 0.0137726 0.0331719 0.0137764 1.08641e-05
0.0331771 0.0137669 0.0331831 0.0137726 1.25106e-05
0.0331771 0.0137669 0.0331719 0.0137764 1.19617e-05
0.0297503 -0.0343722 0.0297987 -0.0346689 1.18158e-05
0.0297503 -0.0343722 0.029647 -0.0344186 2.31701e-05
0.0290058 -0.0298033 0.0297503 -0.0343722 1.18158e-05
0.0290058 -0.0298033 0.0318244 -0.0295876 8.56586e-06
0.0273002 -0.0193373 0.0290058 -0.0298033 1.18158e-05
0.0273002 -0.0193373 0.0333653 -0.00949937 1.3383e-05
0.0148205 0.0377359 0.0175986 0.0388029 1.05315e-05
0.0148205 0.0377359 0.0156617 0.0409245 9.93647e-06
0.0101978 0.0359605 0.0114957 0.036459 1.05315e-05
0.0101978 0.0359605 0.0113747 0.0370298 1.37577e-05
0.00415762 -0.00478857 0.00421734 -0.00233719 1.09343e-05
0.00415762 -0.00478857 0.0027319 -0.00232221 1.21242e-05
-0.0255649 -0.000668846 -0.0257119 0.00333642 9.35568e-06
-0.0255649 -0.000668846 -0.0200288 0.00161532 1.1164e-05
-0.0255147 -0.00203724 -0.0255649 -0.000668846 9.35568e-06
-0.0255147 -0.00203724 -0.00685687 -0.00222547 1.41412e-05
0.0168279 -0.0363241 0.014461 -0.0324924 1.02592e-05
0.0168279 -0.0363241 0.019697 -0.0316702 1.3383e-05
0.0227095 -0.045846 0.0186937 -0.0393447 1.02592e-05
0.0227095 -0.045846 0.0193071 -0.05 1.39149e-05
0.00806693 -0.0115513 0.0138866 -0.00842067 1.19406e-05
0.00806693 -0.0115513 0.00415762 -0.00478857 1.21242e-05
-0.00989467 0.0123398 -0.0106974 0.0161889 1.09164e-05
-0.00989467 0.0123398 -0.00796149 0.0128815 1.18589e-05
-0.00685687 -0.00222547 -0.00989467 0.0123398 1.09164e-05
-0.00685687 -0.00222547 0.0027319 -0.00232221 1.41412e-05
0.0283463 -0.00258062 0.0278375 -0.00134633 7.27255e-06
0.0283463 -0.00258062 0.031116 -0.00260856 1.41412e-05
0.0128264 0.0301774 0.0148205 0.0377359 9.93647e-06
0.0128264 0.0301774 0.0114957 0.036459 1.51917e-05
0.0462515 -0.0269509 0.05 -0.0332561 7.94081e-06
0.0462515 -0.0269509 0.0399822 -0.0297705 2.31701e-05
0.0140413 -0.0218865 -0.00259464 -0.0489189 1.24483e-05
0.0140413 -0.0218865 0.010759 -0.0162083 1.21242e-05
0.0228081 -0.00764105 0.0213425 -0.0100226 1.24483e-05
0.0228081 -0.00764105 0.0238981 -0.00253574 1.20814e-05
-0.0274995 -0.022731 -0.0305534 -0.020504 8.57676e-06
-0.0274995 -0.022731 -0.0289782 -0.0148871 1.12758e-05
-0.0150587 0.0199744 -0.0137694 0.0203936 1.11275e-05
-0.0150587 0.0199744 -0.0151985 0.0200344 9.48018e-06
-0.0279962 0.0157674 -0.0271697 0.0160361 1.11275e-05
-0.0279962 0.0157674 -0.0265508 0.0230248 1.2009e-05
-0.0179207 -0.0453158 -0.0169071 -0.0478524 9.21715e-06
-0.0179207 -0.0453158 -0.0252532 -0.0443685 1.06023e-05
0.0182837 0.00441635 0.0138334 0.00915477 8.48708e-06
0.0182837 0.00441635 0.0167193 0.0118011 1.51917e-05
0.0362773 0.0127128 0.0342801 0.0133969 1.08641e-05
0.0362773 0.0127128 0.0363079 0.0136058 1.29133e-05
0.0182225 -0.0291196 0.0140413 -0.0218865 1.21242e-05
0.0182225 -0.0291196 0.0203614 -0.0191013 1.20814e-05
0.019697 -0.0316702 0.0182225 -0.0291196 1.21242e-05
0.019697 -0.0316702 0.0204439 -0.0304587 1.3383e-05
-0.0317806 -0.00323341 -0.0298851 -0.00245133 1.1164e-05
-0.0317806 -0.00323341 -0.0315303 -0.00197655 1.2009e-05
-0.0436222 -0.00811921 -0.0339107 -0.00411229 1.1164e-05
-0.0436222 -0.00811921 -0.0448744 -0.00754049 1.09476e-05
0.0283344 0.0059132 0.031116 -0.00260856 1.43203e-05
0.0283344 0.0059132 0.0247346 0.00138226 1.92667e-05
0.0248357 0.0166315 0.0267428 0.0107889 1.43203e-05
0.0248357 0.0166315 0.0159305 0.0196815 1.08641e-05
0.0175986 0.0388029 0.0248357 0.0166315 1.43203e-05
0.0175986 0.0388029 0.0253315 0.0417727 1.05315e-05
0.0162179 0.0430327 0.0166214 0.0417965 1.43203e-05
0.0162179 0.0430327 0.0169641 0.0458613 9.93647e-06
0.035981 0.00408017 0.03613 0.0084224 1.29133e-05
0.035981 0.00408017 0.0318228 0.00557227 9.18315e-06
0.0357498 -0.00265531 0.035981 0.00408017 1.29133e-05
0.0357498 -0.00265531 0.0375733 -0.00267371 1.41412e-05
0.0080166 0.012182 0.00457471 0.0123327 1.10156e-05
0.0080166 0.012182 0.0151971 0.0189866 9.45187e-06
0.0167193 0.0118011 0.0080166 0.012182 1.10156e-05
0.0167193 0.0118011 0.0151971 0.0189866 1.51917e-05
0.0391644 0.0195446 0.036392 0.0160551 1.92667e-05
0.0391644 0.0195446 0.044819 0.0250013 1.25106e-05
0.0453834 0.0273722 0.0391644 0.0195446 1.92667e-05
0.0453834 0.0273722 0.05 0.046766 1.35519e-05
-0.0116994 -0.0444759 -0.0165663 -0.0216886 1.08635e-05
-0.0116994 -0.0444759 -0.012796 -0.0458561 1.92667e-05
-0.0452047 0.00554113 -0.0431964 0.0151244 9.15923e-06
-0.0452047 0.00554113 -0.0339234 0.0395066 1.53146e-05
0.0255883 -0.0300649 0.0269447 -0.0299611 8.56586e-06
0.0255883 -0.0300649 0.0248258 -0.0264658 1.51917e-05
0.0204439 -0.0304587 0.0255883 -0.0300649 8.56586e-06
0.0204439 -0.0304587 0.0238737 -0.0248952 1.3383e-05
0.0403524 0.00623745 0.0413285 0.00723689 1.03152e-05
0.0403524 0.00623745 0.0407615 0.00795618 1.35519e-05
-0.0339234 0.0395066 -0.0315754 0.0398789 9.81828e-06
-0.0339234 0.0395066 -0.0304381 0.05 1.53146e-05
-0.00985706 0.0177406 -0.0150587 0.0199744 9.48018e-06
-0.00985706 0.0177406 -0.00477288 0.0223596 1.37577e-05
-0.00226121 0.0144787 -0.00985706 0.0177406 9.48018e-06
-0.00226121 0.0144787 -0.000324346 0.0150214 1.18589e-05
-0.00102868 -0.031045 -0.00380932 -0.0291241 8.08007e-06
-0.00102868 -0.031045 -0.0116994 -0.0444759 1.92667e-05
-0.0476476 -0.00181395 -0.0414456 -0.00187652 1.41412e-05
-0.0476476 -0.00181395 -0.0452047 0.00554113 1.53146e-05
-0.0481473 -0.00180891 -0.0476476 -0.00181395 1.41412e-05
-0.0481473 -0.00180891 -0.0490505 0.00432731 9.78448e-06
-0.0184361 0.00994649 -0.00989467 0.0123398 1.18589e-05
-0.0184361 0.00994649 -0.00985706 0.0177406 1.37577e-05
-0.0279817 0.00727181 -0.0184361 0.00994649 1.18589e-05
-0.0279817 0.00727181 -0.0278353 0.00885257 1.25106e-05
-0.0294712 0.00836171 -0.0279962 0.0157674 1.2009e-05
-0.0294712 0.00836171 -0.0278012 0.00921982 1.04263e-05
-0.0128837 -0.0459665 -0.0179207 -0.0453158 1.06023e-05
-0.0128837 -0.0459665 -0.0147017 -0.0482548 1.92667e-05
0.0364209 0.0168971 0.0391644 0.0195446 1.25106e-05
0.0364209 0.0168971 0.0375572 0.05 1.29133e-05
0.0363079 0.0136058 0.0353806 0.0147821 1.00174e-05
0.0363079 0.0136058 0.036392 0.0160551 1.29133e-05
0.044819 0.0250013 0.0453834 0.0273722 1.35519e-05
0.044819 0.0250013 0.05 0.0300009 1.25106e-05
0.0477134 0.0137741 0.05 0.0161152 1.03152e-05
0.0477134 0.0137741 0.05 0.0174831 1.3383e-05
-0.0304812 0.00329039 -0.0297891 0.00676537 1.2009e-05
-0.0304812 0.00329039 -0.0307889 0.00625377 9.39815e-06
-0.0300745 -0.000627066 -0.0285885 0.000722978 1.37577e-05
-0.0300745 -0.000627066 -0.0304812 0.00329039 9.39815e-06
-0.0401086 -0.00974309 -0.0436222 -0.00811921 1.09476e-05
-0.0401086 -0.00974309 -0.0339107 -0.00411229 1.37577e-05
-0.0435568 -0.0128758 -0.05 -0.0112349 1.09521e-05
-0.0435568 -0.0128758 -0.0401086 -0.00974309 1.37577e-05
0.0391593 0.00293967 0.035981 0.00408017 9.18315e-06
0.0391593 0.00293967 0.03613 0.0084224 1.19617e-05
-0.0160621 -0.049967 -0.0160489 -0.05 9.21715e-06
-0.0160621 -0.049967 -0.0160883 -0.05 1.92667e-05
-0.012796 -0.0458561 -0.0126095 -0.0460019 1.82209e-05
-0.012796 -0.0458561 -0.0128837 -0.0459665 1.92667e-05
-0.00808137 0.0278172 -0.00546365 0.0303303 1.13921e-05
-0.00808137 0.0278172 -0.0215289 0.05 1.99823e-05
-0.0168611 0.0193883 -0.00808137 0.0278172 1.13921e-05
-0.0168611 0.0193883 -0.0150587 0.0199744 1.11275e-05
-0.0270514 0.00960513 -0.0168611 0.0193883 1.13921e-05
-0.0270514 0.00960513 -0.025973 0.0101593 1.04263e-05
-0.0271697 0.0160361 -0.0251911 0.0373911 1.25106e-05
-0.0271697 0.0160361 -0.0168611 0.0193883 1.11275e-05
-0.0278012 0.00921982 -0.0271697 0.0160361 1.25106e-05
-0.0278012 0.00921982 -0.0270514 0.00960513 1.04263e-05
-0.0299327 -0.00199267 -0.0300745 -0.000627066 9.39815e-06
-0.0299327 -0.00199267 -0.0288411 -0.00200368 1.41412e-05
-0.0298851 -0.00245133 -0.0299327 -0.00199267 9.39815e-06
-0.0298851 -0.00245133 -0.0288428 -0.00202127 1.1164e-05
-0.0285885 0.000722978 -0.0279817 0.00727181 1.25106e-05
-0.0285885 0.000722978 -0.0257119 0.00333642 1.37577e-05
-0.0288411 -0.00200368 -0.0285885 0.000722978 1.25106e-05
-0.0288411 -0.00200368 -0.0288011 -0.00200409 1.41412e-05
-0.0288428 -0.00202127 -0.0288411 -0.00200368 1.25106e-05
-0.0288428 -0.00202127 -0.0288011 -0.00200409 1.1164e-05
-0.0479934 -0.00285482 -0.0476476 -0.00181395 1.53146e-05
-0.0479934 -0.00285482 -0.0481473 -0.00180891 9.78448e-06
-0.0315303 -0.00197655 -0.0299327 -0.00199267 1.41412e-05
-0.0315303 -0.00197655 -0.0315237 -0.00194369 1.2009e-05
-0.0315596 -0.00197626 -0.0315303 -0.00197655 1.41412e-05
-0.0315596 -0.00197626 -0.0315237 -0.00194369 1.37577e-05
-0.0296866 -0.0111294 -0.0293553 -0.0075535 1.25106e-05
-0.0296866 -0.0111294 -0.0307329 -0.00557961 1.12758e-05
0.0267834 -0.0357065 0.0255883 -0.0300649 1.51917e-05
0.0267834 -0.0357065 0.0186937 -0.0393447 2.31701e-05
0.0301029 -0.0368194 0.0276529 -0.0398107 1.39149e-05
0.0301029 -0.0368194 0.0301304 -0.0367042 1.35519e-05
0.0297987 -0.0346689 0.029647 -0.0344186 1.99823e-05
0.0297987 -0.0346689 0.0301304 -0.0367042 1.18158e-05
0.0303847 -0.0356356 0.0297987 -0.0346689 1.99823e-05
0.0303847 -0.0356356 0.0307976 -0.0339012 1.35519e-05
0.033482 -0.0326939 0.0306773 -0.0361182 1.39149e-05
0.033482 -0.0326939 0.0307976 -0.0339012 2.31701e-05
0.0399822 -0.0297705 0.0465854 -0.05 1.43203e-05
0.0399822 -0.0297705 0.033482 -0.0326939 2.31701e-05
0.0400453 0.00133599 0.0394445 0.00242344 1.19617e-05
0.0400453 0.00133599 0.0406944 0.00238881 1.3383e-05
0.042287 -0.00272126 0.0400453 0.00133599 1.19617e-05
0.042287 -0.00272126 0.05 -0.00279907 1.41412e-05
0.0331719 0.0137764 0.0248357 0.0166315 1.08641e-05
0.0331719 0.0137764 0.0296616 0.0201296 1.19617e-05
0.029647 -0.0344186 0.0267834 -0.0357065 2.31701e-05
0.029647 -0.0344186 0.0269447 -0.0299611 1.99823e-05
0.0318244 -0.0295876 0.0320913 -0.0295671 8.56586e-06
0.0318244 -0.0295876 0.0352395 -0.0152412 1.35519e-05
0.0333653 -0.00949937 0.0375733 -0.00267371 1.3383e-05
0.0333653 -0.00949937 0.0352395 -0.0152412 1.43203e-05
0.0156617 0.0409245 0.0162179 0.0430327 9.93647e-06
0.0156617 0.0409245 0.0166214 0.0417965 1.37577e-05
0.0114957 0.036459 0.0148205 0.0377359 1.05315e-05
0.0114957 0.036459 0.0113747 0.0370298 1.51917e-05
0.0113747 0.0370298 0.0156617 0.0409245 1.37577e-05
0.0113747 0.0370298 0.0086271 0.05 1.51917e-05
0.00421734 -0.00233719 0.00444841 0.00714837 1.09343e-05
0.00421734 -0.00233719 0.0102355 -0.00239791 1.41412e-05
0.0027319 -0.00232221 -0.0020911 0.00602111 1.21242e-05
0.0027319 -0.00232221 0.00421734 -0.00233719 1.41412e-05
-0.0257119 0.00333642 -0.0257748 0.00505274 9.35568e-06
-0.0257119 0.00333642 -0.0184361 0.00994649 1.37577e-05
0.0186937 -0.0393447 0.0168279 -0.0363241 1.02592e-05
0.0186937 -0.0393447 -0.00259464 -0.0489189 2.31701e-05
0.0192298 -0.00554632 0.0202751 -0.00498405 1.19406e-05
0.0192298 -0.00554632 0.0152108 -0.010605 1.92667e-05
0.0138866 -0.00842067 0.0192298 -0.00554632 1.19406e-05
0.0138866 -0.00842067 0.0102355 -0.00239791 1.99823e-05
-0.00796149 0.0128815 -0.00226121 0.0144787 1.18589e-05
-0.00796149 0.0128815 -0.00813706 0.0128892 1.10156e-05
0.031116 -0.00260856 0.0357498 -0.00265531 1.41412e-05
0.031116 -0.00260856 0.0333653 -0.00949937 1.43203e-05
-0.00259464 -0.0489189 -0.00325995 -0.05 1.24483e-05
-0.00259464 -0.0489189 -0.00499845 -0.05 2.31701e-05
0.010759 -0.0162083 0.00806693 -0.0115513 1.21242e-05
0.010759 -0.0162083 -0.00102868 -0.031045 1.92667e-05
0.0213425 -0.0100226 0.0180757 -0.0153309 1.24483e-05
0.0213425 -0.0100226 0.0202751 -0.00498405 1.51917e-05
0.0247346 0.00138226 0.0267428 0.0107889 1.20814e-05
0.0247346 0.00138226 0.0216398 -0.00251296 1.92667e-05
0.0238981 -0.00253574 0.0247346 0.00138226 1.20814e-05
0.0238981 -0.00253574 0.0283463 -0.00258062 1.41412e-05
0.0342801 0.0133969 0.0331831 0.0137726 1.08641e-05
0.0342801 0.0133969 0.0337501 0.0127298 1.92667e-05
0.0218192 -0.0122731 0.0228081 -0.00764105 1.20814e-05
0.0218192 -0.0122731 0.0213425 -0.0100226 1.51917e-05
0.0203614 -0.0191013 0.0218192 -0.0122731 1.20814e-05
0.0203614 -0.0191013 0.0180757 -0.0153309 1.99823e-05
-0.0339107 -0.00411229 -0.0317806 -0.00323341 1.1164e-05
-0.0339107 -0.00411229 -0.0315596 -0.00197626 1.37577e-05
0.0267428 0.0107889 0.0283344 0.0059132 1.43203e-05
0.0267428 0.0107889 0.0270132 0.0120555 1.20814e-05
0.0159305 0.0196815 0.014981 0.0200067 1.08641e-05
0.0159305 0.0196815 0.0170352 0.0207284 9.45187e-06
0.0166214 0.0417965 0.0175986 0.0388029 1.43203e-05
0.0166214 0.0417965 0.0234529 0.0480029 1.37577e-05
0.03613 0.0084224 0.0362773 0.0127128 1.29133e-05
0.03613 0.0084224 0.0337501 0.0127298 1.19617e-05
0.0382296 -0.00268033 0.042287 -0.00272126 1.41412e-05
0.0382296 -0.00268033 0.0386449 -0.000935581 1.35519e-05
0.0375733 -0.00267371 0.0382296 -0.00268033 1.41412e-05
0.0375733 -0.00267371 0.0386449 -0.000935581 1.3383e-05
0.00457471 0.0123327 0.00121647 0.0124797 1.10156e-05
0.00457471 0.0123327 0.00468135 0.0167102 1.09343e-05
0.0151971 0.0189866 0.0159305 0.0196815 9.45187e-06
0.0151971 0.0189866 0.014981 0.0200067 1.51917e-05
0.0353806 0.0147821 0.0342801 0.0133969 1.92667e-05
0.0353806 0.0147821 0.0348832 0.0154132 1.00174e-05
0.036392 0.0160551 0.0353806 0.0147821 1.92667e-05
0.036392 0.0160551 0.0364209 0.0168971 1.29133e-05
0.0269447 -0.0299611 0.0290058 -0.0298033 8.56586e-06
0.0269447 -0.0299611 0.0248258 -0.0264658 1.99823e-05
0.0243347 -0.0241475 0.0218192 -0.0122731 1.51917e-05
0.0243347 -0.0241475 0.0273002 -0.0193373 1.3383e-05
0.0248258 -0.0264658 0.0243347 -0.0241475 1.51917e-05
0.0248258 -0.0264658 0.0238737 -0.0248952 1.99823e-05
0.0238737 -0.0248952 0.0243347 -0.0241475 1.3383e-05
0.0238737 -0.0248952 0.0203614 -0.0191013 1.99823e-05
-0.00477288 0.0223596 0.0101978 0.0359605 1.37577e-05
-0.00477288 0.0223596 -0.00808137 0.0278172 1.99823e-05
-0.000324346 0.0150214 0.00417053 0.0162809 1.18589e-05
-0.000324346 0.0150214 -0.00477288 0.0223596 1.99823e-05
-0.0288011 -0.00200409 -0.0255147 -0.00203724 1.41412e-05
-0.0288011 -0.00200409 -0.0255649 -0.000668846 1.1164e-05
0.0301304 -0.0367042 0.0303847 -0.0356356 1.35519e-05
0.0301304 -0.0367042 0.0301415 -0.0367723 1.18158e-05
0.0307976 -0.0339012 0.0318244 -0.0295876 1.35519e-05
0.0307976 -0.0339012 0.0297503 -0.0343722 2.31701e-05
0.0394445 0.00242344 0.0391593 0.00293967 1.19617e-05
0.0394445 0.00242344 0.0395353 0.00280475 1.35519e-05
0.0352395 -0.0152412 0.0382296 -0.00268033 1.35519e-05
0.0352395 -0.0152412 0.0388122 -0.0261863 1.43203e-05
0.00444841 0.00714837 0.00457471 0.0123327 1.09343e-05
0.00444841 0.00714837 0.00121647 0.0124797 1.99823e-05
0.0102355 -0.00239791 0.0197476 -0.00249387 1.41412e-05
0.0102355 -0.00239791 0.00444841 0.00714837 1.99823e-05
0.0202751 -0.00498405 0.0234351 -0.00328416 1.19406e-05
0.0202751 -0.00498405 0.0201491 -0.00438931 1.51917e-05
0.0152108 -0.010605 0.010759 -0.0162083 1.92667e-05
0.0152108 -0.010605 0.0138866 -0.00842067 1.99823e-05
0.0180757 -0.0153309 0.0140413 -0.0218865 1.24483e-05
0.0180757 -0.0153309 0.0152108 -0.010605 1.99823e-05
0.0216398 -0.00251296 0.0201491 -0.00438931 1.92667e-05
0.0216398 -0.00251296 0.0238981 -0.00253574 1.41412e-05
0.0337501 0.0127298 0.0283344 0.0059132 1.92667e-05
0.0337501 0.0127298 0.0331771 0.0137669 1.19617e-05
0.014981 0.0200067 0.0138487 0.0203945 1.08641e-05
0.014981 0.0200067 0.0128264 0.0301774 1.51917e-05
0.0386449 -0.000935581 0.0394445 0.00242344 1.35519e-05
0.0386449 -0.000935581 0.0400453 0.00133599 1.3383e-05
0.00121647 0.0124797 -0.00796149 0.0128815 1.10156e-05
0.00121647 0.0124797 -0.000324346 0.0150214 1.99823e-05
0.0197476 -0.00249387 0.0216398 -0.00251296 1.41412e-05
0.0197476 -0.00249387 0.0182837 0.00441635 1.51917e-05
0.0201491 -0.00438931 0.0197476 -0.00249387 1.51917e-05
0.0201491 -0.00438931 0.0192298 -0.00554632 1.92667e-05
