0.1	0
0.108437	0
0.117585	0
0.127505	0
0.138262	0
0.149927	0
0.162576	0
0.176291	0
0.191164	0
0.207292	0
0.224781	0
0.243744	0
0.264308	0
0.286607	0
0.310787	0
0.337006	0
0.365438	0
0.396269	0
0.4297	0
0.465953	0
0.505263	0
0.54789	0
0.594113	0
0.644236	0
0.698588	0
0.757525	0
0.821434	0
0.890735	0
0.965883	0
1.04737	0
1.13573	0
1.23155	0
1.33545	0
1.44812	0
1.57029	0
1.70277	0
1.84642	0
2.0022	0
2.17112	0
2.35429	0
2.55291	0
2.76829	0
3.00184	0
3.25509	0
3.52971	0
3.82749	0
4.1504	0
4.50056	0
4.88025	0
5.29198	0
5.73844	0
6.22257	0
6.74754	0
7.31681	0
7.9341	0
8.60346	0
9.3293	0
10.1164	0
10.9699	0
11.8953	9.96451e-07
12.8989	0
13.9871	8.4743e-07
15.1672	0
16.4468	7.20696e-07
17.8343	0
19.3389	0
20.9705	1.13046e-06
22.7397	0
24.6581	4.80699e-07
26.7384	1.7732e-06
28.9942	4.0881e-07
31.4404	1.50801e-06
34.0929	3.47672e-07
36.9691	6.41244e-07
40.0881	1.47839e-06
43.4701	2.18138e-06
47.1375	5.02916e-07
51.1143	1.15947e-06
55.4266	8.5541e-07
60.1028	5.91643e-07
65.1734	1.63683e-06
70.6718	1.17404e-06
76.6341	9.2803e-07
83.0994	1.42638e-06
90.1102	5.26161e-07
97.7124	9.7045e-07
105.956	8.94946e-07
114.895	1.13481e-06
124.588	8.56245e-07
135.099	8.77363e-07
146.497	1.53729e-06
158.857	7.46153e-07
172.259	7.5691e-07
186.791	1.07876e-06
202.55	1.22891e-06
219.639	9.1743e-07
238.169	8.46052e-07
258.262	1.1015e-06
280.05	1.05812e-06
303.677	7.8064e-07
329.297	1.18784e-06
357.079	9.29452e-07
387.204	1.0102e-06
419.871	9.59834e-07
455.294	1.1455e-06
493.705	8.88315e-07
535.357	1.06275e-06
580.523	9.18811e-07
629.499	1.05445e-06
682.607	9.89776e-07
740.196	9.76823e-07
802.643	1.03373e-06
870.359	9.53306e-07
943.788	9.6705e-07
1023.41	1.0308e-06
1109.75	1.03604e-06
1203.38	9.75138e-07
1304.9	9.90105e-07
1414.99	1.01359e-06
1534.37	1.00426e-06
1663.82	9.75995e-07
1804.19	1.01832e-06
1956.4	9.69383e-07
2121.45	1.01688e-06
2300.43	9.99598e-07
2494.51	1.00736e-06
2704.96	9.99095e-07
2933.17	1.01027e-06
3180.63	9.83839e-07
3448.96	1.00009e-06
3739.94	1.01419e-06
4055.46	9.90814e-07
4397.6	1.00267e-06
4768.61	1.00172e-06
5170.92	1.00401e-06
5607.17	9.99885e-07
6080.22	9.92272e-07
6593.19	1.00856e-06
7149.43	9.99721e-07
7752.6	9.95329e-07
8406.65	9.96848e-07
9115.89	1.00251e-06
9884.96	9.97657e-07
10718.9	1.00187e-06
11623.2	9.99383e-07
12603.8	1.00157e-06
13667.2	9.93891e-07
14820.2	1.00774e-06
16070.5	9.98668e-07
17426.3	1.00055e-06
18896.5	1.00049e-06
20490.7	9.99004e-07
22219.5	1.00076e-06
24094	9.98172e-07
26126.8	9.98998e-07
28331	1.00202e-06
30721.1	9.98913e-07
33312.9	1.00054e-06
36123.4	9.99807e-07
39171	1.0007e-06
42475.7	9.9958e-07
46059.2	1.00056e-06
49945.1	9.99131e-07
54158.7	1.0004e-06
58727.9	1.00068e-06
63682.5	9.98765e-07
69055.1	1.00087e-06
74881	1.00009e-06
81198.4	9.99944e-07
88048.8	9.99822e-07
95477.2	9.99376e-07
103532	1.00085e-06
112267	1.00016e-06
121738	9.99945e-07
132009	9.99726e-07
143146	9.99947e-07
155223	9.99962e-07
168318	1.00005e-06
182518	1.00004e-06
197917	1.00009e-06
214614	1.00005e-06
232720	9.99762e-07
252354	1.00014e-06
273644	9.9999e-07
296730	9.99923e-07
321764	1.00011e-06
348910	1.00003e-06
378346	1.00005e-06
410266	1.00004e-06
444878	9.99984e-07
482411	9.99974e-07
523110	9.99985e-07
567243	1.00004e-06
615099	1.00001e-06
666992	9.99992e-07
723263	9.99987e-07
784282	1e-06
850449	1.00004e-06
922198	9.99973e-07
1e+06	0
