0.1	0
0.100785	0
0.101577	0
0.102374	0
0.103178	0
0.103989	0
0.104805	0
0.105628	0
0.106458	0
0.107294	0
0.108136	0
0.108985	0
0.109841	0
0.110704	0
0.111573	0
0.112449	0
0.113332	0
0.114222	0
0.115119	0
0.116023	0
0.116935	0
0.117853	0
0.118778	0
0.119711	0
0.120651	0
0.121599	0
0.122554	0
0.123516	0
0.124486	0
0.125464	0
0.126449	0
0.127442	0
0.128443	0
0.129451	0
0.130468	0
0.131492	0
0.132525	0
0.133566	0
0.134614	0
0.135672	0
0.136737	0
0.137811	0
0.138893	0
0.139984	0
0.141083	0
0.142191	0
0.143308	0
0.144433	0
0.145567	0
0.14671	0
0.147862	0
0.149024	0
0.150194	0
0.151373	0
0.152562	0
0.15376	0
0.154967	0
0.156184	0
0.157411	0
0.158647	0
0.159893	0
0.161149	0
0.162414	0
0.163689	0
0.164975	0
0.16627	0
0.167576	0
0.168892	0
0.170218	0
0.171555	0
0.172902	0
0.17426	0
0.175629	0
0.177008	0
0.178398	0
0.179799	0
0.181211	0
0.182634	0
0.184068	0
0.185513	0
0.18697	0
0.188438	0
0.189918	0
0.19141	0
0.192913	0
0.194428	0
0.195954	0
0.197493	0
0.199044	0
0.200607	0
0.202183	0
0.20377	0
0.205371	0
0.206983	0
0.208609	0
0.210247	0
0.211898	0
0.213562	0
0.215239	0
0.216929	0
0.218633	0
0.22035	0
0.22208	0
0.223824	0
0.225582	0
0.227353	0
0.229139	0
0.230938	0
0.232752	0
0.234579	0
0.236421	0
0.238278	0
0.240149	0
0.242035	0
0.243936	0
0.245851	0
0.247782	0
0.249728	0
0.251689	0
0.253665	0
0.255657	0
0.257665	0
0.259688	0
0.261728	0
0.263783	0
0.265855	0
0.267942	0
0.270046	0
0.272167	0
0.274304	0
0.276458	0
0.278629	0
0.280818	0
0.283023	0
0.285245	0
0.287485	0
0.289743	0
0.292018	0
0.294311	0
0.296623	0
0.298952	0
0.3013	0
0.303666	0
0.30605	0
0.308454	0
0.310876	0
0.313317	0
0.315778	0
0.318258	0
0.320757	0
0.323276	0
0.325814	0
0.328373	0
0.330952	0
0.33355	0
0.33617	0
0.33881	0
0.34147	0
0.344152	0
0.346855	0
0.349578	0
0.352324	0
0.35509	0
0.357879	0
0.360689	0
0.363522	0
0.366376	0
0.369253	0
0.372153	0
0.375076	0
0.378021	0
0.38099	0
0.383982	0
0.386997	0
0.390036	0
0.393099	0
0.396186	0
0.399297	0
0.402433	0
0.405593	0
0.408778	0
0.411988	0
0.415223	0
0.418484	0
0.42177	0
0.425083	0
0.428421	0
0.431785	0
0.435176	0
0.438593	0
0.442037	0
0.445509	0
0.449007	0
0.452533	0
0.456087	0
0.459669	0
0.463278	0
0.466916	0
0.470583	0
0.474279	0
0.478003	0
0.481757	0
0.48554	0
0.489353	0
0.493196	0
0.497069	0
0.500972	0
0.504906	0
0.508871	0
0.512867	0
0.516895	0
0.520954	0
0.525045	0
0.529168	0
0.533324	0
0.537512	0
0.541733	0
0.545987	0
0.550275	0
0.554596	0
0.558951	0
0.56334	0
0.567764	0
0.572223	0
0.576716	0
0.581245	0
0.58581	0
0.59041	0
0.595047	0
0.599719	0
0.604429	0
0.609175	0
0.613959	0
0.618781	0
0.62364	0
0.628537	0
0.633473	0
0.638448	0
0.643461	0
0.648514	0
0.653607	0
0.65874	0
0.663913	0
0.669126	0
0.674381	0
0.679677	0
0.685014	0
0.690394	0
0.695815	0
0.70128	0
0.706787	0
0.712337	0
0.717931	0
0.723569	0
0.729251	0
0.734978	0
0.740749	0
0.746566	0
0.752429	0
0.758338	0
0.764293	0
0.770295	0
0.776344	0
0.78244	0
0.788585	0
0.794778	0
0.801019	0
0.807309	0
0.813649	0
0.820038	0
0.826478	0
0.832968	0
0.83951	0
0.846102	0
0.852747	0
0.859443	0
0.866192	0
0.872994	0
0.87985	0
0.886759	0
0.893723	0
0.900741	0
0.907815	0
0.914944	0
0.922129	0
0.92937	0
0.936668	0
0.944024	0
0.951437	0
0.958909	0
0.966439	0
0.974028	0
0.981677	0
0.989386	0
0.997156	0
1.00499	0
1.01288	0
1.02083	0
1.02885	0
1.03693	0
1.04507	0
1.05328	0
1.06155	0
1.06989	0
1.07829	0
1.08676	0
1.09529	0
1.10389	0
1.11256	0
1.1213	0
1.1301	0
1.13898	0
1.14792	0
1.15693	0
1.16602	0
1.17518	0
1.18441	0
1.19371	0
1.20308	0
1.21253	0
1.22205	0
1.23165	0
1.24132	0
1.25107	0
1.26089	0
1.27079	0
1.28077	0
1.29083	0
1.30097	0
1.31118	0
1.32148	0
1.33186	0
1.34232	0
1.35286	0
1.36348	0
1.37419	0
1.38498	0
1.39586	0
1.40682	0
1.41787	0
1.429	0
1.44022	0
1.45153	0
1.46293	0
1.47442	0
1.486	0
1.49767	0
1.50943	0
1.52128	0
1.53323	0
1.54527	0
1.5574	0
1.56963	0
1.58196	0
1.59438	0
1.6069	0
1.61952	0
1.63224	0
1.64506	0
1.65798	0
1.671	0
1.68412	0
1.69734	0
1.71067	0
1.72411	0
1.73764	0
1.75129	0
1.76504	0
1.7789	0
1.79287	0
1.80695	0
1.82114	0
1.83544	0
1.84986	0
1.86438	0
1.87902	0
1.89378	0
1.90865	0
1.92364	0
1.93875	0
1.95397	0
1.96932	0
1.98478	0
2.00037	0
2.01608	0
2.03191	0
2.04786	0
2.06395	0
2.08015	0
2.09649	0
2.11295	0
2.12955	0
2.14627	0
2.16312	0
2.18011	0
2.19723	0
2.21448	0
2.23187	0
2.2494	0
2.26707	0
2.28487	0
2.30281	0
2.3209	0
2.33912	0
2.35749	0
2.376	0
2.39466	0
2.41347	0
2.43242	0
2.45152	0
2.47077	0
2.49018	0
2.50973	0
2.52944	0
2.5493	0
2.56932	0
2.5895	0
2.60983	0
2.63033	0
2.65098	0
2.6718	0
2.69278	0
2.71393	0
2.73524	0
2.75672	0
2.77837	0
2.80019	0
2.82218	0
2.84434	0
2.86668	0
2.88919	0
2.91188	0
2.93474	0
2.95779	0
2.98102	0
3.00443	0
3.02802	0
3.0518	0
3.07576	0
3.09992	0
3.12426	0
3.1488	0
3.17352	0
3.19844	0
3.22356	0
3.24888	0
3.27439	0
3.3001	0
3.32602	0
3.35214	0
3.37846	0
3.40499	0
3.43173	0
3.45868	0
3.48584	0
3.51321	0
3.5408	0
3.56861	0
3.59663	0
3.62488	0
3.65334	0
3.68203	0
3.71095	0
3.74009	0
3.76946	0
3.79906	0
3.82889	0
3.85896	0
3.88927	0
3.91981	0
3.95059	0
3.98161	0
4.01288	0
4.04439	0
4.07615	0
4.10816	0
4.14042	0
4.17294	0
4.20571	0
4.23874	0
4.27202	0
4.30557	0
4.33938	0
4.37346	0
4.4078	0
4.44242	0
4.4773	0
4.51246	0
4.5479	0
4.58361	0
4.61961	0
4.65588	0
4.69245	0
4.7293	0
4.76644	0
4.80387	0
4.84159	0
4.87961	0
4.91793	0
4.95655	0
4.99547	0
5.0347	0
5.07424	0
5.11409	0
5.15425	0
5.19472	0
5.23552	0
5.27663	0
5.31807	0
5.35983	0
5.40192	0
5.44434	0
5.48709	0
5.53018	0
5.57361	0
5.61738	0
5.66149	0
5.70595	0
5.75076	0
5.79592	0
5.84144	0
5.88731	0
5.93354	0
5.98014	0
6.0271	0
6.07443	0
6.12213	0
6.17021	0
6.21866	0
6.2675	0
6.31671	0
6.36632	0
6.41631	0
6.4667	0
6.51748	0
6.56866	0
6.62025	0
6.67223	0
6.72463	0
6.77744	0
6.83066	0
6.8843	0
6.93836	0
6.99285	0
7.04776	0
7.10311	0
7.15889	0
7.21511	0
7.27177	0
7.32887	0
7.38642	0
7.44443	0
7.50289	0
7.56181	0
7.62119	0
7.68104	0
7.74136	0
7.80215	0
7.86342	0
7.92517	0
7.98741	0
8.05013	0
8.11335	0
8.17706	0
8.24127	0
8.30599	0
8.37122	0
8.43696	0
8.50321	0
8.56999	0
8.63729	0
8.70511	0
8.77347	0
8.84237	0
8.91181	0
8.98179	0
9.05233	0
9.12341	0
9.19506	0
9.26727	0
9.34004	0
9.41339	0
9.48731	0
9.56181	0
9.6369	0
9.71258	0
9.78885	0
9.86572	0
9.9432	0
10.0213	0
10.1	0
10.1793	0
10.2592	0
10.3398	0
10.421	0
10.5028	0
10.5853	0
10.6684	0
10.7522	0
10.8366	0
10.9217	0
11.0075	0
11.094	0
11.1811	0
11.2689	0
11.3574	0
11.4466	0
11.5364	0
11.627	0
11.7183	0
11.8104	0
11.9031	0
11.9966	0
12.0908	0
12.1857	0
12.2814	0
12.3779	0
12.4751	0
12.5731	0
12.6718	0
12.7713	0
12.8716	0
12.9727	0
13.0745	0
13.1772	0
13.2807	0
13.385	0
13.4901	0
13.596	0
13.7028	0
13.8104	0
13.9189	0
14.0282	0
14.1383	0
14.2494	0
14.3613	0
14.474	0
14.5877	0
14.7022	0
14.8177	0
14.9341	0
15.0513	0
15.1695	0
15.2887	0
15.4087	0
15.5297	0
15.6517	0
15.7746	0
15.8985	0
16.0233	0
16.1491	0
16.276	0
16.4038	0
16.5326	0
16.6624	0
16.7933	0
16.9251	0
17.0581	0
17.192	0
17.327	0
17.4631	0
17.6002	0
17.7384	0
17.8777	0
18.0181	0
18.1596	0
18.3022	0
18.446	0
18.5908	0
18.7368	0
18.8839	0
19.0322	0
19.1817	0
19.3323	0
19.4841	0
19.6371	0
19.7914	0
19.9468	0
20.1034	0
20.2613	0
20.4204	0
20.5808	0
20.7424	0
20.9053	0
21.0694	0
21.2349	0
21.4016	0
21.5697	0
21.7391	0
21.9098	0
22.0819	0
22.2553	0
22.43	0
22.6062	0
22.7837	0
22.9626	0
23.1429	0
23.3247	0
23.5079	0
23.6925	0
23.8785	0
24.066	0
24.255	0
24.4455	0
24.6375	0
24.8309	0
25.0259	0
25.2225	0
25.4205	0
25.6201	0
25.8213	0
26.0241	0
26.2285	0
26.4344	0
26.642	0
26.8513	0
27.0621	0
27.2746	0
27.4888	0
27.7047	0
27.9222	0
28.1415	0
28.3625	0
28.5852	0
28.8097	0
29.036	0
29.264	0
29.4938	0
29.7254	0
29.9588	0
30.1941	0
30.4312	0
30.6702	0
30.911	0
31.1538	0
31.3984	0
31.645	0
31.8935	0
32.1439	0
32.3964	0
32.6508	0
32.9072	0
33.1656	0
33.426	0
33.6885	0
33.9531	0
34.2197	0
34.4884	0
34.7593	0
35.0322	0
35.3073	0
35.5846	0
35.864	0
36.1457	0
36.4295	0
36.7156	0
37.0039	0
37.2945	0
37.5874	0
37.8826	0
38.18	0
38.4799	0
38.782	0
39.0866	0
39.3935	0
39.7029	0
40.0147	0
40.3289	0
40.6456	0
40.9648	0
41.2865	0
41.6107	0
41.9375	0
42.2668	0
42.5987	0
42.9332	0
43.2704	0
43.6102	0
43.9527	0
44.2978	0
44.6457	0
44.9963	0
45.3496	0
45.7058	0
46.0647	0
46.4264	0
46.791	0
47.1585	0
47.5288	0
47.902	0
48.2782	0
48.6573	0
49.0394	0
49.4245	0
49.8126	0
50.2038	0
50.5981	0
50.9954	0
51.3959	0
51.7995	0
52.2063	0
52.6162	0
53.0294	0
53.4459	0
53.8656	0
54.2886	0
54.7149	0
55.1446	0
55.5776	0
56.014	0
56.4539	0
56.8972	0
57.3441	0
57.7944	0
58.2482	0
58.7056	0
59.1667	0
59.6313	0
60.0996	0
60.5715	0
61.0472	0
61.5266	0
62.0097	0
62.4967	0
62.9875	0
63.4821	0
63.9806	0
64.4831	0
64.9894	0
65.4998	0
66.0142	0
66.5326	0
67.055	0
67.5816	0
68.1123	0
68.6472	0
69.1863	0
69.7296	0
70.2772	0
70.8291	0
71.3853	0
71.9459	0
72.5108	0
73.0803	0
73.6542	0
74.2326	0
74.8155	0
75.403	0
75.9952	0
76.5919	0
77.1934	0
77.7996	0
78.4106	0
79.0263	0
79.6469	0
80.2724	0
80.9027	0
81.538	0
82.1784	0
82.8237	0
83.4741	0
84.1296	0
84.7903	0
85.4561	0
86.1272	0
86.8036	0
87.4852	0
88.1722	0
88.8646	0
89.5625	0
90.2658	0
90.9747	0
91.6891	0
92.4091	0
93.1348	0
93.8662	0
94.6033	0
95.3462	0
96.0949	0
96.8496	0
97.6101	0
98.3766	0
99.1492	0
99.9278	0
100.713	0
101.503	0
102.3	0
103.104	0
103.914	0
104.73	0
105.552	0
106.381	0
107.216	0
108.058	0
108.907	0
109.762	0
110.624	0
111.493	0
112.368	0
113.251	0
114.14	0
115.036	0
115.94	0
116.85	0
117.768	0
118.693	0
119.625	0
120.564	0
121.511	0
122.465	0
123.427	0
124.396	0
125.373	0
126.357	0
127.35	0
128.35	0
129.358	0
130.374	0
131.397	0
132.429	0
133.469	0
134.517	0
135.574	0
136.638	0
137.711	0
138.793	0
139.883	0
140.981	0
142.088	0
143.204	0
144.329	0
145.462	0
146.604	0
147.756	0
148.916	0
150.085	0
151.264	0
152.452	0
153.649	0
154.856	0
156.072	0
157.297	0
158.533	0
159.777	0
161.032	0
162.297	0
163.571	0
164.856	0
166.15	0
167.455	0
168.77	0
170.095	0
171.431	0
172.777	0
174.134	0
175.502	0
176.88	0
178.269	0
179.669	0
181.08	0
182.502	0
183.935	0
185.379	0
186.835	0
188.302	0
189.781	0
191.271	0
192.773	0
194.287	0
195.813	0
197.351	0
198.9	0
200.462	0
202.037	0
203.623	1.001e-05
205.222	1.001e-05
206.834	1.001e-05
208.458	1.001e-05
210.095	1.001e-05
211.745	1.001e-05
213.408	1.001e-05
215.084	1.001e-05
216.773	1.001e-05
218.475	1.001e-05
220.191	1.001e-05
221.92	1.001e-05
223.662	1.001e-05
225.419	2.002e-05
227.189	2.002e-05
228.973	2.002e-05
230.771	2.002e-05
232.583	2.002e-05
234.41	2.002e-05
236.251	2.002e-05
238.106	2.002e-05
239.976	2.002e-05
241.86	2.002e-05
243.76	2.002e-05
245.674	2.002e-05
247.603	3.003e-05
249.547	3.003e-05
251.507	3.003e-05
253.482	3.003e-05
255.473	3.003e-05
257.479	3.003e-05
259.501	3.003e-05
261.539	3.003e-05
263.593	3.003e-05
265.663	3.003e-05
267.749	4.004e-05
269.851	4.004e-05
271.971	4.004e-05
274.106	4.004e-05
276.259	4.004e-05
278.428	4.004e-05
280.615	4.004e-05
282.818	4.004e-05
285.039	4.004e-05
287.278	4.004e-05
289.534	5.00501e-05
291.807	5.00501e-05
294.099	5.00501e-05
296.408	5.00501e-05
298.736	5.00501e-05
301.082	5.00501e-05
303.446	5.00501e-05
305.829	5.00501e-05
308.231	5.00501e-05
310.652	5.00501e-05
313.091	6.00601e-05
315.55	6.00601e-05
318.028	6.00601e-05
320.525	6.00601e-05
323.042	6.00601e-05
325.579	6.00601e-05
328.136	6.00601e-05
330.713	6.00601e-05
333.31	7.00701e-05
335.927	7.00701e-05
338.565	7.00701e-05
341.224	7.00701e-05
343.903	7.00701e-05
346.604	7.00701e-05
349.326	7.00701e-05
352.069	7.00701e-05
354.834	8.00801e-05
357.62	8.00801e-05
360.429	8.00801e-05
363.259	8.00801e-05
366.112	8.00801e-05
368.987	8.00801e-05
371.884	8.00801e-05
374.805	8.00801e-05
377.748	9.00901e-05
380.715	9.00901e-05
383.704	9.00901e-05
386.717	9.00901e-05
389.754	9.00901e-05
392.815	9.00901e-05
395.9	9.00901e-05
399.009	0.0001001
402.142	0.0001001
405.3	0.0001001
408.483	0.0001001
411.691	0.0001001
414.924	0.0001001
418.182	0.0001001
421.466	0.00011011
424.776	0.00011011
428.111	0.00011011
431.473	0.00011011
434.862	0.00011011
438.277	0.00011011
441.718	0.00012012
445.187	0.00012012
448.683	0.00012012
452.207	0.00012012
455.758	0.00012012
459.337	0.00012012
462.944	0.00013013
466.579	0.00013013
470.243	0.00013013
473.936	0.00013013
477.658	0.00013013
481.409	0.00013013
485.189	0.00014014
488.999	0.00014014
492.84	0.00014014
496.71	0.00014014
500.61	0.00014014
504.542	0.00014014
508.504	0.00015015
512.497	0.00015015
516.522	0.00015015
520.578	0.00015015
524.666	0.00015015
528.786	0.00016016
532.938	0.00016016
537.124	0.00016016
541.342	0.00016016
545.593	0.00016016
549.877	0.00017017
554.195	0.00017017
558.547	0.00017017
562.934	0.00017017
567.354	0.00017017
571.81	0.00018018
576.3	0.00018018
580.826	0.00018018
585.387	0.00018018
589.984	0.00018018
594.617	0.00019019
599.286	0.00019019
603.992	0.00019019
608.736	0.00019019
613.516	0.0002002
618.334	0.0002002
623.189	0.0002002
628.083	0.0002002
633.016	0.0002002
637.987	0.00021021
642.997	0.00021021
648.046	0.00021021
653.135	0.00021021
658.264	0.00022022
663.433	0.00022022
668.643	0.00022022
673.894	0.00022022
679.186	0.00023023
684.52	0.00023023
689.895	0.00023023
695.313	0.00023023
700.773	0.00024024
706.276	0.00024024
711.823	0.00024024
717.412	0.00024024
723.046	0.00025025
728.724	0.00025025
734.447	0.00025025
740.214	0.00025025
746.027	0.00026026
751.886	0.00026026
757.79	0.00026026
763.741	0.00026026
769.739	0.00027027
775.783	0.00027027
781.875	0.00027027
788.015	0.00028028
794.204	0.00028028
800.44	0.00028028
806.726	0.00028028
813.061	0.00029029
819.446	0.00029029
825.881	0.00029029
832.367	0.0003003
838.903	0.0003003
845.491	0.0003003
852.131	0.00031031
858.822	0.00031031
865.567	0.00031031
872.364	0.00032032
879.215	0.00032032
886.119	0.00032032
893.078	0.00032032
900.091	0.00033033
907.159	0.00033033
914.283	0.00033033
921.463	0.00034034
928.699	0.00034034
935.992	0.00034034
943.342	0.00035035
950.75	0.00035035
958.216	0.00035035
965.741	0.00036036
973.325	0.00036036
980.968	0.00037037
988.672	0.00037037
996.436	0.00037037
1004.26	0.00038038
1012.15	0.00038038
1020.1	0.00038038
1028.11	0.00039039
1036.18	0.00039039
1044.32	0.00039039
1052.52	0.0004004
1060.78	0.0004004
1069.11	0.00041041
1077.51	0.00041041
1085.97	0.00041041
1094.5	0.00042042
1103.09	0.00042042
1111.76	0.00043043
1120.49	0.00043043
1129.29	0.00043043
1138.15	0.00044044
1147.09	0.00044044
1156.1	0.00045045
1165.18	0.00045045
1174.33	0.00045045
1183.55	0.00046046
1192.84	0.00046046
1202.21	0.00047047
1211.65	0.00047047
1221.17	0.00048048
1230.76	0.00048048
1240.42	0.00049049
1250.16	0.00049049
1259.98	0.00049049
1269.88	0.000500501
1279.85	0.000500501
1289.9	0.000510511
1300.03	0.000510511
1310.24	0.000520521
1320.53	0.000520521
1330.9	0.000530531
1341.35	0.000530531
1351.88	0.000540541
1362.5	0.000540541
1373.2	0.000550551
1383.98	0.000550551
1394.85	0.000560561
1405.8	0.000560561
1416.84	0.000570571
1427.97	0.000570571
1439.18	0.000580581
1450.48	0.000580581
1461.87	0.000590591
1473.35	0.000590591
1484.92	0.000600601
1496.58	0.000600601
1508.34	0.000610611
1520.18	0.000610611
1532.12	0.000620621
1544.15	0.000630631
1556.28	0.000630631
1568.5	0.000640641
1580.82	0.000640641
1593.23	0.000650651
1605.74	0.000650651
1618.35	0.000660661
1631.06	0.000670671
1643.87	0.000670671
1656.78	0.000680681
1669.79	0.000680681
1682.9	0.000690691
1696.12	0.000700701
1709.44	0.000700701
1722.86	0.000710711
1736.39	0.000720721
1750.03	0.000720721
1763.77	0.000730731
1777.62	0.000730731
1791.58	0.000740741
1805.65	0.000750751
1819.83	0.000750751
1834.12	0.000760761
1848.52	0.000770771
1863.04	0.000770771
1877.67	0.000780781
1892.41	0.000790791
1907.27	0.000790791
1922.25	0.000800801
1937.35	0.000810811
1952.56	0.000820821
1967.89	0.000820821
1983.35	0.000830831
1998.92	0.000840841
2014.62	0.000840841
2030.44	0.000850851
2046.39	0.000860861
2062.46	0.000870871
2078.65	0.000870871
2094.98	0.000880881
2111.43	0.000890891
2128.01	0.000900901
2144.72	0.000900901
2161.56	0.000910911
2178.54	0.000920921
2195.64	0.000930931
2212.89	0.000940941
2230.26	0.000940941
2247.78	0.000950951
2265.43	0.000960961
2283.22	0.000970971
2301.15	0.000980981
2319.22	0.000980981
2337.43	0.000990991
2355.79	0.001001
2374.29	0.00101101
2392.93	0.00102102
2411.72	0.00103103
2430.66	0.00104104
2449.75	0.00105105
2468.99	0.00106106
2488.38	0.00106106
2507.92	0.00107107
2527.61	0.00108108
2547.46	0.00109109
2567.47	0.0011011
2587.63	0.00111111
2607.95	0.00112112
2628.43	0.00113113
2649.07	0.00114114
2669.87	0.00115115
2690.84	0.00116116
2711.97	0.00117117
2733.27	0.00118118
2754.73	0.00119119
2776.36	0.0012012
2798.17	0.00121121
2820.14	0.00122122
2842.29	0.00123123
2864.61	0.00124124
2887.1	0.00125125
2909.77	0.00126126
2932.62	0.00127127
2955.65	0.00128128
2978.86	0.00129129
3002.26	0.0013013
3025.83	0.00131131
3049.6	0.00132132
3073.54	0.00133133
3097.68	0.00135135
3122.01	0.00136136
3146.52	0.00137137
3171.23	0.00138138
3196.14	0.00139139
3221.23	0.0014014
3246.53	0.00142142
3272.02	0.00143143
3297.72	0.00144144
3323.62	0.00145145
3349.72	0.00146146
3376.02	0.00147147
3402.53	0.00149149
3429.25	0.0015015
3456.18	0.00151151
3483.32	0.00152152
3510.68	0.00154154
3538.25	0.00155155
3566.03	0.00156156
3594.04	0.00158158
3622.26	0.00159159
3650.71	0.0016016
3679.37	0.00162162
3708.27	0.00163163
3737.39	0.00164164
3766.74	0.00166166
3796.32	0.00167167
3826.13	0.00168168
3856.18	0.0017017
3886.46	0.00171171
3916.98	0.00173173
3947.74	0.00174174
3978.74	0.00175175
4009.98	0.00177177
4041.47	0.00178178
4073.21	0.0018018
4105.2	0.00181181
4137.44	0.00183183
4169.93	0.00184184
4202.67	0.00186186
4235.68	0.00187187
4268.94	0.00189189
4302.46	0.0019019
4336.25	0.00192192
4370.3	0.00194194
4404.62	0.00195195
4439.21	0.00197197
4474.07	0.00198198
4509.2	0.002002
4544.61	0.00202202
4580.3	0.00203203
4616.27	0.00205205
4652.52	0.00207207
4689.06	0.00208208
4725.88	0.0021021
4762.99	0.00212212
4800.4	0.00214214
4838.09	0.00215215
4876.09	0.00217217
4914.38	0.00219219
4952.97	0.00221221
4991.87	0.00222222
5031.07	0.00224224
5070.57	0.00226226
5110.39	0.00228228
5150.52	0.0023023
5190.97	0.00232232
5231.74	0.00233233
5272.82	0.00235235
5314.23	0.00237237
5355.96	0.00239239
5398.02	0.00241241
5440.41	0.00243243
5483.13	0.00245245
5526.19	0.00247247
5569.59	0.00249249
5613.32	0.00251251
5657.41	0.00253253
5701.83	0.00255255
5746.61	0.00257257
5791.74	0.00259259
5837.22	0.00262262
5883.06	0.00264264
5929.26	0.00266266
5975.82	0.00268268
6022.75	0.0027027
6070.04	0.00272272
6117.71	0.00275275
6165.75	0.00277277
6214.17	0.00279279
6262.97	0.00281281
6312.15	0.00284284
6361.72	0.00286286
6411.68	0.00288288
6462.03	0.0029029
6512.78	0.00293293
6563.92	0.00295295
6615.47	0.00298298
6667.42	0.003003
6719.77	0.00302302
6772.54	0.00305305
6825.73	0.00307307
6879.33	0.0031031
6933.35	0.00312312
6987.8	0.00315315
7042.67	0.00317317
7097.98	0.0032032
7153.72	0.00323323
7209.9	0.00325325
7266.52	0.00328328
7323.58	0.0033033
7381.09	0.00333333
7439.05	0.00336336
7497.47	0.00338338
7556.35	0.00341341
7615.69	0.00344344
7675.49	0.00347347
7735.77	0.0035035
7796.52	0.00352352
7857.74	0.00355355
7919.45	0.00358358
7981.64	0.00361361
8044.32	0.00364364
8107.49	0.00367367
8171.16	0.0037037
8235.32	0.00373373
8299.99	0.00376376
8365.17	0.00379379
8430.86	0.00382382
8497.07	0.00385385
8563.8	0.00388388
8631.05	0.00391391
8698.83	0.00394394
8767.14	0.00397397
8835.99	0.00401401
8905.37	0.00404404
8975.31	0.00407407
9045.79	0.0041041
9116.83	0.00414414
9188.42	0.00417417
9260.58	0.0042042
9333.3	0.00424424
9406.59	0.00427427
9480.46	0.0043043
9554.91	0.00434434
9629.94	0.00437437
9705.57	0.00441441
9781.78	0.00444444
9858.6	0.00448448
9936.02	0.00451451
10014	0.00455455
10092.7	0.00459459
10171.9	0.00462462
10251.8	0.00466466
10332.3	0.0047047
10413.5	0.00474474
10495.2	0.00477477
10577.7	0.00481481
10660.7	0.00485485
10744.4	0.00489489
10828.8	0.00493493
10913.9	0.00497497
10999.6	0.00501502
11085.9	0.00505506
11173	0.0050951
11260.7	0.00513514
11349.2	0.00517518
11438.3	0.00521522
11528.1	0.00525526
11618.6	0.0052953
11709.9	0.00534535
11801.8	0.00538539
11894.5	0.00542543
11987.9	0.00547548
12082.1	0.00551552
12176.9	0.00555556
12272.6	0.00560561
12368.9	0.00564565
12466.1	0.0056957
12564	0.00573574
12662.6	0.00578579
12762.1	0.00582583
12862.3	0.00587588
12963.3	0.00592593
13065.1	0.00596597
13167.7	0.00601602
13271.1	0.00606607
13375.3	0.00611612
13480.4	0.00616617
13586.2	0.00621622
13692.9	0.00626627
13800.4	0.00631632
13908.8	0.00636637
14018	0.00641642
14128.1	0.00646647
14239.1	0.00651652
14350.9	0.00656657
14463.6	0.00661662
14577.2	0.00666667
14691.6	0.00672673
14807	0.00677678
14923.3	0.00683684
15040.5	0.00688689
15158.6	0.00693694
15277.6	0.006997
15397.6	0.00705706
15518.5	0.00710711
15640.4	0.00716717
15763.2	0.00721722
15887	0.00727728
16011.7	0.00733734
16137.5	0.0073974
16264.2	0.00745746
16391.9	0.00751752
16520.7	0.00757758
16650.4	0.00763764
16781.1	0.0076977
16912.9	0.00775776
17045.7	0.00781782
17179.6	0.00787788
17314.5	0.00793794
17450.5	0.00800801
17587.5	0.00806807
17725.6	0.00812813
17864.8	0.0081982
18005.1	0.00825826
18146.5	0.00832833
18289	0.00838839
18432.6	0.00845846
18577.4	0.00852853
18723.3	0.0085986
18870.3	0.00865866
19018.5	0.00872873
19167.8	0.0087988
19318.4	0.00886887
19470.1	0.00893894
19623	0.00900901
19777.1	0.00907908
19932.4	0.00915916
20088.9	0.00922923
20246.7	0.0092993
20405.7	0.00937938
20565.9	0.00944945
20727.4	0.00951952
20890.2	0.0095996
21054.2	0.00967968
21219.6	0.00974975
21386.2	0.00982983
21554.1	0.00990991
21723.4	0.00998999
21894	0.0100701
22065.9	0.0101401
22239.2	0.0102302
22413.8	0.0103103
22589.9	0.0103904
22767.3	0.0104705
22946	0.0105506
23126.2	0.0106406
23307.8	0.0107207
23490.9	0.0108008
23675.3	0.0108909
23861.3	0.010981
24048.6	0.0110611
24237.5	0.0111512
24427.8	0.0112412
24619.7	0.0113313
24813	0.0114214
25007.9	0.0115115
25204.2	0.0116016
25402.2	0.0116917
25601.6	0.0117818
25802.7	0.0118819
26005.3	0.011972
26209.5	0.0120621
26415.4	0.0121622
26622.8	0.0122623
26831.9	0.0123524
27042.6	0.0124525
27254.9	0.0125526
27469	0.0126527
27684.7	0.0127528
27902.1	0.0128529
28121.2	0.012953
28342	0.0130531
28564.6	0.0131632
28788.9	0.0132633
29015	0.0133634
29242.8	0.0134735
29472.5	0.0135836
29703.9	0.0136837
29937.2	0.0137938
30172.3	0.0139039
30409.2	0.014014
30648	0.0141241
30888.7	0.0142342
31131.3	0.0143443
31375.7	0.0144645
31622.1	0.0145746
31870.4	0.0146947
32120.7	0.0148048
32373	0.0149249
32627.2	0.015045
32883.4	0.0151652
33141.6	0.0152853
33401.9	0.0154054
33664.2	0.0155255
33928.6	0.0156456
34195	0.0157658
34463.5	0.0158959
34734.2	0.016016
35006.9	0.0161461
35281.8	0.0162763
35558.9	0.0164064
35838.1	0.0165365
36119.6	0.0166667
36403.2	0.0167968
36689.1	0.0169269
36977.2	0.0170571
37267.6	0.0171972
37560.2	0.0173273
37855.2	0.0174675
38152.5	0.0176076
38452.1	0.0177477
38754	0.0178879
39058.4	0.018028
39365.1	0.0181682
39674.2	0.0183083
39985.8	0.0184585
40299.8	0.0185986
40616.3	0.0187487
40935.2	0.0188989
41256.7	0.019049
41580.7	0.0191992
41907.2	0.0193493
42236.3	0.0194995
42568	0.0196496
42902.2	0.0198098
43239.2	0.01996
43578.7	0.0201201
43920.9	0.0202803
44265.8	0.0204404
44613.4	0.0206006
44963.8	0.0207608
45316.9	0.0209309
45672.8	0.0210911
46031.4	0.0212613
46392.9	0.0214314
46757.2	0.0215916
47124.4	0.0217618
47494.5	0.0219419
47867.4	0.0221121
48243.3	0.0222823
48622.2	0.0224625
49004	0.0226326
49388.8	0.0228128
49776.7	0.022993
50167.6	0.0231732
50561.5	0.0233634
50958.6	0.0235435
51358.8	0.0237337
51762.1	0.0239139
52168.6	0.0241041
52578.2	0.0242943
52991.1	0.0244845
53407.3	0.0246747
53826.7	0.0248749
54249.4	0.0250751
54675.4	0.0252653
55104.7	0.0254655
55537.5	0.0256657
55973.6	0.0258659
56413.2	0.0260761
56856.2	0.0262763
57302.6	0.0264865
57752.6	0.0266967
58206.2	0.0269069
58663.3	0.0271171
59123.9	0.0273273
59588.2	0.0275475
60056.2	0.0277578
60527.8	0.027978
61003.1	0.0281982
61482.2	0.0284284
61965	0.0286486
62451.6	0.0288689
62942	0.0290991
63436.3	0.0293293
63934.4	0.0295596
64436.5	0.0297898
64942.5	0.03003
65452.5	0.0302603
65966.5	0.0305005
66484.5	0.0307407
67006.6	0.030981
67532.8	0.0312312
68063.1	0.0314715
68597.6	0.0317217
69136.3	0.031972
69679.3	0.0322222
70226.4	0.0324825
70777.9	0.0327327
71333.7	0.032993
71893.9	0.0332533
72458.5	0.0335135
73027.5	0.0337738
73601	0.034044
74179	0.0343143
74761.5	0.0345846
75348.6	0.0348549
75940.3	0.0351251
76536.6	0.0354054
77137.7	0.0356857
77743.4	0.035966
78353.9	0.0362462
78969.2	0.0365365
79589.4	0.0368168
80214.4	0.0371071
80844.3	0.0373974
81479.2	0.0376977
82119	0.037988
82763.9	0.0382883
83413.8	0.0385886
84068.9	0.0388989
84729	0.0391992
85394.4	0.0395095
86065	0.0398198
86740.9	0.0401401
87422	0.0404505
88108.6	0.0407708
88800.5	0.0410911
89497.8	0.0414114
90200.6	0.0417417
90909	0.0420721
91622.9	0.0424024
92342.4	0.0427327
93067.5	0.0430731
93798.4	0.0434034
94535	0.0437538
95277.3	0.0440941
96025.5	0.0444444
96779.6	0.0447948
97539.6	0.0451451
98305.6	0.0454955
99077.6	0.0458559
99855.6	0.0462162
100640	0.0465766
101430	0.0469469
102227	0.0473173
103029	0.0476877
103838	0.0480681
104654	0.0484384
105476	0.0488188
106304	0.0492092
107139	0.0495896
107980	0.04998
108828	0.0503804
109683	0.0507708
110544	0.0511712
111412	0.0515716
112287	0.051982
113169	0.0523924
114058	0.0528028
114953	0.0532132
115856	0.0536336
116766	0.0540541
117683	0.0544845
118607	0.0549149
119538	0.0553453
120477	0.0557758
121423	0.0562162
122377	0.0566567
123338	0.0571071
124306	0.0575576
125282	0.058008
126266	0.0584585
127258	0.0589189
128257	0.0593894
129264	0.0598498
130279	0.0603203
131302	0.0608008
132334	0.0612713
133373	0.0617518
134420	0.0622422
135476	0.0627327
136540	0.0632232
137612	0.0637237
138693	0.0642242
139782	0.0647247
140879	0.0652352
141986	0.0657457
143101	0.0662663
144224	0.0667868
145357	0.0673173
146498	0.0678378
147649	0.0683784
148808	0.0689089
149977	0.0694494
151155	0.07
152342	0.0705506
153538	0.0711011
154744	0.0716617
155959	0.0722322
157184	0.0727928
158418	0.0733634
159662	0.0739439
160916	0.0745245
162180	0.0751151
163453	0.0757057
164737	0.0762963
166030	0.0768969
167334	0.0774975
168648	0.0781081
169973	0.0787287
171307	0.0793393
172653	0.07997
174008	0.0805906
175375	0.0812312
176752	0.0818619
178140	0.0825125
179539	0.0831632
180949	0.0838138
182370	0.0844745
183802	0.0851351
185245	0.0858058
186700	0.0864765
188166	0.0871572
189644	0.0878478
191133	0.0885285
192634	0.0892292
194147	0.0899299
195672	0.0906406
197208	0.0913514
198757	0.0920721
200318	0.0927928
201891	0.0935235
203476	0.0942543
205074	0.094995
206684	0.0957457
208308	0.0964965
209943	0.0972573
211592	0.098018
213254	0.0987888
214928	0.0995596
216616	0.10035
218317	0.101131
220032	0.101932
221759	0.102733
223501	0.103534
225256	0.104354
227025	0.105175
228808	0.105996
230605	0.106827
232416	0.107668
234241	0.108519
236080	0.109369
237934	0.11023
239802	0.111091
241686	0.111962
243584	0.112843
245496	0.113734
247424	0.114625
249367	0.115526
251326	0.116436
253299	0.117347
255288	0.118268
257293	0.119199
259314	0.12014
261350	0.121081
263402	0.122032
265471	0.122993
267555	0.123954
269657	0.124935
271774	0.125916
273908	0.126907
276059	0.127898
278227	0.128909
280412	0.12992
282614	0.130941
284834	0.131972
287070	0.133003
289325	0.134044
291597	0.135105
293887	0.136166
296194	0.137237
298520	0.138308
300865	0.139399
303227	0.14049
305609	0.141602
308008	0.142713
310427	0.143834
312865	0.144965
315322	0.146096
317798	0.147247
320294	0.148408
322809	0.14957
325344	0.150741
327899	0.151932
330474	0.153123
333069	0.154324
335685	0.155536
338321	0.156757
340977	0.157988
343655	0.159229
346354	0.16048
349074	0.161742
351815	0.163013
354578	0.164294
357362	0.165586
360168	0.166887
362997	0.168198
365847	0.16952
368720	0.170851
371616	0.172192
374534	0.173544
377475	0.174905
380440	0.176276
383427	0.177668
386438	0.179059
389473	0.18047
392531	0.181882
395614	0.183313
398721	0.184755
401852	0.186206
405007	0.187668
408188	0.189139
411393	0.190631
414624	0.192122
417880	0.193634
421162	0.195155
424469	0.196687
427802	0.198228
431162	0.19979
434548	0.201361
437960	0.202943
441399	0.204535
444866	0.206136
448359	0.207758
451880	0.209389
455429	0.211041
459005	0.212693
462610	0.214364
466242	0.216046
469904	0.217748
473594	0.219459
477313	0.221181
481061	0.222913
484839	0.224665
488646	0.226436
492484	0.228208
496351	0.23
500249	0.231812
504177	0.233634
508137	0.235465
512127	0.237317
516149	0.239179
520202	0.241061
524287	0.242953
528404	0.244855
532554	0.246787
536736	0.248719
540951	0.250671
545199	0.252643
549480	0.254625
553795	0.256627
558144	0.258639
562527	0.260671
566945	0.262723
571397	0.264785
575884	0.266867
580406	0.268959
584964	0.271071
589558	0.273203
594187	0.275345
598854	0.277508
603556	0.27969
608296	0.281882
613073	0.284094
617887	0.286326
622739	0.288579
627630	0.290841
632559	0.293133
637526	0.295435
642532	0.297748
647578	0.30009
652663	0.302452
657789	0.304825
662954	0.307217
668160	0.30963
673407	0.312062
678696	0.314515
684025	0.316987
689397	0.319469
694811	0.321982
700267	0.324505
705766	0.327057
711308	0.32963
716894	0.332212
722524	0.334825
728198	0.337457
733916	0.3401
739680	0.342773
745488	0.345465
751343	0.348178
757243	0.350911
763189	0.353674
769183	0.356446
775223	0.359249
781311	0.362072
787446	0.364915
793630	0.367778
799862	0.370671
806144	0.373574
812474	0.376507
818855	0.379469
825285	0.382452
831766	0.385455
838298	0.388478
844881	0.391532
851515	0.394605
858202	0.397708
864942	0.400831
871734	0.403974
878580	0.407147
885479	0.41034
892433	0.413564
899441	0.416817
906504	0.42009
913623	0.423383
920797	0.426717
928028	0.43006
935316	0.433443
942661	0.436847
950064	0.44027
957524	0.443734
965044	0.447217
972622	0.450731
980260	0.454264
987958	0.457838
995716	0.461431
1.00354e+06	0.465055
1.01142e+06	0.468709
1.01936e+06	0.472392
1.02736e+06	0.476096
1.03543e+06	0.47984
1.04356e+06	0.483604
1.05176e+06	0.487407
1.06002e+06	0.491231
1.06834e+06	0.495085
1.07673e+06	0.498979
1.08519e+06	0.502893
1.09371e+06	0.506847
1.1023e+06	0.510821
1.11095e+06	0.514835
1.11968e+06	0.518879
1.12847e+06	0.522953
1.13733e+06	0.527057
1.14626e+06	0.531201
1.15526e+06	0.535375
1.16434e+06	0.53958
1.17348e+06	0.543814
1.1827e+06	0.548088
1.19198e+06	0.552392
1.20134e+06	0.556727
1.21078e+06	0.561101
1.22029e+06	0.565506
1.22987e+06	0.56995
1.23953e+06	0.574424
1.24926e+06	0.578929
1.25907e+06	0.583483
1.26896e+06	0.588058
1.27892e+06	0.592683
1.28897e+06	0.597337
1.29909e+06	0.602022
1.30929e+06	0.606757
1.31957e+06	0.611522
1.32993e+06	0.616316
1.34038e+06	0.621161
1.3509e+06	0.626036
1.36151e+06	0.630951
1.3722e+06	0.635906
1.38298e+06	0.640901
1.39384e+06	0.645936
1.40479e+06	0.651011
1.41582e+06	0.656116
1.42694e+06	0.661271
1.43814e+06	0.666466
1.44944e+06	0.671702
1.46082e+06	0.676977
1.47229e+06	0.682292
1.48385e+06	0.687648
1.4955e+06	0.693053
1.50725e+06	0.698488
1.51908e+06	0.703974
1.53101e+06	0.70951
1.54304e+06	0.715075
1.55515e+06	0.720691
1.56737e+06	0.726356
1.57967e+06	0.732052
1.59208e+06	0.737808
1.60458e+06	0.743594
1.61718e+06	0.749439
1.62988e+06	0.755325
1.64268e+06	0.761251
1.65558e+06	0.767237
1.66858e+06	0.773253
1.68169e+06	0.779329
1.69489e+06	0.785455
1.7082e+06	0.791622
1.72162e+06	0.797838
1.73514e+06	0.804104
1.74876e+06	0.81041
1.76249e+06	0.816777
1.77634e+06	0.823193
1.79028e+06	0.82966
1.80434e+06	0.836176
1.81851e+06	0.842743
1.83279e+06	0.849359
1.84719e+06	0.856026
1.86169e+06	0.862753
1.87631e+06	0.86953
1.89105e+06	0.876356
1.9059e+06	0.883233
1.92086e+06	0.89017
1.93595e+06	0.897157
1.95115e+06	0.904204
1.96647e+06	0.911311
1.98192e+06	0.918468
1.99748e+06	0.925676
2.01317e+06	0.932943
2.02897e+06	0.94027
2.04491e+06	0.947658
2.06097e+06	0.955095
2.07715e+06	0.962603
2.09346e+06	0.97016
2.1099e+06	0.977778
2.12647e+06	0.985455
2.14317e+06	0.993193
2.16e+06	1
