# time=300000
x1 y1 x2 y2 aperture velocity
0.0443843 -0.00631477 0.05 -0.010437 5.169e-05 0.0728632
0.0440694 -0.0250904 0.05 -0.0303778 0.000156769 0.370471
-0.05 0.000316541 -0.04286 -0.00160796 2.22582e-05 0.00250032
-0.05 -0.0312056 -0.04959 -0.0314953 0.000313418 0.318847
0.0474957 0.00801726 0.05 0.0066314 0.000124663 0.211587
0.0458809 0.000579001 0.05 -0.00302134 0.00019926 0.574298
-0.05 0.0299759 -0.0423835 0.0272751 0.000127807 0.0837023
-0.05 -0.0125039 -0.0445168 -0.0139297 4.557e-05 0.00990198
0.0450408 -0.0429945 0.05 -0.0416201 9.79339e-05 0.247962
0.0477065 0.0302897 0.05 0.0347524 3.30357e-05 0.00722937
-0.05 -0.043985 -0.0489825 -0.0437807 0.000110623 0.0457586
-0.05 0.0229315 -0.0399407 0.0178426 3.11145e-05 0.00458173
-0.05 0.0272741 -0.046455 0.0239504 0.000134999 0.0706753
-0.05 -0.00702845 -0.0488496 -0.00688577 9.37238e-05 0.0454461
0.0497351 -0.0141077 0.05 -0.014426 2.90862e-05 0.0157959
0.0490599 0.0294953 0.05 0.0313998 7.26652e-05 0.0322848
-0.05 0.025353 -0.046455 0.0239504 0.000115795 0.0662794
-0.05 0.0444191 -0.0461801 0.0430894 0.000274893 0.977324
-0.05 0.0366396 -0.0456549 0.0355815 0.00011713 0.102037
-0.05 0.0132453 -0.0320246 0.00808241 6.46759e-05 0.0210958
-0.05 0.00378124 -0.039767 0.00115824 2.26532e-05 0.00260174
0.0487448 0.0137711 0.05 0.0195529 7.50993e-05 0.0164008
-0.05 -0.0286948 -0.0496576 -0.0281995 4.88291e-05 0.00586663
-0.05 -0.027879 -0.0496576 -0.0281995 0.000101647 0.0326345
-0.05 -0.00799343 -0.0488104 -0.00692954 0.000167951 0.10961
-0.05 -0.00560268 -0.0488496 -0.00688577 4.70573e-05 0.00770636
0.0487448 0.0137711 0.05 0.0125904 7.70609e-05 0.0592909
-0.05 -0.0440359 -0.0489825 -0.0437807 9.59315e-05 0.0340445
-0.05 -0.0299924 -0.048906 -0.0306882 0.000109702 0.0429146
-0.05 0.0415005 -0.0461801 0.0430894 3.30736e-05 0.0138353
0.0453562 -0.0476437 0.05 -0.044689 8.36587e-05 0.168131
-0.05 -0.00877678 -0.043752 -0.0127503 2.93384e-05 0.00360146
-0.05 0.0282563 -0.0448113 0.0233 9.34728e-05 0.033691
-0.05 0.0205776 -0.0374354 0.0154937 8.40817e-05 0.0347698
0.0490599 0.0294953 0.05 0.0289434 3.59109e-05 0.0153629
0.0429283 0.0469867 0.05 0.046622 3.09266e-05 0.0213137
-0.05 0.0312895 -0.0478601 0.0334032 7.043e-05 0.0193999
-0.05 -0.0223847 -0.0496305 -0.0218149 6.2024e-05 0.00957514
-0.05 -0.0217817 -0.0496305 -0.0218149 9.83478e-05 0.0440673
-0.0228246 0.0430204 -0.0224412 0.042739 5.19605e-05 0.00897377
-0.0224412 0.042739 -0.0228816 0.0437668 0.000109588 0.0137251
0.0101839 0.0187903 0.0232593 0.00919225 5.18554e-05 0.01287
0.019591 0.0196938 0.0232593 0.00919225 0.000348478 0.189444
0.0348415 0.000690202 0.0369482 -0.000856241 5.35284e-05 0.0326835
0.0369482 -0.000856241 0.0394415 -0.00174035 0.000137896 0.261851
0.0369482 -0.000856241 0.0414656 -0.00417222 5.35865e-05 0.009115
0.0414656 -0.00417222 0.0394415 -0.00174035 2.7644e-05 0.00450269
0.0414656 -0.00417222 0.0443843 -0.00631477 5.1867e-05 0.00992281
0.0441494 -0.00739678 0.0443843 -0.00631477 7.47598e-05 0.22355
-0.0166485 0.0290429 -0.0165246 0.0289324 0.000184025 0.0960686
-0.0166024 0.029114 -0.0165246 0.0289324 0.000118359 0.00230078
0.0429468 -0.0240894 0.0439864 -0.0250164 0.00015607 0.331778
0.0439864 -0.0250164 0.0441792 -0.0250683 2.39163e-05 0.0107064
0.0439864 -0.0250164 0.0440694 -0.0250904 0.00015604 0.331992
0.0440694 -0.0250904 0.0441792 -0.0250683 0.000116378 0.268635
0.0017112 -0.0136216 -0.000285636 -0.00896189 0.000108137 0.0202856
0.0017112 -0.0136216 0.0051786 -0.0145562 2.26692e-05 0.00161356
0.00765677 -0.0274958 0.00787526 -0.0280057 0.000109782 0.0422426
0.00787526 -0.0280057 0.00861096 -0.0277439 0.000295267 0.316386
0.0111578 -0.0356656 0.0123643 -0.038481 0.000107832 0.00839061
0.00850765 -0.0459855 0.0123643 -0.038481 3.30298e-05 0.00027221
0.0123643 -0.038481 0.0138245 -0.0418884 0.000107179 0.0077693
0.011015 -0.0475801 0.0138245 -0.0418884 7.20998e-05 0.000475274
-0.0189195 -0.00806083 -0.00964767 -0.0105599 2.22823e-05 0.00143259
-0.0189195 -0.00806083 -0.0192217 -0.00410808 7.31475e-05 0.00666131
-0.0313376 -0.00471369 -0.0277213 -0.00568841 2.23984e-05 0.00149304
-0.0313376 -0.00471369 -0.0263736 -0.00409799 9.4276e-05 0.0324528
-0.0330937 -0.00424034 -0.0325101 -0.00439765 2.28969e-05 0.0022331
-0.0330937 -0.00424034 -0.032781 -0.00378792 5.02054e-05 0.0117715
-0.04286 -0.00160796 -0.0374684 -0.00306119 2.27813e-05 0.0026701
-0.04286 -0.00160796 -0.039767 0.00115824 0.000166311 0.108237
0.0241711 0.00658176 0.0253302 0.00326358 0.000307758 0.103606
0.0253302 0.00326358 0.0260267 0.00301657 0.000154538 0.195294
0.0284573 -0.00568901 0.0287646 -0.00656861 0.000286269 0.180286
0.0275068 -0.0090161 0.0287646 -0.00656861 3.60616e-05 0.00475235
0.0344522 -0.0228515 0.0358135 -0.0267486 0.000271717 0.0511327
0.0358135 -0.0267486 0.0401368 -0.0258803 0.000117415 0.330248
-0.0336307 -0.0427735 -0.0312417 -0.0419235 0.000297544 0.272898
-0.0359186 -0.0411567 -0.0355098 -0.0414455 0.000288861 0.26699
-0.0359186 -0.0411567 -0.035836 -0.0411401 0.000120895 0.048172
-0.04959 -0.0314953 -0.0366005 -0.0406747 0.000293058 0.267697
-0.05 -0.0319792 -0.04959 -0.0314953 0.000235208 0.142165
-0.0339645 -0.0428923 -0.0336307 -0.0427735 0.000296391 0.0156076
0.0179605 0.0243618 0.0198986 0.0232893 0.000113965 0.0964292
0.017648 0.0252564 0.0198986 0.0232893 0.000169779 0.175654
0.0354949 0.0146584 0.0387482 0.0128581 0.000123773 0.155273
0.0366047 0.00868707 0.0387482 0.0128581 4.13421e-05 0.0383289
0.0387482 0.0128581 0.0403972 0.0119455 0.000122881 0.160054
0.0381305 0.00735337 0.0403972 0.0119455 9.31001e-05 0.154101
0.0403972 0.0119455 0.0474957 0.00801726 0.000125637 0.196434
0.0468369 0.00498253 0.0474957 0.00801726 9.27987e-05 0.0569849
-0.0179426 -0.0208395 -0.0189195 -0.00806083 7.3788e-05 0.00654703
-0.0179426 -0.0208395 0.00340241 -0.0263896 4.69145e-05 0.00650127
-0.0162276 -0.043272 -0.0166847 -0.0372934 7.41069e-05 0.00277751
0.0257193 0.0182016 0.0259861 0.0179684 0.000197613 0.179707
0.0259861 0.0179684 0.031091 0.0161914 0.000245429 0.696527
0.0303184 0.0141817 0.0259861 0.0179684 0.000164688 0.0361712
0.0303184 0.0141817 0.031091 0.0161914 8.85265e-05 0.255435
0.0333401 0.0115405 0.0303184 0.0141817 0.000202538 0.132298
0.0381305 0.00735337 0.0415878 0.00433147 0.000203618 0.633799
0.0415878 0.00433147 0.0468369 0.00498253 0.000119519 0.273612
0.0415878 0.00433147 0.0458809 0.000579001 0.000200208 0.574191
0.0449531 -0.0036948 0.0458809 0.000579001 7.72374e-05 0.0324641
0.0121161 0.00794934 0.0180793 0.00583476 0.000142367 0.148809
0.0121161 0.00794934 0.0116303 0.00964834 2.28655e-05 0.000482812
-0.00963023 0.0156607 0.0036393 0.0109552 0.000144097 0.126907
-0.0104318 0.0147147 -0.00963023 0.0156607 0.000254387 0.387179
-0.0423835 0.0272751 -0.0223923 0.0201861 0.000146345 0.129364
-0.0478601 0.0334032 -0.0423835 0.0272751 0.000290923 0.305277
-0.0405122 -0.0149709 -0.0400859 -0.0150818 4.57838e-05 0.00891128
-0.0405122 -0.0149709 -0.0404352 -0.0148596 4.89669e-05 0.00782262
-0.0419318 -0.0146018 -0.0405122 -0.0149709 4.57171e-05 0.00946193
-0.0419318 -0.0146018 -0.0409862 -0.0156566 4.73352e-05 0.00651524
-0.0445168 -0.0139297 -0.0419318 -0.0146018 4.58703e-05 0.00945802
-0.0445168 -0.0139297 -0.043752 -0.0127503 6.22055e-05 0.0109188
0.0291917 -0.0473869 0.0295304 -0.047293 9.51861e-05 0.0179229
0.0358697 -0.0455362 0.0369058 -0.045249 9.64276e-05 0.0563502
0.0369058 -0.045249 0.0450408 -0.0429945 9.79829e-05 0.39963
0.0450408 -0.0429945 0.0453562 -0.0476437 0.00043071 0.0326568
0.0390393 0.0134246 0.0397398 0.0147875 4.22664e-05 0.0133935
0.0397398 0.0147875 0.041579 0.0143397 0.000123849 0.196563
0.0397398 0.0147875 0.0423221 0.0198124 3.51925e-05 0.00780309
0.0350957 0.0266099 0.0423221 0.0198124 7.29959e-05 0.0503414
0.0423221 0.0198124 0.0477065 0.0302897 3.31078e-05 0.00652495
0.0385714 0.0356521 0.0477065 0.0302897 3.56831e-05 0.0170864
-0.0489825 -0.0437807 -0.0359186 -0.0411567 0.00011038 0.0456912
-0.0489825 -0.0437807 -0.0366005 -0.0406747 9.60423e-05 0.0341982
-0.0399407 0.0178426 -0.0381487 0.0169361 3.16649e-05 0.0047675
-0.0399407 0.0178426 -0.0374354 0.0154937 0.000134261 0.0698555
-0.046455 0.0239504 -0.0399407 0.0178426 0.000134428 0.0698312
-0.046455 0.0239504 -0.0448113 0.0233 0.000116184 0.0673814
-0.0487472 -0.00687306 -0.0391701 -0.00568519 9.63335e-05 0.0482841
-0.0487472 -0.00687306 -0.04286 -0.00160796 0.000166542 0.108118
-0.0488496 -0.00688577 -0.0487472 -0.00687306 9.35939e-05 0.0453766
-0.0488496 -0.00688577 -0.0488104 -0.00692954 4.75951e-05 0.0078799
0.0441494 -0.00739678 0.0414656 -0.00417222 2.73418e-05 0.00551165
0.0437291 -0.00933319 0.0441494 -0.00739678 7.47801e-05 0.232505
0.0441494 -0.00739678 0.0497351 -0.0141077 2.72249e-05 0.0192288
0.0497351 -0.0141077 0.05 -0.0142125 0.000125592 0.428698
0.041579 0.0143397 0.0436595 0.0185545 7.78346e-05 0.0371897
0.0423221 0.0198124 0.0436595 0.0185545 7.3141e-05 0.0510425
0.0436595 0.0185545 0.0490599 0.0294953 7.28726e-05 0.0317099
0.0477065 0.0302897 0.0490599 0.0294953 3.5695e-05 0.0164419
0.0243782 0.0185281 0.0259861 0.0179684 0.000253081 0.511611
0.0243782 0.0185281 0.0257193 0.0182016 0.000148051 0.190044
-7.21369e-06 0.0270167 0.00740212 0.0244375 0.000284278 0.440074
-0.000396682 0.0265571 -7.21369e-06 0.0270167 0.000305376 0.450252
-0.0461801 0.0430894 -0.0431173 0.0420233 0.000274665 0.975023
-0.0461801 0.0430894 -0.0367862 0.0469967 4.65909e-05 0.0281853
0.0160235 -0.00571791 0.0147674 -0.00132426 2.15084e-05 0.000597275
0.0160235 -0.00571791 0.0220085 -0.00743691 6.68337e-05 0.0302583
0.018314 -0.0137295 0.0176116 -0.0112726 2.14446e-05 0.00208891
0.018314 -0.0137295 0.0194753 -0.0140272 2.29458e-05 0.00348421
0.0188582 -0.0156327 0.018314 -0.0137295 2.19575e-05 0.00232429
0.0188582 -0.0156327 0.0194753 -0.0140272 6.64232e-05 0.0448266
0.0233188 -0.0312346 0.0227844 -0.0293656 2.24216e-05 0.00314537
0.0233188 -0.0312346 0.0237512 -0.0316807 0.000250064 0.1647
0.0273164 -0.0452172 0.0274652 -0.0457378 2.1707e-05 0.000525218
0.0274652 -0.0457378 0.0291917 -0.0473869 9.42486e-05 0.0178556
0.0274652 -0.0457378 0.0280288 -0.0477092 2.15159e-05 0.00107595
0.0106464 0.0218719 0.0173765 0.0202331 0.000144776 0.103345
0.0106464 0.0218719 0.0108513 0.0232368 0.000112695 0.0399077
-0.0228218 0.0300215 -0.021812 0.0297757 0.000185049 0.198702
-0.0406253 0.0405496 -0.0228218 0.0300215 0.000374605 0.587931
-0.0456549 0.0355815 -0.0228218 0.0300215 0.000121296 0.099794
-0.0456549 0.0355815 -0.0406253 0.0405496 7.24908e-05 0.0540557
-0.0228853 0.00545744 -0.0198871 0.00459629 7.23995e-05 0.0297048
-0.024861 0.00766809 -0.0228853 0.00545744 0.000279439 0.209816
-0.0275275 0.00679075 -0.0258088 0.00629711 7.04549e-05 0.0228373
-0.0275275 0.00679075 -0.0262868 0.00560566 9.71463e-05 0.0288288
-0.0320246 0.00808241 -0.0305216 0.00765072 6.64503e-05 0.0202699
-0.0320246 0.00808241 -0.0307483 0.00922386 0.000165669 0.108715
-0.0128852 -0.00573227 -0.000285636 -0.00896189 2.30968e-05 0.00302598
-0.015546 -0.00275501 -0.0128852 -0.00573227 0.000264002 0.0726613
-0.0343629 -0.000226973 -0.0309279 -0.00110746 2.26532e-05 0.00115781
-0.039767 0.00115824 -0.0354497 5.1619e-05 2.32145e-05 0.00287094
-0.039767 0.00115824 -0.0320246 0.00808241 0.000166132 0.108307
0.0485023 0.0126538 0.0487448 0.0137711 7.96811e-05 0.0186184
0.0436595 0.0185545 0.0487448 0.0137711 7.6009e-05 0.0567981
-0.0496576 -0.0281995 -0.0455004 -0.0221862 4.9259e-05 0.00630013
-0.0496576 -0.0281995 -0.0480626 -0.0296929 0.000101477 0.032454
0.00781914 0.0362525 0.0120593 0.0412562 0.000231543 0.152181
0.0103954 0.0460197 0.0120593 0.0412562 0.000262014 0.0415124
-0.00627716 0.00501956 0.00749381 0.000868339 0.000261212 0.408939
0.00749381 0.000868339 0.00773991 0.00250792 9.28361e-05 0.0313017
0.0147674 -0.00132426 0.0187637 -0.00252893 0.000258743 0.412161
0.017402 -0.00131493 0.0187637 -0.00252893 0.000162132 0.0945807
0.0259314 -0.00468961 0.0283644 -0.00542305 0.000258328 0.40041
0.0283644 -0.00542305 0.0260859 0.00110009 0.000284792 0.0230011
0.0283644 -0.00542305 0.0292206 -0.00568115 0.00025825 0.179734
0.0292206 -0.00568115 0.0290883 -0.00593867 3.70387e-05 0.00836144
0.0292206 -0.00568115 0.0313759 -0.00633085 0.000258115 0.178193
0.0313759 -0.00633085 0.0311641 -0.00675996 8.01348e-05 0.108814
0.0313759 -0.00633085 0.0435821 -0.0100104 0.000257622 0.140145
0.0435821 -0.0100104 0.0432496 -0.0115417 7.93591e-05 0.476168
0.0158301 -0.0235104 0.0179489 -0.0179983 6.6695e-05 0.0433048
0.0158301 -0.0235104 0.0170303 -0.0247483 0.000242819 0.00276897
0.00744961 -0.0453126 0.0111578 -0.0356656 6.46774e-05 0.00082685
0.00744961 -0.0453126 0.00850765 -0.0459855 2.93384e-05 0.00147445
-0.0488104 -0.00692954 -0.0487472 -0.00687306 0.000167826 0.1097
-0.0488104 -0.00692954 -0.0436847 -0.0126466 4.8506e-05 0.00770142
-0.00300402 -0.016789 0.00371497 -0.0243073 0.000261231 0.0666802
0.00371497 -0.0243073 0.00387531 -0.023239 8.98212e-05 0.0697745
0.00371497 -0.0243073 0.00595249 -0.026811 0.000256866 0.044941
0.00595249 -0.026811 0.00741981 -0.0269428 0.000100662 0.126946
-0.00187863 -0.00524458 0.00239031 -0.00964781 0.000249167 0.0167323
-0.00187863 -0.00524458 -0.00358144 -0.00127101 0.00011637 0.0226574
-0.00550027 -0.00150901 -0.00187863 -0.00524458 0.000266316 0.0172032
-0.00550027 -0.00150901 -0.00358144 -0.00127101 9.29303e-05 0.0379482
0.0450408 -0.0429945 0.0446417 -0.0371126 0.000422342 0.00191174
0.0446417 -0.0371126 0.05 -0.0385058 4.69991e-05 0.0530569
0.0446417 -0.0371126 0.0441759 -0.0302466 0.000434588 0.00352916
0.0441759 -0.0302466 0.05 -0.0307701 0.000107827 0.264136
-0.0312417 -0.0419235 -0.0207753 -0.0381995 0.00029714 0.291729
-0.0332804 -0.0406268 -0.0312417 -0.0419235 0.000119121 0.0460478
-0.0332804 -0.0406268 -0.0208395 -0.0381279 0.000127675 0.0568233
-0.048906 -0.0306882 -0.0429602 -0.03447 0.000132277 0.0536597
-0.04959 -0.0314953 -0.048906 -0.0306882 0.000268761 0.204345
0.0203295 0.00450413 0.0209244 0.00482588 0.000510435 0.25023
0.0180793 0.00583476 0.0203295 0.00450413 0.00028421 0.505301
0.00116224 -0.0413141 0.00744961 -0.0453126 2.94639e-05 0.00328323
0.00233931 -0.0334722 0.00116224 -0.0413141 8.31211e-05 2.04159e-05
-0.0229115 -0.0260041 -0.0172736 -0.0295896 2.97211e-05 0.00321987
-0.0237386 -0.0241422 -0.0229115 -0.0260041 0.000358935 9.07772e-05
-0.0261849 -0.0239223 -0.0229115 -0.0260041 3.13067e-05 0.00201602
-0.0261849 -0.0239223 -0.0237386 -0.0241422 0.000109425 0.0388935
-0.0372237 -0.016902 -0.0261849 -0.0239223 3.02402e-05 0.00179946
-0.0385093 -0.0184192 -0.0372237 -0.016902 0.000253002 0.203286
-0.0400859 -0.0150818 -0.0372237 -0.016902 2.94355e-05 0.00308844
-0.0400859 -0.0150818 -0.0364765 -0.0160203 4.5754e-05 0.00885684
-0.0404352 -0.0148596 -0.0400859 -0.0150818 2.94349e-05 0.00299486
-0.0404352 -0.0148596 -0.0336164 -0.00499634 4.89092e-05 0.00802839
-0.043752 -0.0127503 -0.0433793 -0.0129873 2.94034e-05 0.0033121
-0.043752 -0.0127503 -0.0436847 -0.0126466 6.21655e-05 0.011059
-0.0360532 0.0149344 -0.0346169 0.0135625 9.41585e-05 0.0340621
-0.0360532 0.0149344 -0.0286934 0.0119564 8.49602e-05 0.0361573
-0.0381487 0.0169361 -0.0360532 0.0149344 9.44336e-05 0.0343587
-0.0381487 0.0169361 -0.0290135 0.0123146 3.14647e-05 0.00476286
-0.0448113 0.0233 -0.0381487 0.0169361 9.46603e-05 0.0342648
-0.0448113 0.0233 -0.0355598 0.0196396 0.00011544 0.0669985
-0.0374354 0.0154937 -0.0360532 0.0149344 8.48566e-05 0.035761
-0.0374354 0.0154937 -0.0357353 0.0138996 0.000133806 0.0692633
0.00544336 0.0312887 0.00770911 0.0300349 0.000127889 0.249502
0.0113219 0.0263719 0.0162766 0.0213483 0.000644769 0.0800828
0.0162766 0.0213483 0.0193919 0.0202638 0.00027213 0.530042
0.0162766 0.0213483 0.0173765 0.0202331 0.000634597 0.0303849
0.0173765 0.0202331 0.019591 0.0196938 0.000147578 0.232039
-0.00346 0.0493795 -0.00309095 0.0493605 3.09802e-05 0.00109746
-0.00330532 0.049618 -0.00309095 0.0493605 2.62861e-05 0.000818452
0.000327051 0.0491842 0.00371968 0.0490092 3.09286e-05 0.00129235
0.0169823 0.0483251 0.0429283 0.0469867 3.09266e-05 0.00866653
0.0260859 0.00110009 0.0311627 -0.00190211 0.000251242 0.117997
0.0292206 -0.00568115 0.0311627 -0.00190211 3.56027e-05 0.00315491
0.0311627 -0.00190211 0.0330199 -0.00300032 0.000250869 0.115089
0.0313759 -0.00633085 0.0330199 -0.00300032 7.99643e-05 0.0146324
0.0330199 -0.00300032 0.0437291 -0.00933319 0.000247444 0.0770705
0.0437291 -0.00933319 0.0435821 -0.0100104 7.50166e-05 0.0224471
-0.0478601 0.0334032 -0.0456549 0.0355815 8.37377e-05 0.0486232
-0.05 0.0357977 -0.0478601 0.0334032 0.000292347 0.313045
-0.0496305 -0.0218149 -0.0445168 -0.0139297 6.2625e-05 0.010568
-0.0496305 -0.0218149 -0.0455004 -0.0221862 9.80403e-05 0.0435125
-0.0313319 0.0492653 -0.0228246 0.0430204 5.03931e-05 0.0114753
-0.0228246 0.0430204 -0.0228816 0.0437668 7.56321e-05 0.0218453
-0.0228816 0.0437668 -0.0246774 0.0479573 0.000109499 0.0173817
-0.0228816 0.0437668 -0.0231368 0.0471047 7.50939e-05 0.0166862
-0.0124993 0.035441 -0.0079627 0.0321109 5.15641e-05 0.00752464
-0.0079627 0.0321109 -0.00466419 0.0368821 5.05426e-05 0.0131268
0.00367248 0.0235701 0.00870661 0.0198747 6.34589e-05 0.0189226
0.00794775 0.022529 0.00870661 0.0198747 2.56803e-05 0.00104804
0.00870661 0.0198747 0.0101839 0.0187903 6.07672e-05 0.0197185
0.0101839 0.0187903 0.0106464 0.0218719 0.000105484 0.00649851
0.0179605 0.0243618 0.0181373 0.0238556 0.000302054 0.149272
0.0175072 0.0246126 0.0181373 0.0238556 3.28315e-05 0.00260072
0.0181373 0.0238556 0.0193919 0.0202638 0.000301613 0.149381
0.0193919 0.0202638 0.0218346 0.0194136 0.000250556 0.501671
0.0193919 0.0202638 0.019591 0.0196938 0.000365017 0.174234
0.019591 0.0196938 0.0221123 0.0190799 0.000156223 0.203716
0.0315732 0.00308933 0.0331377 0.0019409 6.01732e-05 0.0299965
0.0325092 0.000717867 0.0331377 0.0019409 3.53415e-05 0.00655144
0.0331377 0.0019409 0.0348415 0.000690202 5.81305e-05 0.0291034
0.0345057 9.88431e-06 0.0348415 0.000690202 7.85414e-05 0.0366137
0.0394415 -0.00174035 0.0449531 -0.0036948 0.000137667 0.264886
0.0358009 0.00263369 0.0394415 -0.00174035 2.89478e-05 0.0080657
-0.0235794 0.0352221 -0.0221296 0.0339296 0.000157749 0.0651678
-0.0221296 0.0339296 -0.0221915 0.034739 7.74872e-05 0.0152373
-0.0221296 0.0339296 -0.0166485 0.0290429 0.000170071 0.080135
-0.0166485 0.0290429 -0.0166024 0.029114 7.59101e-05 0.0298269
-0.0184557 0.0334386 -0.0224412 0.042739 0.00011019 0.0122988
-0.0184557 0.0334386 -0.0146557 0.0321158 0.000204784 0.196918
-0.0166024 0.029114 -0.0184557 0.0334386 0.000109292 0.000966918
-0.0166024 0.029114 -0.0146557 0.0321158 7.04789e-05 0.0267622
0.0253428 -0.00839457 0.0270459 -0.00991294 0.000158343 0.115284
0.0267548 -0.0104793 0.0270459 -0.00991294 3.3855e-05 0.00962946
0.0288249 -0.011499 0.0312384 -0.0136508 0.000153367 0.143108
0.0306862 -0.0120701 0.0312384 -0.0136508 0.000282557 0.159133
0.0365775 -0.0184109 0.0399979 -0.0214604 0.000160152 0.301428
0.0399979 -0.0214604 0.0411596 -0.021169 0.000104285 0.193414
0.0399979 -0.0214604 0.0409182 -0.0222809 0.000156295 0.31744
0.0407652 -0.0229858 0.0409182 -0.0222809 7.62752e-05 0.0556627
0.0409182 -0.0222809 0.0429468 -0.0240894 0.000156235 0.331265
0.0429468 -0.0240894 0.0446821 -0.0249673 3.32507e-05 0.0186939
0.0441792 -0.0250683 0.0456829 -0.0254736 2.36972e-05 0.0109074
0.0441792 -0.0250683 0.0446821 -0.0249673 0.000116381 0.268606
-0.000285636 -0.00896189 -0.00187863 -0.00524458 0.00010776 0.0206417
-0.000285636 -0.00896189 0.00239031 -0.00964781 2.30374e-05 0.00169888
0.034296 -0.0224044 0.0352305 -0.0226563 2.27985e-05 0.0098602
0.0331542 -0.0191354 0.034296 -0.0224044 0.000264299 0.0702399
0.0196669 -0.0184613 0.0222895 -0.0191682 2.2574e-05 0.000988417
0.0196669 -0.0184613 0.0188582 -0.0156327 2.15099e-05 0.00383198
0.0179489 -0.0179983 0.0196669 -0.0184613 2.25561e-05 0.000227848
0.0179489 -0.0179983 0.0188582 -0.0156327 6.66986e-05 0.0441708
0.0051786 -0.0145562 0.00784604 -0.0152752 2.28243e-05 0.00153616
0.0051786 -0.0145562 0.00544276 -0.0127963 8.54529e-05 0.0310578
0.00741981 -0.0269428 0.00765677 -0.0274958 0.000108473 0.0395926
0.00765677 -0.0274958 0.00861096 -0.0277439 4.73331e-05 0.0108586
0.0210549 -0.0233163 0.0234044 -0.0224804 0.000276764 0.0396898
0.0210549 -0.0233163 0.0207342 -0.0221945 2.18893e-05 0.00741815
0.00862282 -0.0277397 0.00866106 -0.0277261 0.000294597 0.318361
0.00862282 -0.0277397 0.00863331 -0.0277497 0.000101316 0.0283818
0.00861096 -0.0277439 0.00862282 -0.0277397 0.000295123 0.316677
0.00861096 -0.0277439 0.00863331 -0.0277497 5.03126e-05 0.00941375
0.00787526 -0.0280057 0.00846053 -0.0293714 0.000114403 0.018752
0.00846053 -0.0293714 0.00994201 -0.0289998 0.000102906 0.0402702
0.00959347 -0.0320152 0.0111578 -0.0356656 0.000110614 0.0129851
0.0111578 -0.0356656 0.0127054 -0.0316394 6.90456e-05 0.00847325
0.00850765 -0.0459855 0.011015 -0.0475801 2.93384e-05 0.00116799
-0.0092509 -0.0106669 -0.00822913 -0.0109423 2.34219e-05 0.00208982
-0.0092509 -0.0106669 -0.00395127 -0.015729 9.87649e-05 0.0144041
-0.00964767 -0.0105599 -0.0092509 -0.0106669 2.38854e-05 0.00163872
-0.00964767 -0.0105599 -0.00300402 -0.016789 0.000141318 0.029584
-0.0192896 -0.00321934 -0.0194296 -0.00138849 8.1451e-05 0.00868609
-0.0192896 -0.00321934 -0.0176886 -0.00302077 0.000103055 0.0394899
-0.0192217 -0.00410808 -0.0192896 -0.00321934 7.34357e-05 0.00687374
-0.0192217 -0.00410808 -0.0155158 -0.00505798 2.27746e-05 0.00153023
-0.0277213 -0.00568841 -0.0189195 -0.00806083 2.29718e-05 0.00157093
-0.0304868 -0.00895197 -0.0277213 -0.00568841 0.000249914 0.21261
-0.0263736 -0.00409799 -0.0215804 -0.00350347 0.000105743 0.0405156
-0.0277213 -0.00568841 -0.0263736 -0.00409799 0.000249674 0.212804
-0.0325101 -0.00439765 -0.0313376 -0.00471369 2.26416e-05 0.00151563
-0.032781 -0.00378792 -0.0325101 -0.00439765 0.00036769 0.00123788
-0.0174246 0.0184246 -0.0140892 0.0232492 5.42212e-05 0.0166454
-0.0174246 0.0184246 -0.0110535 0.0161654 0.000139802 0.112076
-0.024861 0.00766809 -0.023557 0.00955423 5.53211e-05 0.0168113
-0.0281347 0.0113313 -0.024861 0.00766809 0.000280158 0.21062
-0.0258088 0.00629711 -0.024861 0.00766809 5.30817e-05 0.0104374
-0.0258088 0.00629711 -0.0228853 0.00545744 6.90197e-05 0.0221476
-0.0262868 0.00560566 -0.0258088 0.00629711 5.10895e-05 0.00927113
-0.0262868 0.00560566 -0.0217903 0.00131067 9.6505e-05 0.0283166
-0.0309279 -0.00110746 -0.0265237 0.00526295 4.88309e-05 0.00556735
-0.0309279 -0.00110746 -0.0251044 -0.00260018 2.26537e-05 0.00175767
-0.032781 -0.00378792 -0.0309279 -0.00110746 4.88324e-05 0.00584547
-0.0343629 -0.000226973 -0.032781 -0.00378792 0.000358248 0.000417625
-0.0374684 -0.00306119 -0.0330937 -0.00424034 2.28443e-05 0.00281758
-0.0374684 -0.00306119 -0.0354497 5.1619e-05 6.37262e-05 0.0123169
0.0232593 0.00919225 0.0241711 0.00658176 0.000344329 0.191955
0.0241711 0.00658176 0.0256937 0.00740522 0.000525302 0.333435
0.0260267 0.00301657 0.027312 0.0025608 0.000151064 0.210771
0.0260267 0.00301657 0.0272691 0.00624878 7.4178e-05 0.00162077
0.0283644 -0.00542305 0.0284573 -0.00568901 0.000286193 0.17635
0.0284573 -0.00568901 0.0290883 -0.00593867 0.00012638 0.0839813
0.0270459 -0.00991294 0.0275068 -0.0090161 3.6513e-05 0.00610643
0.0275068 -0.0090161 0.0297346 -0.00965597 7.0206e-05 0.0348385
0.034296 -0.0224044 0.0344522 -0.0228515 0.000264175 0.0702649
0.0344522 -0.0228515 0.0352305 -0.0226563 9.89184e-05 0.218068
0.0401368 -0.0258803 0.0440694 -0.0250904 0.000117696 0.318937
0.0392844 -0.029807 0.0401368 -0.0258803 8.00134e-05 0.0391006
-0.0355098 -0.0414455 -0.0336307 -0.0427735 0.000288889 0.265062
-0.0355098 -0.0414455 -0.0339645 -0.0428923 0.000110563 0.0418401
-0.035836 -0.0411401 -0.0332804 -0.0406268 0.000121125 0.0484486
-0.035836 -0.0411401 -0.0355098 -0.0414455 0.000111217 0.0366504
-0.0366005 -0.0406747 -0.0359186 -0.0411567 0.000290906 0.267796
-0.0366005 -0.0406747 -0.0363896 -0.0406218 0.000106472 0.0359906
0.0115525 0.027908 0.00770911 0.0300349 0.000119373 0.00369
0.0119076 0.030274 0.0115525 0.027908 0.000112287 0.06861
0.0175072 0.0246126 0.0179605 0.0243618 0.00012535 0.0454257
0.017648 0.0252564 0.0179605 0.0243618 0.000299931 0.167985
-0.00126987 0.0417919 0.00223883 0.0387251 0.000165004 0.0141238
0.00223883 0.0387251 0.00309769 0.0394932 0.000163346 0.0853002
0.00367658 0.0374684 0.00664838 0.0348709 0.000172291 0.0726241
0.00498158 0.0329039 0.00664838 0.0348709 0.000259587 0.249973
0.0119076 0.030274 0.015165 0.0274268 0.000204381 0.168926
0.0120432 0.0311774 0.015165 0.0274268 2.63026e-05 0.00250404
0.015165 0.0274268 0.017648 0.0252564 0.000203868 0.169164
0.0131062 0.0382591 0.017648 0.0252564 0.000269368 0.169727
0.0317427 0.0167348 0.0354949 0.0146584 0.000109028 0.125354
0.0354949 0.0146584 0.0390393 0.0134246 0.000243795 0.747658
0.0366047 0.00868707 0.0343745 0.00434743 3.59208e-05 0.000941761
0.0333401 0.0115405 0.0366047 0.00868707 0.00020417 0.708769
0.0363161 0.00367761 0.0381305 0.00735337 8.11503e-05 0.00380481
0.0366047 0.00868707 0.0381305 0.00735337 0.000204158 0.700884
0.0458809 0.000579001 0.0468369 0.00498253 8.86137e-05 0.0341957
0.0468369 0.00498253 0.05 0.00537486 0.000117695 0.258668
0.00340241 -0.0263896 0.0045319 -0.0266833 4.76077e-05 0.0037186
0.00340241 -0.0263896 0.00371497 -0.0243073 8.5565e-05 0.00458301
-0.0168058 -0.0357093 -0.0167256 -0.0367587 7.98996e-05 0.00498348
-0.0167256 -0.0367587 -0.00984838 -0.0343117 0.000297612 0.298637
-0.0166847 -0.0372934 -0.0167256 -0.0367587 7.77394e-05 0.0019568
-0.0166847 -0.0372934 -0.00792624 -0.0355342 0.000118745 0.0496218
0.0198986 0.0232893 0.0257193 0.0182016 0.000175872 0.179381
0.0257193 0.0182016 0.0313377 0.0168335 0.000124951 0.193451
0.031091 0.0161914 0.0354949 0.0146584 0.000247101 0.760125
0.031091 0.0161914 0.0313377 0.0168335 8.07398e-05 0.0710119
0.0443843 -0.00631477 0.0449531 -0.0036948 7.45713e-05 0.18051
0.0449531 -0.0036948 0.05 -0.00548444 0.000135115 0.350956
0.0209244 0.00482588 0.0253302 0.00326358 0.000149422 0.037219
0.0209244 0.00482588 0.0241711 0.00658176 0.000508753 0.277038
0.0180793 0.00583476 0.0209244 0.00482588 0.000149387 0.125708
0.0116303 0.00964834 0.0180793 0.00583476 0.000286847 0.492267
0.00870661 0.0198747 0.00978205 0.0161131 2.32636e-05 0.00126729
0.00978205 0.0161131 0.0101839 0.0187903 8.75163e-05 0.00176688
0.00978205 0.0161131 0.0116303 0.00964834 2.19567e-05 0.00121554
0.00904148 0.0111793 0.0116303 0.00964834 0.000287408 0.491175
0.00873655 0.00914773 0.0121161 0.00794934 0.00014272 0.148357
0.00873655 0.00914773 0.00904148 0.0111793 9.3852e-05 0.0423044
0.0036393 0.0109552 0.00873655 0.00914773 0.000143186 0.142165
-0.0061909 0.0197194 0.0036393 0.0109552 0.00016598 0.113647
-0.0198142 0.00364269 -0.0191786 0.00439278 0.000247079 0.368442
-0.0191786 0.00439278 -0.00570439 0.000522754 7.17912e-05 0.0291543
-0.0168351 0.00715826 -0.0161305 0.00798981 0.000246683 0.370265
-0.0202413 0.009229 -0.0161305 0.00798981 0.000271147 0.419301
-0.0136158 0.0109574 -0.0104318 0.0147147 0.000254445 0.386561
-0.0110535 0.0161654 -0.0104318 0.0147147 0.000117593 0.0112254
-0.0195985 0.0191954 -0.0174246 0.0184246 0.000140095 0.111873
-0.0195985 0.0191954 -0.0143597 0.0238806 0.000184297 0.221878
-0.0210423 0.0197074 -0.0195985 0.0191954 0.000144314 0.125289
-0.0210423 0.0197074 -0.0212174 0.0219977 8.33882e-05 0.0121963
-0.0223923 0.0201861 -0.0210423 0.0197074 0.000144532 0.12779
-0.0223923 0.0201861 -0.0212174 0.0219977 7.20565e-05 0.0307619
-0.0409862 -0.0156566 -0.0385093 -0.0184192 4.72413e-05 0.00611577
-0.0409862 -0.0156566 -0.0405122 -0.0149709 4.9118e-05 0.00729816
0.0280288 -0.0477092 0.0291917 -0.0473869 9.38443e-05 0.000246686
0.0295304 -0.047293 0.0358697 -0.0455362 9.67194e-05 0.0714251
0.0387482 0.0128581 0.0390393 0.0134246 4.2344e-05 0.0268223
0.0390393 0.0134246 0.0408212 0.0128043 0.000243691 0.750314
0.041579 0.0143397 0.0485023 0.0126538 0.000126857 0.212592
0.0408212 0.0128043 0.041579 0.0143397 9.26056e-05 0.0596016
0.00945447 0.0487133 0.0117214 0.0485964 3.09266e-05 0.00087578
0.0124794 0.0478835 0.0142945 0.0461761 7.21898e-05 0.0256828
0.0146352 0.0484461 0.0142945 0.0461761 8.30702e-05 0.00813785
0.0142945 0.0461761 0.0350957 0.0266099 7.22675e-05 0.0391699
0.0350957 0.0266099 0.0385714 0.0356521 6.4657e-05 0.00936816
0.0148086 0.049601 0.0169823 0.0483251 3.56763e-05 0.0112591
0.0146352 0.0484461 0.0169823 0.0483251 3.09266e-05 0.00845407
0.0169823 0.0483251 0.0385714 0.0356521 3.56763e-05 0.0110749
0.0385714 0.0356521 0.0429283 0.0469867 6.4639e-05 0.00605107
-0.0323158 -0.00483502 -0.0313376 -0.00471369 9.43853e-05 0.0324059
-0.0325101 -0.00439765 -0.0323158 -0.00483502 0.000365231 0.00129225
-0.0336164 -0.00499634 -0.0323158 -0.00483502 9.51404e-05 0.0465772
-0.0336164 -0.00499634 -0.0330937 -0.00424034 5.03326e-05 0.0114788
-0.0391701 -0.00568519 -0.0336164 -0.00499634 9.55624e-05 0.0483084
-0.0391701 -0.00568519 -0.0374684 -0.00306119 6.42298e-05 0.0122754
0.0108513 0.0232368 0.0162766 0.0213483 0.000278706 0.401455
0.0108513 0.0232368 0.0113219 0.0263719 0.000125586 0.140926
0.00740212 0.0244375 0.0108513 0.0232368 0.000282346 0.443033
0.00740212 0.0244375 0.00544336 0.0312887 2.28829e-05 0.000622885
-0.00592698 0.0200308 -0.00179886 0.0249024 0.000294892 0.41483
-0.00179886 0.0249024 0.00367248 0.0235701 0.000150125 0.125045
-0.00179886 0.0249024 -0.000396682 0.0265571 0.000304501 0.4523
-0.00193877 0.027689 -0.000396682 0.0265571 6.37977e-05 0.0156688
-0.0431173 0.0420233 -0.0401716 0.0409978 0.000192714 0.203208
-0.0321437 0.0489277 -0.0313319 0.0492653 3.46558e-05 0.00298708
-0.0321437 0.0489277 -0.0316015 0.0494632 7.23239e-05 0.00656431
-0.0367862 0.0469967 -0.0321437 0.0489277 3.30736e-05 0.0013937
0.0147674 -0.00132426 0.0144284 -0.000138394 2.2337e-05 0.000304159
0.00929331 0.000325885 0.0147674 -0.00132426 0.000259064 0.411628
0.0220085 -0.00743691 0.0253428 -0.00839457 6.64506e-05 0.0347129
0.0220085 -0.00743691 0.0225854 -0.0059362 6.63402e-05 0.029395
0.0161591 -0.00619204 0.0160235 -0.00571791 2.18271e-05 0.00116409
0.0161591 -0.00619204 0.0216353 -0.00840786 8.61816e-05 0.0444987
0.0176116 -0.0112726 0.0161591 -0.00619204 2.14958e-05 0.00206179
0.0176116 -0.0112726 0.0200584 -0.0125104 3.12322e-05 0.00460944
0.0194753 -0.0140272 0.0242964 -0.0152629 2.31608e-05 0.00267305
0.0194753 -0.0140272 0.0200584 -0.0125104 6.63946e-05 0.0451175
0.0210549 -0.0233163 0.0217653 -0.025801 2.1701e-05 0.00615935
0.0217653 -0.025801 0.0216341 -0.0260669 7.35554e-05 0.046089
0.0218274 -0.0260184 0.0224787 -0.0282964 2.30535e-05 0.00237048
0.0224787 -0.0282964 0.0263675 -0.0286459 0.00010703 0.16492
0.0227844 -0.0293656 0.0224787 -0.0282964 2.42762e-05 0.00257754
0.0227844 -0.0293656 0.0263675 -0.0286459 0.000122971 0.252704
0.0237512 -0.0316807 0.0361102 -0.0444284 0.000249643 0.160788
0.0237512 -0.0316807 0.0380694 -0.0354037 4.77864e-05 0.0326622
0.0234218 -0.031595 0.0233188 -0.0312346 2.13905e-05 4.4861e-05
0.0234218 -0.031595 0.0237512 -0.0316807 4.71405e-05 0.0109235
0.0273164 -0.0452172 0.0234218 -0.031595 2.14092e-05 0.000415797
0.0273164 -0.0452172 0.0295304 -0.047293 0.000137314 0.0378852
-0.0113401 0.0272257 -0.0107736 0.0270877 0.000136073 0.0995314
-0.0113401 0.0272257 -0.00925826 0.030237 5.58825e-05 0.0160565
-0.0158391 0.0283212 -0.0113401 0.0272257 0.000132333 0.0930361
-0.0165246 0.0289324 -0.0158391 0.0283212 0.000184407 0.0996368
-0.0163121 0.0284364 -0.0158391 0.0283212 0.000177258 0.177435
-0.0163121 0.0284364 -0.0165246 0.0289324 0.000157377 0.00268438
-0.021812 0.0297757 -0.0169423 0.0285899 0.000182095 0.192284
-0.021812 0.0297757 -0.0221296 0.0339296 0.000115715 0.0391412
-0.0431173 0.0420233 -0.0406253 0.0405496 0.000383618 0.596017
-0.0406253 0.0405496 -0.0401716 0.0409978 0.000113772 0.108278
-0.0198871 0.00459629 -0.0191786 0.00439278 7.22273e-05 0.0304203
-0.0198871 0.00459629 -0.0201337 0.00782243 7.99818e-05 0.0113308
-0.0284296 0.00704984 -0.0275275 0.00679075 6.61276e-05 0.0197372
-0.0284296 0.00704984 -0.0265237 0.00526295 0.000134946 0.0565112
-0.0305216 0.00765072 -0.0284296 0.00704984 6.59727e-05 0.019086
-0.0305216 0.00765072 -0.0299729 0.00849686 6.38538e-05 0.011957
-0.0304004 0.00953495 -0.0282489 0.0114591 0.000182908 0.149587
-0.0304004 0.00953495 -0.0297207 0.0088857 0.000103824 0.0331855
-0.0307483 0.00922386 -0.0304004 0.00953495 0.000181272 0.142336
-0.0307483 0.00922386 -0.0299729 0.00849686 0.000135035 0.0575242
-0.0205196 0.00281026 -0.0196786 0.00186924 0.000263774 0.0872898
-0.0196786 0.00186924 -0.0198142 0.00364269 7.74091e-05 0.0167278
-0.0196786 0.00186924 -0.015546 -0.00275501 0.000263397 0.0855351
-0.015546 -0.00275501 -0.00550027 -0.00150901 9.92834e-05 0.0816656
-0.0354497 5.1619e-05 -0.0343629 -0.000226973 2.32166e-05 0.00757398
-0.0354497 5.1619e-05 -0.0305216 0.00765072 6.32413e-05 0.0106847
0.0474957 0.00801726 0.047993 0.0103078 9.14765e-05 0.0392036
0.047993 0.0103078 0.05 0.0096092 0.000242556 0.774789
0.047993 0.0103078 0.0485023 0.0126538 9.08277e-05 0.0255518
0.0485023 0.0126538 0.05 0.0122891 0.000127755 0.217651
-0.0455004 -0.0221862 -0.0409862 -0.0156566 4.914e-05 0.00689839
-0.0455004 -0.0221862 -0.0419703 -0.0225035 9.79626e-05 0.0432546
-0.0429602 -0.03447 -0.0363896 -0.0406218 0.000120945 0.0417097
-0.0429602 -0.03447 -0.0341654 -0.0400639 0.000126441 0.050711
-0.0480626 -0.0296929 -0.0429602 -0.03447 0.00011947 0.0364826
-0.048906 -0.0306882 -0.0480626 -0.0296929 0.000263551 0.199316
0.00664838 0.0348709 0.00781914 0.0362525 0.000231801 0.152195
0.00425806 0.0405309 0.00781914 0.0362525 2.64316e-05 0.0013521
0.00945447 0.0487133 0.0103954 0.0460197 0.000258062 0.000473555
0.0103954 0.0460197 0.0124794 0.0478835 0.000161201 0.0196408
-0.0161305 0.00798981 -0.00627716 0.00501956 0.000261798 0.40236
-0.00784293 0.00867334 -0.00627716 0.00501956 0.000120523 0.011375
0.00837422 0.00673381 0.00873655 0.00914773 9.48031e-05 0.0505036
0.0036393 0.0109552 0.00837422 0.00673381 0.000164851 0.101873
0.00773991 0.00250792 0.00837422 0.00673381 9.4868e-05 0.0360526
0.00773991 0.00250792 0.0123094 0.00069998 0.000128976 0.0953279
0.0138625 0.00184068 0.0147961 0.00100841 0.000163579 0.0942314
0.0147961 0.00100841 0.0242566 0.00218183 0.00010359 0.0874966
0.0147961 0.00100841 0.017402 -0.00131493 0.000163679 0.0932678
0.017402 -0.00131493 0.023443 -0.00370508 0.000127404 0.0915963
0.0187637 -0.00252893 0.0233622 -0.00391516 0.000258565 0.403336
0.0233622 -0.00391516 0.023443 -0.00370508 7.20516e-05 0.0258266
0.0233622 -0.00391516 0.0259314 -0.00468961 0.000258344 0.401502
0.0259314 -0.00468961 0.0284573 -0.00568901 0.000126282 0.093076
0.0260859 0.00110009 0.025707 0.00218477 0.000267685 0.00546529
0.0254374 0.00148353 0.0260859 0.00110009 0.000247913 0.0990603
0.0287646 -0.00656861 0.0290883 -0.00593867 3.69728e-05 0.00293097
0.0290883 -0.00593867 0.0311641 -0.00675996 0.000125815 0.0876814
0.0266737 -0.015857 0.0288249 -0.011499 7.37029e-05 0.0907272
0.0284509 -0.0111656 0.0288249 -0.011499 0.000155308 0.115559
0.0297346 -0.00965597 0.0297981 -0.00952739 7.73681e-05 0.0248629
0.0287646 -0.00656861 0.0297981 -0.00952739 0.000286002 0.180675
0.0297981 -0.00952739 0.0311641 -0.00675996 7.89239e-05 0.0140526
0.0311641 -0.00675996 0.0432496 -0.0115417 0.000125462 0.16627
0.0409182 -0.0222809 0.0411596 -0.021169 7.68472e-05 0.0273889
0.0411596 -0.021169 0.044282 -0.0203858 0.00010359 0.202022
0.0428417 -0.0134206 0.0421297 -0.0167004 7.53648e-05 0.0233718
0.0428417 -0.0134206 0.05 -0.0154766 6.89465e-05 0.110393
0.0432496 -0.0115417 0.0428417 -0.0134206 7.47407e-05 0.0651775
0.0432496 -0.0115417 0.0497351 -0.0141077 0.000125974 0.426892
0.0202784 -0.0280986 0.0205122 -0.0283397 0.000259036 0.261756
0.0202784 -0.0280986 0.0206162 -0.028129 0.0001068 0.135876
0.0185933 -0.0263604 0.0189592 -0.0267379 0.000258838 0.317752
0.0183164 -0.0268991 0.0185933 -0.0263604 3.46498e-05 0.00100376
0.0170303 -0.0247483 0.0185933 -0.0263604 0.000258942 0.31705
0.0170303 -0.0247483 0.0199569 -0.023707 0.000277074 0.0426516
-0.0433793 -0.0129873 -0.0419318 -0.0146018 4.71642e-05 0.00651192
-0.0433793 -0.0129873 -0.0404352 -0.0148596 2.9395e-05 0.00332594
-0.0436847 -0.0126466 -0.0433793 -0.0129873 4.71965e-05 0.00651549
-0.0436847 -0.0126466 -0.0391701 -0.00568519 6.2665e-05 0.0120249
-0.0128852 -0.00573227 -0.00822913 -0.0109423 0.000263317 0.0727844
-0.00822913 -0.0109423 0.0017112 -0.0136216 2.28269e-05 0.00291779
-0.00822913 -0.0109423 -0.00395127 -0.015729 0.000262534 0.072934
-0.00395127 -0.015729 0.00387979 -0.0232092 9.73018e-05 0.0182437
-0.00395127 -0.015729 -0.00300402 -0.016789 0.000261909 0.0717618
-0.00300402 -0.016789 0.00387531 -0.023239 0.000139758 0.0397604
0.00438304 -0.0198564 0.0051786 -0.0145562 8.56514e-05 0.0309683
0.00438304 -0.0198564 0.0017112 -0.0136216 0.000108945 0.0198597
0.00387979 -0.0232092 0.00438304 -0.0198564 8.59985e-05 0.0406335
0.00387979 -0.0232092 0.00581157 -0.0250544 9.6971e-05 0.0242348
0.00387531 -0.023239 0.00387979 -0.0232092 8.63523e-05 0.0471254
0.00387531 -0.023239 0.00581157 -0.0250544 0.000142755 0.0543215
0.00741981 -0.0269428 0.0078269 -0.0269794 0.00010134 0.0732957
0.00741981 -0.0269428 0.00716424 -0.0263465 0.000108391 0.00974389
0.00239031 -0.00964781 0.00544276 -0.0127963 0.000246952 0.0167869
0.00239031 -0.00964781 0.00578474 -0.0105179 2.34039e-05 0.00267849
-0.00397527 -0.000351996 -0.00358144 -0.00127101 0.000111096 0.00174502
-0.00358144 -0.00127101 -0.00243879 -0.00112928 9.66876e-05 0.0657482
-0.0202296 -0.0380054 -0.0167256 -0.0367587 0.000297855 0.296545
-0.0202296 -0.0380054 -0.0166847 -0.0372934 0.000119865 0.0487103
-0.0207753 -0.0381995 -0.0202296 -0.0380054 0.000296886 0.292982
-0.0207753 -0.0381995 -0.0162276 -0.043272 5.00995e-05 0.00410848
-0.0208395 -0.0381279 -0.0202296 -0.0380054 0.000125907 0.0570577
-0.0208395 -0.0381279 -0.0207753 -0.0381995 5.36503e-05 0.00938708
0.00337395 -0.0265792 0.00340241 -0.0263896 8.90598e-05 0.00296627
0.00337395 -0.0265792 0.0045319 -0.0266833 0.000103866 0.0184329
0.00273943 -0.0308065 0.0028938 -0.0297781 9.0625e-05 0.00375933
0.00273943 -0.0308065 0.00846053 -0.0293714 0.000102193 0.0373923
0.00233931 -0.0334722 0.00273943 -0.0308065 8.75051e-05 0.00308883
0.00233931 -0.0334722 0.00959347 -0.0320152 0.000116906 0.048084
-0.0102404 -0.0340624 -0.00984838 -0.0343117 3.1051e-05 0.00359025
-0.0102404 -0.0340624 -0.00653594 -0.0331332 0.000103253 0.0380748
-0.0172736 -0.0295896 -0.0102404 -0.0340624 2.96464e-05 0.00282839
-0.0176482 -0.0246896 -0.0172736 -0.0295896 7.65554e-05 0.00245063
-0.0261544 -0.0187042 -0.0237386 -0.0241422 0.000361452 0.0008021
-0.0237386 -0.0241422 -0.0176482 -0.0246896 0.000107363 0.0420375
-0.0419703 -0.0225035 -0.0385093 -0.0184192 0.000253423 0.202345
-0.0385093 -0.0184192 -0.0342233 -0.0231998 5.04653e-05 0.00269777
-0.0364765 -0.0160203 -0.0261544 -0.0187042 4.99713e-05 0.00702315
-0.0372237 -0.016902 -0.0364765 -0.0160203 0.000252685 0.203685
-0.0346169 0.0135625 -0.0304004 0.00953495 0.000110865 0.0451406
-0.0357353 0.0138996 -0.0346169 0.0135625 0.000277928 0.398087
-0.0267553 0.0111722 -0.023382 0.00980732 9.75847e-05 0.0498629
-0.0267553 0.0111722 -0.023557 0.00955423 3.62677e-05 0.00632677
-0.0286934 0.0119564 -0.0280045 0.0116777 9.38926e-05 0.0489684
-0.0290135 0.0123146 -0.0286934 0.0119564 0.000278139 0.271075
-0.0268552 0.0112228 -0.0267553 0.0111722 3.69765e-05 0.00642766
-0.0269532 0.0112523 -0.0268552 0.0112228 0.00027122 0.417342
-0.0278717 0.011737 -0.0268552 0.0112228 3.54121e-05 0.00614442
-0.0278717 0.011737 -0.0277797 0.0118787 7.06707e-05 0.0252218
-0.0279142 0.0117585 -0.0278717 0.011737 3.51141e-05 0.0060101
-0.0279142 0.0117585 -0.0277797 0.0118787 0.000183307 0.202199
-0.0290135 0.0123146 -0.0279142 0.0117585 3.60746e-05 0.00691059
-0.0355598 0.0196396 -0.0290135 0.0123146 0.000278157 0.271415
-0.0206601 0.0137445 -0.0205842 0.0137145 0.00012859 0.0904638
-0.0206601 0.0137445 -0.0205938 0.0138404 5.44971e-05 0.0158893
-0.025363 0.0156052 -0.0241497 0.0151252 0.000129223 0.098745
-0.025363 0.0156052 -0.0223923 0.0201861 6.99154e-05 0.0250959
-0.0355598 0.0196396 -0.025363 0.0156052 0.00013009 0.0985186
-0.0423835 0.0272751 -0.0355598 0.0196396 0.000283335 0.284391
-0.0357353 0.0138996 -0.0307483 0.00922386 0.000161135 0.0965567
-0.05 0.0181997 -0.0357353 0.0138996 0.000284484 0.411027
-0.0246774 0.0479573 -0.0231368 0.0471047 0.000100548 0.0189291
-0.00974227 0.0396923 -0.00466419 0.0368821 9.92236e-05 0.0290293
-0.00466419 0.0368821 -0.00126987 0.0417919 5.00498e-05 0.0144373
-0.00167286 0.0352268 0.00419724 0.0319783 0.000100699 0.0410018
-7.21369e-06 0.0270167 0.00419724 0.0319783 0.000271887 0.340785
0.00419724 0.0319783 0.00544336 0.0312887 0.000128632 0.246701
0.00498158 0.0329039 0.00544336 0.0312887 2.52656e-05 0.00636031
0.00770911 0.0300349 0.0113219 0.0263719 0.000629119 0.0514195
0.0115525 0.027908 0.0113219 0.0263719 0.000110947 0.0143105
-0.0103577 0.0497353 -0.00346 0.0493795 3.09266e-05 0.000124862
-0.00346 0.0493795 -0.00330532 0.049618 6.2024e-05 0.000346865
-0.00309095 0.0493605 0.000327051 0.0491842 3.09342e-05 0.00135167
-0.0316015 0.0494632 -0.0313319 0.0492653 5.05354e-05 0.00939454
-0.0224412 0.042739 -0.0124993 0.035441 5.00852e-05 0.00633674
-0.0124993 0.035441 -0.00974227 0.0396923 6.44026e-05 0.0234271
-0.000396682 0.0265571 0.00367248 0.0235701 6.69594e-05 0.01836
0.00367248 0.0235701 0.00794775 0.022529 0.000149121 0.126079
0.00794775 0.022529 0.00740212 0.0244375 2.15896e-05 6.06423e-06
0.00794775 0.022529 0.0106464 0.0218719 0.000148301 0.126593
0.015165 0.0274268 0.0175072 0.0246126 3.02899e-05 0.00343133
0.0115525 0.027908 0.0175072 0.0246126 0.000128645 0.044119
0.0218346 0.0194136 0.0243782 0.0185281 0.000250605 0.501375
0.0181373 0.0238556 0.0218346 0.0194136 2.94067e-05 0.00402829
0.0221123 0.0190799 0.0243782 0.0185281 0.000155787 0.205204
0.0218346 0.0194136 0.0221123 0.0190799 3.4462e-05 0.00487747
0.0232593 0.00919225 0.0256937 0.00740522 6.46747e-05 0.00910068
0.0256937 0.00740522 0.0282438 0.00878432 0.00052457 0.332989
0.0256937 0.00740522 0.0272691 0.00624878 6.18272e-05 0.0172455
0.0282438 0.00878432 0.0272691 0.00624878 8.11001e-05 0.012852
0.0272691 0.00624878 0.0315732 0.00308933 5.99274e-05 0.0371911
0.0315732 0.00308933 0.0338746 0.00337478 0.000113375 0.137355
0.0311627 -0.00190211 0.0325092 0.000717867 3.51857e-05 0.0251793
0.0325092 0.000717867 0.0345057 9.88431e-06 0.000139417 0.191879
0.0330199 -0.00300032 0.0345057 9.88431e-06 7.82507e-05 0.140212
0.0345057 9.88431e-06 0.0369482 -0.000856241 0.00013807 0.252387
0.0299248 0.00969347 0.0343745 0.00434743 3.18162e-05 0.011926
0.0343745 0.00434743 0.0338746 0.00337478 3.58353e-05 0.00135097
0.0350615 0.00352199 0.0358009 0.00263369 3.1221e-05 0.00644881
0.0348415 0.000690202 0.0358009 0.00263369 8.10659e-05 0.0347616
-0.0353736 0.0457372 -0.0235794 0.0352221 0.000150552 0.0301547
-0.0235794 0.0352221 -0.0221915 0.034739 0.000205071 0.204489
-0.0221915 0.034739 -0.0228246 0.0430204 7.7229e-05 0.0199434
-0.0221915 0.034739 -0.0184557 0.0334386 0.000204957 0.202849
-0.0146557 0.0321158 -0.00925826 0.030237 0.000205209 0.198005
-0.0146557 0.0321158 -0.0124993 0.035441 6.52731e-05 0.0241967
0.0225854 -0.0059362 0.0253428 -0.00839457 0.000160034 0.114613
0.0253428 -0.00839457 0.0275068 -0.0090161 7.09236e-05 0.0337587
0.0207342 -0.0221945 0.0222895 -0.0191682 3.37356e-05 0.0144044
0.0247164 -0.0198224 0.0222895 -0.0191682 2.29373e-05 0.00100404
0.0245446 -0.01478 0.0267548 -0.0104793 3.3465e-05 0.0163668
0.0267548 -0.0104793 0.0284509 -0.0111656 8.57471e-05 0.0567041
0.0297981 -0.00952739 0.0298551 -0.00969057 0.000285459 0.183872
0.0298551 -0.00969057 0.0428417 -0.0134206 7.15144e-05 0.0629419
0.0298551 -0.00969057 0.0306862 -0.0120701 0.000285146 0.177731
0.0306862 -0.0120701 0.0421297 -0.0167004 9.33423e-05 0.123236
0.0312384 -0.0136508 0.0365775 -0.0184109 0.000160585 0.300636
0.0365775 -0.0184109 0.0414853 -0.0196689 2.47077e-05 0.00957937
0.0401368 -0.0258803 0.0405268 -0.0240839 7.70977e-05 0.0566426
0.0405268 -0.0240839 0.0439864 -0.0250164 2.39055e-05 0.0116942
0.0405268 -0.0240839 0.0407652 -0.0229858 7.71751e-05 0.0559938
0.0407652 -0.0229858 0.0429468 -0.0240894 3.30573e-05 0.0195709
0.0456829 -0.0254736 0.05 -0.0276576 3.30935e-05 0.0197628
0.0456829 -0.0254736 0.05 -0.0266372 2.35331e-05 0.0108137
0.0446821 -0.0249673 0.0456829 -0.0254736 3.31146e-05 0.0196295
0.0446821 -0.0249673 0.05 -0.0238991 0.000116413 0.268288
0.0352305 -0.0226563 0.0405268 -0.0240839 2.28074e-05 0.010254
0.0352305 -0.0226563 0.0384951 -0.0218374 9.88877e-05 0.218044
0.0325395 -0.0173759 0.0331542 -0.0191354 0.000264622 0.070339
0.0331542 -0.0191354 0.0384951 -0.0218374 3.17793e-05 0.0163482
0.00784604 -0.0152752 0.0179489 -0.0179983 2.23109e-05 0.00282639
0.00784604 -0.0152752 0.0158301 -0.0235104 0.000239372 0.00959887
0.00689861 -0.00309706 0.00699088 -0.00248235 8.58862e-05 0.0473954
0.00689861 -0.00309706 0.0124523 -0.00469219 6.7129e-05 0.0299199
0.00544276 -0.0127963 0.00578474 -0.0105179 8.64983e-05 0.0517216
0.00544276 -0.0127963 0.00784604 -0.0152752 0.000240623 0.00966532
0.0234044 -0.0224804 0.0217653 -0.025801 7.37015e-05 0.0476831
0.0207342 -0.0221945 0.0196669 -0.0184613 2.17093e-05 0.00458781
0.0199569 -0.023707 0.0207342 -0.0221945 3.37712e-05 0.0125303
0.0150887 -0.0254391 0.0170303 -0.0247483 0.000293044 0.318187
0.0150887 -0.0254391 0.0158301 -0.0235104 7.0163e-05 0.0179991
0.00866106 -0.0277261 0.0101681 -0.0271899 0.000293867 0.323507
0.00866106 -0.0277261 0.0087066 -0.0277688 0.000144649 0.057462
0.00863331 -0.0277497 0.00994201 -0.0289998 0.000101341 0.0284725
0.00863331 -0.0277497 0.0087066 -0.0277688 5.00413e-05 0.00926653
0.0141232 -0.0279509 0.0153135 -0.0276524 0.000102776 0.0491119
0.0141232 -0.0279509 0.0142739 -0.0275589 6.99852e-05 0.00775215
0.0100032 -0.0289844 0.0117229 -0.0285531 0.000104 0.0468922
0.0100032 -0.0289844 0.012593 -0.0314127 0.000143273 0.0546429
0.00994201 -0.0289998 0.0100032 -0.0289844 0.000110634 0.0400457
0.00994201 -0.0289998 0.0124898 -0.0314334 9.97378e-05 0.026059
0.00846053 -0.0293714 0.00959347 -0.0320152 0.000111074 0.0164076
0.00959347 -0.0320152 0.0124898 -0.0314334 0.000116539 0.0515489
0.0136947 -0.0290658 0.0141232 -0.0279509 6.91594e-05 0.0102482
0.0136947 -0.0290658 0.0167894 -0.0298705 4.86291e-05 0.011144
0.0127397 -0.0315502 0.0128093 -0.0313692 6.80281e-05 0.0145925
0.0127397 -0.0315502 0.01489 -0.0335663 0.000139511 0.0418956
0.0127054 -0.0316394 0.0127397 -0.0315502 6.91043e-05 0.0105756
0.0127054 -0.0316394 0.014835 -0.0336735 9.76341e-05 0.0201472
-0.0194662 -0.000909324 -0.0196786 0.00186924 7.87481e-05 0.0101568
-0.0194662 -0.000909324 -0.0173055 -0.00297324 0.000101497 0.0154075
-0.0194296 -0.00138849 -0.0194662 -0.000909324 8.09354e-05 0.00995875
-0.0194296 -0.00138849 -0.0176886 -0.00302077 0.000146804 0.0324649
-0.0173055 -0.00297324 -0.015546 -0.00275501 0.00010291 0.0462646
-0.0173055 -0.00297324 -0.0149788 -0.00519563 0.000103335 0.0139294
-0.0176886 -0.00302077 -0.0173055 -0.00297324 0.00010373 0.0446998
-0.0176886 -0.00302077 -0.0155158 -0.00505798 0.00014444 0.0290701
-0.0149788 -0.00519563 -0.0128852 -0.00573227 2.45132e-05 0.00214342
-0.0149788 -0.00519563 -0.0092509 -0.0106669 0.000101011 0.0141815
-0.0155158 -0.00505798 -0.0149788 -0.00519563 2.48419e-05 0.00183944
-0.0155158 -0.00505798 -0.00964767 -0.0105599 0.000143152 0.0292557
-0.0364765 -0.0160203 -0.0304868 -0.00895197 0.000251687 0.204708
-0.0323158 -0.00483502 -0.0304868 -0.00895197 0.00036752 0.00501933
-0.0215804 -0.00350347 -0.0192896 -0.00321934 0.000104726 0.0407954
-0.0215804 -0.00350347 -0.0192217 -0.00410808 2.57701e-05 0.00203223
-0.0132999 0.0243908 -0.0125871 0.0254219 6.32368e-05 0.0203728
-0.0135945 0.024565 -0.0132999 0.0243908 0.000309353 0.449519
-0.0140892 0.0232492 -0.0132999 0.0243908 5.50209e-05 0.0171828
-0.0143597 0.0238806 -0.0140892 0.0232492 0.000118477 0.00894712
-0.0110535 0.0161654 -0.00963023 0.0156607 0.000138677 0.110801
-0.0140892 0.0232492 -0.0110535 0.0161654 0.000112167 0.00906812
-0.0231712 0.0101122 -0.0206601 0.0137445 5.66538e-05 0.0169199
-0.0268552 0.0112228 -0.0231712 0.0101122 0.000271365 0.417046
-0.023382 0.00980732 -0.0231712 0.0101122 5.72386e-05 0.0195554
-0.023382 0.00980732 -0.0201866 0.00851437 9.62317e-05 0.0490528
-0.023557 0.00955423 -0.023382 0.00980732 5.48698e-05 0.0177493
-0.023557 0.00955423 -0.0201337 0.00782243 3.3589e-05 0.00552503
-0.0282489 0.0114591 -0.0281347 0.0113313 0.000280327 0.212447
-0.0281347 0.0113313 -0.0279844 0.0115631 7.02062e-05 0.0248987
-0.0217903 0.00131067 -0.0194662 -0.000909324 0.000101854 0.0152932
-0.0220197 0.00104 -0.0217903 0.00131067 0.00024293 0.224483
-0.0265237 0.00526295 -0.0262868 0.00560566 4.97866e-05 0.00814948
-0.0265237 0.00526295 -0.0220197 0.00104 0.000134703 0.0556193
-0.0251044 -0.00260018 -0.0215804 -0.00350347 2.39067e-05 0.00169452
-0.0263736 -0.00409799 -0.0251044 -0.00260018 0.000247559 0.209674
0.027312 0.0025608 0.0325092 0.000717867 0.00013988 0.186565
0.027312 0.0025608 0.0315732 0.00308933 0.000114167 0.132689
0.0297346 -0.00965597 0.0298551 -0.00969057 6.99666e-05 0.0384845
0.0288998 -0.0113472 0.0297346 -0.00965597 7.74558e-05 0.0280206
0.0380694 -0.0354037 0.0392844 -0.029807 7.50373e-05 0.0830465
0.0392844 -0.029807 0.0441759 -0.0302466 0.000108431 0.248519
-0.0168058 -0.0357093 -0.0102404 -0.0340624 0.000104174 0.0380033
-0.0172736 -0.0295896 -0.0168058 -0.0357093 7.32144e-05 0.00272426
-0.0363896 -0.0406218 -0.0341654 -0.0400639 0.000113821 0.0417835
-0.0363896 -0.0406218 -0.035836 -0.0411401 0.000111909 0.0368221
0.0120432 0.0311774 0.0119076 0.030274 8.34353e-05 0.00127058
0.00664838 0.0348709 0.0119076 0.030274 0.000208401 0.202126
-0.00580815 0.0457587 -0.00126987 0.0417919 0.000165791 0.0104299
-0.00126987 0.0417919 0.000762129 0.0447311 4.94679e-05 0.00245191
0.00425806 0.0405309 0.0103954 0.0460197 0.000163261 0.0852667
0.00203864 0.0431975 0.00425806 0.0405309 2.63395e-05 0.00102851
0.00309769 0.0394932 0.00425806 0.0405309 0.000163327 0.0852853
0.00203864 0.0431975 0.00309769 0.0394932 2.13905e-05 1.97468e-05
0.00223883 0.0387251 0.00367658 0.0374684 0.000172567 0.0724833
0.00309769 0.0394932 0.00367658 0.0374684 2.13905e-05 0.000209512
0.00419724 0.0319783 0.00498158 0.0329039 0.000259861 0.250328
0.00367658 0.0374684 0.00498158 0.0329039 2.13905e-05 8.8226e-06
0.00781914 0.0362525 0.0120432 0.0311774 2.6663e-05 0.00293029
0.0131062 0.0382591 0.0120432 0.0311774 8.40161e-05 0.00111578
0.0120593 0.0412562 0.0131062 0.0382591 0.000269644 0.171016
0.0131062 0.0382591 0.0142945 0.0461761 8.53171e-05 0.00352406
0.0313775 0.0169369 0.0317427 0.0167348 0.000102098 0.107818
0.0317427 0.0167348 0.0397398 0.0147875 0.000123955 0.194043
0.0358009 0.00263369 0.0363161 0.00367761 8.12796e-05 0.0342745
0.0363161 0.00367761 0.0415878 0.00433147 0.000110845 0.167858
0.0045319 -0.0266833 0.00765677 -0.0274958 4.99672e-05 0.0171458
0.0045319 -0.0266833 0.00595249 -0.026811 0.000101375 0.0121811
0.0028938 -0.0297781 0.00787526 -0.0280057 0.000296127 0.307051
0.00337395 -0.0265792 0.0028938 -0.0297781 8.89707e-05 0.0185737
-0.00984838 -0.0343117 -0.00653594 -0.0331332 0.000297167 0.299136
-0.00984838 -0.0343117 -0.00792624 -0.0355342 3.20328e-05 0.00299658
-0.00792624 -0.0355342 0.00233931 -0.0334722 0.000117805 0.0500261
-0.00792624 -0.0355342 0.00116224 -0.0413141 3.00386e-05 0.00316392
0.0313377 0.0168335 0.0317427 0.0167348 0.000127808 0.208998
0.0313377 0.0168335 0.0313775 0.0169369 7.03623e-05 0.0453925
-0.00592698 0.0200308 0.00904148 0.0111793 0.000288673 0.475795
0.00904148 0.0111793 0.00978205 0.0161131 9.33272e-05 0.00162695
-0.0158391 0.0283212 -0.0126117 0.0254439 0.000228219 0.164376
-0.0126117 0.0254439 -0.0125074 0.0255371 0.000246887 0.347639
-0.00774825 0.0211078 -0.0061909 0.0197194 0.000186453 0.128358
-0.00963023 0.0156607 -0.0061909 0.0197194 0.000252092 0.379115
-0.0217903 0.00131067 -0.0205196 0.00281026 0.000242033 0.230169
-0.0228853 0.00545744 -0.0205196 0.00281026 0.000278809 0.208059
-0.0205196 0.00281026 -0.0198142 0.00364269 0.000247237 0.366823
-0.0198142 0.00364269 -0.0198871 0.00459629 8.23496e-05 0.0115708
-0.00416004 7.91886e-05 -0.00070239 -0.000913913 6.9718e-05 0.0280628
-0.00517119 0.00243874 -0.00416004 7.91886e-05 0.000107612 0.000601092
-0.00570439 0.000522754 -0.00416004 7.91886e-05 7.01582e-05 0.0294564
-0.00570439 0.000522754 -0.00397527 -0.000351996 3.40966e-05 0.00580291
-0.017431 0.00645512 -0.0168351 0.00715826 0.000246937 0.369147
-0.0168351 0.00715826 -0.00517119 0.00243874 9.30593e-05 0.0459722
-0.0231712 0.0101122 -0.0202413 0.009229 0.000270933 0.418304
-0.0202413 0.009229 -0.0205842 0.0137145 8.31805e-05 0.00965637
-0.0161305 0.00798981 -0.0136158 0.0109574 0.00025609 0.38929
-0.0136158 0.0109574 -0.00784293 0.00867334 0.000133098 0.0976343
-0.0135945 0.024565 -0.0126117 0.0254439 0.000250328 0.37404
-0.0150123 0.0254034 -0.0135945 0.024565 0.000349602 0.547701
-0.0143597 0.0238806 -0.0135945 0.024565 0.00018478 0.22305
-0.0150123 0.0254034 -0.0143597 0.0238806 0.000150252 0.00921115
-0.0212174 0.0219977 -0.0217839 0.0294078 8.32191e-05 0.0144983
-0.0212174 0.0219977 -0.017901 0.0271116 7.03536e-05 0.0288129
0.0408212 0.0128043 0.047993 0.0103078 0.00024317 0.767629
0.0403972 0.0119455 0.0408212 0.0128043 8.74205e-05 0.106829
0.00371968 0.0490092 0.00945447 0.0487133 3.0945e-05 0.00482441
0.0117214 0.0485964 0.0124794 0.0478835 7.21898e-05 0.000275316
0.0124794 0.0478835 0.0131918 0.0485206 0.000161201 0.00826264
0.0145618 0.0497459 0.0148086 0.049601 3.56763e-05 0.0322186
0.0148086 0.049601 0.0146352 0.0484461 8.30702e-05 0.00900151
0.0131918 0.0485206 0.0146352 0.0484461 3.09266e-05 0.00613426
-0.0061909 0.0197194 -0.00592698 0.0200308 0.000257532 0.390792
-0.00774825 0.0211078 -0.00592698 0.0200308 0.000321703 0.494362
-0.00642169 0.0309798 -0.00193877 0.027689 5.1407e-05 0.00995278
-0.00193877 0.027689 -7.21369e-06 0.0270167 0.000251885 0.318647
-0.0401716 0.0409978 -0.0235794 0.0352221 0.000206976 0.230341
-0.0401716 0.0409978 -0.0353736 0.0457372 7.04298e-05 0.0540247
0.0144284 -0.000138394 0.0141243 0.000925088 2.19473e-05 0.000428834
0.0144284 -0.000138394 0.017402 -0.00131493 0.000126873 0.0925206
0.00749381 0.000868339 0.00929331 0.000325885 0.000260578 0.412666
0.00929331 0.000325885 0.0123094 0.00069998 0.00010375 0.0806089
0.0225854 -0.0059362 0.0233622 -0.00391516 7.16212e-05 0.0181231
0.0187637 -0.00252893 0.0225854 -0.0059362 0.000161938 0.109239
0.0216353 -0.00840786 0.0267548 -0.0104793 8.59176e-05 0.0540111
0.0216353 -0.00840786 0.0220085 -0.00743691 6.62452e-05 0.0337306
0.0267349 -0.015888 0.0331542 -0.0191354 3.17571e-05 0.0148178
0.0267349 -0.015888 0.0325395 -0.0173759 2.30497e-05 0.00920543
0.0200584 -0.0125104 0.0245446 -0.01478 3.16582e-05 0.00314237
0.0200584 -0.0125104 0.0216353 -0.00840786 6.62179e-05 0.0459097
0.026667 -0.0158706 0.0267349 -0.015888 2.31598e-05 0.00958162
0.0247164 -0.0198224 0.026667 -0.0158706 7.37098e-05 0.0980148
0.0242964 -0.0152629 0.026667 -0.0158706 2.29688e-05 0.00287397
0.0222895 -0.0191682 0.0242964 -0.0152629 3.36223e-05 0.0158015
0.0197 -0.0299852 0.0205122 -0.0283397 7.74772e-05 0.0157842
0.0205122 -0.0283397 0.021715 -0.0295804 0.000257117 0.246295
0.0205122 -0.0283397 0.0206162 -0.028129 7.88767e-05 0.0722717
0.0206162 -0.028129 0.0224787 -0.0282964 0.000106948 0.163949
0.0206162 -0.028129 0.0216341 -0.0260669 7.77168e-05 0.0344579
0.0216341 -0.0260669 0.0218274 -0.0260184 0.000102206 0.163387
0.0217653 -0.025801 0.0218274 -0.0260184 2.17783e-05 0.0118413
0.0218274 -0.0260184 0.0344522 -0.0228515 0.000102002 0.165706
0.0263675 -0.0286459 0.0392844 -0.029807 0.000111271 0.214289
0.0263675 -0.0286459 0.0358135 -0.0267486 0.00011869 0.20964
0.0361102 -0.0444284 0.0369058 -0.045249 0.000248684 0.135607
0.0358697 -0.0455362 0.0361102 -0.0444284 7.47027e-05 0.019738
0.0380694 -0.0354037 0.0446417 -0.0371126 4.87998e-05 0.0659828
0.0361102 -0.0444284 0.0380694 -0.0354037 7.60308e-05 0.103783
-0.0107736 0.0270877 -0.00179886 0.0249024 0.000184081 0.185616
-0.0107736 0.0270877 -0.0078143 0.0297343 0.000224685 0.291193
-0.00925826 0.030237 -0.0079627 0.0321109 5.18579e-05 0.013645
-0.00925826 0.030237 -0.0078143 0.0297343 0.000205268 0.198872
-0.0169423 0.0285899 -0.0163121 0.0284364 0.000177173 0.186563
-0.0169423 0.0285899 -0.0166485 0.0290429 9.96845e-05 0.0633449
-0.0201866 0.00851437 -0.0202413 0.009229 8.42543e-05 0.0138073
-0.0201866 0.00851437 -0.0168351 0.00715826 9.42671e-05 0.0473133
-0.0201337 0.00782243 -0.0201866 0.00851437 7.86976e-05 0.0114741
-0.0201337 0.00782243 -0.017431 0.00645512 3.36928e-05 0.00560507
-0.0297207 0.0088857 -0.0281347 0.0113313 6.93772e-05 0.0173013
-0.0297207 0.0088857 -0.0275275 0.00679075 0.000100552 0.030874
-0.0299729 0.00849686 -0.0297207 0.0088857 6.34084e-05 0.0135519
-0.0299729 0.00849686 -0.0284296 0.00704984 0.000135065 0.0568019
-0.0280045 0.0116777 -0.0279142 0.0117585 0.000183109 0.202209
-0.0280045 0.0116777 -0.0279297 0.0116474 9.5129e-05 0.0477495
-0.0280952 0.0115966 -0.0280045 0.0116777 0.000183426 0.201558
-0.0284738 0.0117107 -0.0280952 0.0115966 0.000265638 0.400469
-0.0282489 0.0114591 -0.0280952 0.0115966 0.000196288 0.224869
-0.0284738 0.0117107 -0.0282489 0.0114591 0.00029146 0.261899
-0.0419703 -0.0225035 -0.0342233 -0.0231998 0.000113271 0.0390467
-0.0480626 -0.0296929 -0.0419703 -0.0225035 0.000258537 0.199061
-0.0341654 -0.0400639 -0.0332804 -0.0406268 0.000127936 0.0537131
-0.0341654 -0.0400639 -0.0218692 -0.0369794 0.00010815 0.039722
-0.0104318 0.0147147 -0.00784293 0.00867334 0.000117471 0.0100914
-0.00784293 0.00867334 0.00773991 0.00250792 0.000131068 0.0977306
0.0123094 0.00069998 0.0144284 -0.000138394 0.000127008 0.0924429
0.0123094 0.00069998 0.0141243 0.000925088 0.000105108 0.0848385
0.00837422 0.00673381 0.0138625 0.00184068 0.000163554 0.0943185
0.0138625 0.00184068 0.0121161 0.00794934 2.19218e-05 0.00105229
0.0257784 0.00237058 0.027312 0.0025608 9.51558e-05 0.0988444
0.0257784 0.00237058 0.0260267 0.00301657 6.60676e-05 0.0269398
0.0256477 0.00235438 0.0257784 0.00237058 9.45668e-05 0.0950556
0.0253302 0.00326358 0.0256477 0.00235438 0.000266158 0.0273019
0.0242566 0.00218183 0.0256477 0.00235438 9.25934e-05 0.0207948
0.0203295 0.00450413 0.0242566 0.00218183 0.000237403 0.0669131
0.023443 -0.00370508 0.0259314 -0.00468961 0.000126874 0.0903684
0.023443 -0.00370508 0.0254374 0.00148353 7.17961e-05 0.0287641
0.0256477 0.00235438 0.025707 0.00218477 0.000260655 0.000778616
0.025707 0.00218477 0.0257784 0.00237058 6.78851e-05 0.0323541
0.0242566 0.00218183 0.0254374 0.00148353 0.000246837 0.0932748
0.0254374 0.00148353 0.025707 0.00218477 6.7394e-05 0.00787065
0.026667 -0.0158706 0.0266737 -0.015857 7.36736e-05 0.0959469
0.0266737 -0.015857 0.0267349 -0.015888 3.17801e-05 0.0145011
0.0270459 -0.00991294 0.0284509 -0.0111656 0.000157999 0.116187
0.0284509 -0.0111656 0.0288998 -0.0113472 9.06483e-05 0.0581635
0.0485758 -0.0193087 0.05 -0.0189514 0.000104068 0.207871
0.0485758 -0.0193087 0.05 -0.0198849 9.1103e-05 0.152254
0.044282 -0.0203858 0.0485758 -0.0193087 0.00010373 0.201936
0.044282 -0.0203858 0.05 -0.0218515 2.43633e-05 0.0111885
0.0414853 -0.0196689 0.0421297 -0.0167004 7.76516e-05 0.0166408
0.0421297 -0.0167004 0.0485758 -0.0193087 9.17757e-05 0.158611
0.0189592 -0.0267379 0.0202784 -0.0280986 0.000258355 0.295801
0.0189592 -0.0267379 0.0216341 -0.0260669 0.000104681 0.101557
0.0167894 -0.0298705 0.0178138 -0.0278771 3.52297e-05 0.00320794
0.0178138 -0.0278771 0.0202784 -0.0280986 0.000104847 0.0562175
0.0178138 -0.0278771 0.0183164 -0.0268991 3.55758e-05 0.00144521
0.0183164 -0.0268991 0.0189592 -0.0267379 0.000102022 0.0471136
0.0199569 -0.023707 0.0210549 -0.0233163 0.000276897 0.0407397
0.0199569 -0.023707 0.0185933 -0.0263604 3.36703e-05 0.00337902
0.00581157 -0.0250544 0.00716424 -0.0263465 0.00010022 0.0261208
0.00581157 -0.0250544 0.00714719 -0.0263067 0.000140887 0.0531413
0.0101681 -0.0271899 0.0142739 -0.0275589 0.000105186 0.0494412
0.0101681 -0.0271899 0.0150887 -0.0254391 0.0002931 0.321862
0.0078269 -0.0269794 0.00786874 -0.0269832 0.000101078 0.0658677
0.0078269 -0.0269794 0.00862282 -0.0277397 9.64483e-05 0.0332284
0.00716424 -0.0263465 0.00714719 -0.0263067 0.000112862 0.0109796
0.00716424 -0.0263465 0.0078269 -0.0269794 9.78847e-05 0.0248742
0.00578474 -0.0105179 0.018314 -0.0137295 2.29602e-05 0.00321026
0.00578474 -0.0105179 0.00651414 -0.00565849 8.63647e-05 0.0516739
-0.00416004 7.91886e-05 -0.00397527 -0.000351996 0.000113113 0.00154544
-0.00397527 -0.000351996 -0.00243879 -0.00112928 3.34316e-05 0.00534833
0.00737671 8.81628e-05 0.00929331 0.000325885 9.76094e-05 0.0765223
0.00737671 8.81628e-05 0.00749381 0.000868339 8.87107e-05 0.0407807
-0.00070239 -0.000913913 0.00221908 -0.000551554 9.74066e-05 0.0691175
-0.00070239 -0.000913913 0.00689861 -0.00309706 6.7075e-05 0.0244526
-0.00243879 -0.00112928 -0.00070239 -0.000913913 9.65516e-05 0.0664534
-0.00243879 -0.00112928 0.00651414 -0.00565849 3.17518e-05 0.00376831
-0.00653594 -0.0331332 0.00273943 -0.0308065 0.000103492 0.0376031
-0.00653594 -0.0331332 0.0028938 -0.0297781 0.00029679 0.29965
-0.0176482 -0.0246896 -0.0179426 -0.0208395 7.87903e-05 0.00627491
-0.0176482 -0.0246896 0.00337395 -0.0265792 0.000105444 0.0363346
-0.0304868 -0.00895197 -0.0261544 -0.0187042 0.000366047 0.000635598
-0.0261544 -0.0187042 -0.0179426 -0.0208395 4.56236e-05 0.00643733
-0.0342233 -0.0231998 -0.0218692 -0.0369794 5.05262e-05 0.00582647
-0.0342233 -0.0231998 -0.0261849 -0.0239223 0.000110867 0.0384662
-0.0280952 0.0115966 -0.0279844 0.0115631 0.000271685 0.41794
-0.0279844 0.0115631 -0.0279297 0.0116474 7.27925e-05 0.0263346
-0.0279844 0.0115631 -0.0269532 0.0112523 0.000272466 0.416121
-0.0269532 0.0112523 -0.0267553 0.0111722 9.78445e-05 0.0496465
-0.0277797 0.0118787 -0.025363 0.0156052 7.02742e-05 0.0241697
-0.0277797 0.0118787 -0.0241497 0.0151252 0.000183122 0.202862
-0.0205842 0.0137145 -0.0136158 0.0109574 0.00012839 0.0908224
-0.0205842 0.0137145 -0.0205938 0.0138404 8.20928e-05 0.00944302
-0.0205938 0.0138404 -0.0174246 0.0184246 5.47601e-05 0.0164019
-0.0205938 0.0138404 -0.0209133 0.0180196 7.96566e-05 0.00932701
-0.0241497 0.0151252 -0.0206601 0.0137445 0.000128658 0.0896956
-0.0241497 0.0151252 -0.0209133 0.0180196 0.000183141 0.209503
-0.0231368 0.0471047 -0.00974227 0.0396923 9.98142e-05 0.0316219
-0.00974227 0.0396923 -0.00580815 0.0457587 6.39993e-05 0.0278863
-0.00466419 0.0368821 -0.00167286 0.0352268 9.9027e-05 0.0284899
-0.00167286 0.0352268 0.00223883 0.0387251 0.00016758 0.143878
0.0282438 0.00878432 0.0299248 0.00969347 0.000523893 0.328293
0.0282438 0.00878432 0.0290139 0.0107879 8.0724e-05 0.0203615
0.0338746 0.00337478 0.0350615 0.00352199 0.000112842 0.141488
0.0331377 0.0019409 0.0338746 0.00337478 3.99676e-05 0.0086252
0.0299248 0.00969347 0.0290139 0.0107879 3.24163e-05 0.00326235
0.0299248 0.00969347 0.0333401 0.0115405 0.00052323 0.327781
0.0343745 0.00434743 0.0350615 0.00352199 3.00494e-05 0.0121419
0.0350615 0.00352199 0.0363161 0.00367761 0.000114139 0.141312
-0.0367862 0.0469967 -0.0353736 0.0457372 0.00019161 0.00661283
-0.0353736 0.0457372 -0.0321437 0.0489277 7.35781e-05 0.00723288
0.0247164 -0.0198224 0.034296 -0.0224044 2.26583e-05 0.00982838
0.0234044 -0.0224804 0.0247164 -0.0198224 7.38228e-05 0.101193
0.0242964 -0.0152629 0.0245446 -0.01478 3.35302e-05 0.0157226
0.0245446 -0.01478 0.0266737 -0.015857 3.1539e-05 0.00250326
0.0414853 -0.0196689 0.044282 -0.0203858 2.46505e-05 0.0118408
0.0411596 -0.021169 0.0414853 -0.0196689 7.80819e-05 0.017256
0.0384951 -0.0218374 0.0399979 -0.0214604 9.88328e-05 0.217641
0.0384951 -0.0218374 0.0407652 -0.0229858 3.2173e-05 0.0177576
0.0312384 -0.0136508 0.0325395 -0.0173759 0.000264676 0.0704056
0.0325395 -0.0173759 0.0365775 -0.0184109 2.30573e-05 0.0101301
0.00699088 -0.00248235 0.00737671 8.81628e-05 8.60157e-05 0.0412152
0.00699088 -0.00248235 0.0124523 -0.00469219 8.68111e-05 0.0439728
0.0124523 -0.00469219 0.0160235 -0.00571791 6.70445e-05 0.029976
0.0124523 -0.00469219 0.0161591 -0.00619204 8.65027e-05 0.044115
0.0087066 -0.0277688 0.0100032 -0.0289844 0.000143826 0.0575362
0.0087066 -0.0277688 0.0117229 -0.0285531 4.97936e-05 0.010048
0.0153135 -0.0276524 0.0183164 -0.0268991 0.0001023 0.046823
0.0153135 -0.0276524 0.0178138 -0.0278771 0.000105144 0.0554732
0.0142739 -0.0275589 0.0150887 -0.0254391 6.9297e-05 0.00242318
0.0142739 -0.0275589 0.0153135 -0.0276524 0.000104905 0.0531447
0.0117229 -0.0285531 0.0141232 -0.0279509 0.000103333 0.0472389
0.0117229 -0.0285531 0.0136947 -0.0290658 4.93793e-05 0.0100402
0.012593 -0.0314127 0.0127397 -0.0315502 0.000139426 0.0437993
0.012593 -0.0314127 0.0128093 -0.0313692 0.000119407 0.0688044
0.0124898 -0.0314334 0.0127054 -0.0316394 9.80448e-05 0.0215497
0.0124898 -0.0314334 0.012593 -0.0314127 0.000116987 0.0555076
0.0194191 -0.0305542 0.0234218 -0.031595 4.73873e-05 0.010699
0.0169698 -0.0355163 0.0194191 -0.0305542 7.59815e-05 0.0222089
0.0167894 -0.0298705 0.0183068 -0.030265 4.81416e-05 0.0112857
0.0163886 -0.0306503 0.0167894 -0.0298705 3.5367e-05 0.00323468
0.0128093 -0.0313692 0.0136947 -0.0290658 6.94508e-05 0.0108697
0.0128093 -0.0313692 0.0163886 -0.0306503 0.000118896 0.0711003
0.0169698 -0.0355163 0.0273164 -0.0452172 0.000138073 0.0378242
0.0169039 -0.0356497 0.0169698 -0.0355163 7.54729e-05 0.0146774
0.01489 -0.0335663 0.0169698 -0.0355163 0.000139188 0.0416862
0.014835 -0.0336735 0.01489 -0.0335663 3.4448e-05 0.00327265
0.0169039 -0.0356497 0.0274652 -0.0457378 9.47166e-05 0.0178914
0.0138245 -0.0418884 0.0169039 -0.0356497 7.33944e-05 0.0118125
0.014835 -0.0336735 0.0169039 -0.0356497 9.69149e-05 0.01997
0.0123643 -0.038481 0.014835 -0.0336735 3.3476e-05 0.00242167
-0.0125074 0.0255371 -0.0113401 0.0272257 7.55247e-05 0.0281908
-0.0125074 0.0255371 -0.0107736 0.0270877 0.000246991 0.348402
-0.0125871 0.0254219 -0.0125074 0.0255371 7.8629e-05 0.0299355
-0.0126117 0.0254439 -0.0125871 0.0254219 0.000231839 0.195476
-0.0251044 -0.00260018 -0.0220197 0.00104 0.000247097 0.210064
-0.0220197 0.00104 -0.0194296 -0.00138849 0.000147718 0.0329311
0.0288249 -0.011499 0.0288998 -0.0113472 7.61941e-05 0.0352528
0.0288998 -0.0113472 0.0306862 -0.0120701 8.99868e-05 0.0643218
-0.00580815 0.0457587 -0.0103577 0.0497353 0.000161947 2.38445e-05
-0.00580815 0.0457587 -0.00346 0.0493795 6.26346e-05 0.000824658
0.000762129 0.0447311 0.00135499 0.0455887 4.89897e-05 0.0023032
-0.00309095 0.0493605 0.000762129 0.0447311 2.6297e-05 0.000521002
0.000762129 0.0447311 0.00203864 0.0431975 2.65804e-05 0.000833641
0.00135499 0.0455887 0.00203864 0.0431975 2.14255e-05 0.000249908
0.0198986 0.0232893 0.0313775 0.0169369 0.000101132 0.0916012
0.0313775 0.0169369 0.0350957 0.0266099 6.69215e-05 0.021663
-0.0125871 0.0254219 -0.00774825 0.0211078 0.000228602 0.193582
-0.0132999 0.0243908 -0.00774825 0.0211078 0.000308716 0.449337
-0.00517119 0.00243874 -0.00627716 0.00501956 0.000109957 0.00101953
-0.00517119 0.00243874 0.00221908 -0.000551554 9.17481e-05 0.0447014
-0.0191786 0.00439278 -0.017431 0.00645512 0.000246831 0.369235
-0.017431 0.00645512 -0.00570439 0.000522754 3.29612e-05 0.0052013
-0.017901 0.0271116 -0.0150123 0.0254034 0.000350456 0.546951
-0.0163121 0.0284364 -0.0150123 0.0254034 0.000150431 0.00784287
-0.0217839 0.0294078 -0.021812 0.0297757 0.000108838 0.0254846
-0.0228218 0.0300215 -0.0217839 0.0294078 0.00035577 0.549729
-0.017901 0.0271116 -0.0169423 0.0285899 9.17023e-05 0.0474865
-0.0217839 0.0294078 -0.017901 0.0271116 0.000352878 0.549792
0.0131918 0.0485206 0.0145618 0.0497459 0.000161201 0.0071305
0.0117214 0.0485964 0.0131918 0.0485206 3.09266e-05 0.000233131
-0.0079627 0.0321109 -0.00642169 0.0309798 5.26373e-05 0.00820974
-0.00642169 0.0309798 -0.00167286 0.0352268 0.000168129 0.151186
0.0141243 0.000925088 0.0138625 0.00184068 2.33162e-05 0.000478277
0.0141243 0.000925088 0.0147961 0.00100841 0.000104805 0.0850667
0.0194191 -0.0305542 0.0197 -0.0299852 7.63493e-05 0.0221087
0.0197 -0.0299852 0.021715 -0.0295804 0.000117963 0.0762567
0.021715 -0.0295804 0.0233188 -0.0312346 0.000250158 0.164916
0.021715 -0.0295804 0.0227844 -0.0293656 0.000122949 0.252684
-0.0078143 0.0297343 -0.00642169 0.0309798 0.000168224 0.151573
-0.0078143 0.0297343 -0.00193877 0.027689 0.000253212 0.318904
-0.0279297 0.0116474 -0.0269532 0.0112523 9.61306e-05 0.0485833
-0.0279297 0.0116474 -0.0278717 0.011737 7.08193e-05 0.0252613
-0.0346169 0.0135625 -0.0284738 0.0117107 0.000275794 0.394649
-0.0286934 0.0119564 -0.0284738 0.0117107 0.000276269 0.267387
-0.0218692 -0.0369794 -0.0168058 -0.0357093 0.000105521 0.0394016
-0.0218692 -0.0369794 -0.0208395 -0.0381279 5.24573e-05 0.00824775
0.00786874 -0.0269832 0.00866106 -0.0277261 0.000139838 0.0685919
0.00786874 -0.0269832 0.0101681 -0.0271899 0.000101732 0.0439422
0.00714719 -0.0263067 0.00786874 -0.0269832 0.000141001 0.0525125
0.00714719 -0.0263067 0.00438304 -0.0198564 0.000110686 0.0119414
0.00651414 -0.00565849 0.00689861 -0.00309706 8.61986e-05 0.0514969
0.00651414 -0.00565849 0.0176116 -0.0112726 3.16424e-05 0.00453464
0.00221908 -0.000551554 0.00737671 8.81628e-05 9.93232e-05 0.0759323
0.00221908 -0.000551554 0.00699088 -0.00248235 8.72336e-05 0.0377364
-0.0209133 0.0180196 -0.0210423 0.0197074 8.16153e-05 0.00769925
-0.0209133 0.0180196 -0.0195985 0.0191954 0.000182466 0.210906
0.0290139 0.0107879 0.0303184 0.0141817 7.88206e-05 0.022512
0.0221123 0.0190799 0.0290139 0.0107879 2.78536e-05 0.000897419
0.0183068 -0.030265 0.0194191 -0.0305542 4.92224e-05 0.0103107
0.0183068 -0.030265 0.0197 -0.0299852 0.000118429 0.0720294
0.01489 -0.0335663 0.0163886 -0.0306503 3.43001e-05 0.0045318
0.0163886 -0.0306503 0.0183068 -0.030265 0.00011884 0.071479
0.00135499 0.0455887 0.00371968 0.0490092 4.89082e-05 0.00223523
0.000327051 0.0491842 0.00135499 0.0455887 2.13905e-05 8.6124e-05
