# time=900000
x1 y1 x2 y2 aperture velocity
0.0443843 -0.00631477 0.05 -0.010437 5.44582e-05 0.0858452
0.0440694 -0.0250904 0.05 -0.0303778 0.000166306 0.438274
-0.05 0.000316541 -0.04286 -0.00160796 2.22582e-05 0.0022643
-0.05 -0.0312056 -0.04959 -0.0314953 0.000366845 0.392612
0.0474957 0.00801726 0.05 0.0066314 0.000205486 0.626149
0.0458809 0.000579001 0.05 -0.00302134 0.000247363 0.94549
-0.05 0.0299759 -0.0423835 0.0272751 0.000129534 0.0774603
-0.05 -0.0125039 -0.0445168 -0.0139297 4.557e-05 0.00882788
0.0450408 -0.0429945 0.05 -0.0416201 0.000100237 0.268258
0.0477065 0.0302897 0.05 0.0347524 3.30357e-05 0.00787893
-0.05 -0.043985 -0.0489825 -0.0437807 0.000111544 0.0426956
-0.05 0.0229315 -0.0399407 0.0178426 3.11145e-05 0.00415195
-0.05 0.0272741 -0.046455 0.0239504 0.000136554 0.0654315
-0.05 -0.00702845 -0.0488496 -0.00688577 9.4142e-05 0.0413472
0.0497351 -0.0141077 0.05 -0.014426 3.18091e-05 0.0200997
0.0490599 0.0294953 0.05 0.0313998 7.46032e-05 0.0372808
-0.05 0.025353 -0.046455 0.0239504 0.000117012 0.061239
-0.05 0.0444191 -0.0461801 0.0430894 0.00156016 27.9714
-0.05 0.0366396 -0.0456549 0.0355815 0.000119209 0.0941097
-0.05 0.0132453 -0.0320246 0.00808241 6.46759e-05 0.0191512
-0.05 0.00378124 -0.039767 0.00115824 2.26532e-05 0.00235783
0.0487448 0.0137711 0.05 0.0195529 8.29347e-05 0.0220404
-0.05 -0.0286948 -0.0496576 -0.0281995 4.88291e-05 0.00518016
-0.05 -0.027879 -0.0496576 -0.0281995 0.00010176 0.0288797
-0.05 -0.00799343 -0.0488104 -0.00692954 0.000172285 0.104005
-0.05 -0.00560268 -0.0488496 -0.00688577 4.70573e-05 0.0069491
0.0487448 0.0137711 0.05 0.0125904 0.000138038 0.209639
-0.05 -0.0440359 -0.0489825 -0.0437807 9.59352e-05 0.0312454
-0.05 -0.0299924 -0.048906 -0.0306882 0.000110426 0.038505
-0.05 0.0415005 -0.0461801 0.0430894 3.30736e-05 0.0122989
0.0453562 -0.0476437 0.05 -0.044689 8.53758e-05 0.180838
-0.05 -0.00877678 -0.043752 -0.0127503 2.93384e-05 0.00321239
-0.05 0.0282563 -0.0448113 0.0233 9.34728e-05 0.0304859
-0.05 0.0205776 -0.0374354 0.0154937 8.40817e-05 0.0315246
0.0490599 0.0294953 0.05 0.0289434 3.66287e-05 0.0175102
0.0429283 0.0469867 0.05 0.046622 3.09266e-05 0.0228874
-0.05 0.0312895 -0.0478601 0.0334032 7.043e-05 0.0174119
-0.05 -0.0223847 -0.0496305 -0.0218149 6.2024e-05 0.00846893
-0.05 -0.0217817 -0.0496305 -0.0218149 9.89772e-05 0.039477
-0.0228246 0.0430204 -0.0224412 0.042739 8.53044e-05 0.0213973
-0.0224412 0.042739 -0.0228816 0.0437668 0.000168675 0.0151143
0.0101839 0.0187903 0.0232593 0.00919225 0.000114179 0.0660543
0.019591 0.0196938 0.0232593 0.00919225 0.000534404 0.483023
0.0348415 0.000690202 0.0369482 -0.000856241 5.49105e-05 0.0364152
0.0369482 -0.000856241 0.0394415 -0.00174035 0.000146258 0.313136
0.0369482 -0.000856241 0.0414656 -0.00417222 5.62444e-05 0.0106659
0.0414656 -0.00417222 0.0394415 -0.00174035 2.84577e-05 0.00507577
0.0414656 -0.00417222 0.0443843 -0.00631477 5.37173e-05 0.0117484
0.0441494 -0.00739678 0.0443843 -0.00631477 7.80761e-05 0.257707
-0.0166485 0.0290429 -0.0165246 0.0289324 0.00239623 16.4114
-0.0166024 0.029114 -0.0165246 0.0289324 0.000469746 0.0765059
0.0429468 -0.0240894 0.0439864 -0.0250164 0.000166451 0.398895
0.0439864 -0.0250164 0.0441792 -0.0250683 2.56185e-05 0.0129653
0.0439864 -0.0250164 0.0440694 -0.0250904 0.000166351 0.399156
0.0440694 -0.0250904 0.0441792 -0.0250683 0.000123144 0.316953
0.0017112 -0.0136216 -0.000285636 -0.00896189 0.000113691 0.0215208
0.0017112 -0.0136216 0.0051786 -0.0145562 2.36098e-05 0.00178243
0.00765677 -0.0274958 0.00787526 -0.0280057 0.000117504 0.0530398
0.00787526 -0.0280057 0.00861096 -0.0277439 0.00031343 0.34565
0.0111578 -0.0356656 0.0123643 -0.038481 0.000108927 0.00839119
0.00850765 -0.0459855 0.0123643 -0.038481 3.30298e-05 0.000264595
0.0123643 -0.038481 0.0138245 -0.0418884 0.000107959 0.00778311
0.011015 -0.0475801 0.0138245 -0.0418884 7.20998e-05 0.00046594
-0.0189195 -0.00806083 -0.00964767 -0.0105599 2.23796e-05 0.00139873
-0.0189195 -0.00806083 -0.0192217 -0.00410808 7.41032e-05 0.00693484
-0.0313376 -0.00471369 -0.0277213 -0.00568841 2.25667e-05 0.00140665
-0.0313376 -0.00471369 -0.0263736 -0.00409799 9.53772e-05 0.0308833
-0.0330937 -0.00424034 -0.0325101 -0.00439765 2.33896e-05 0.00211277
-0.0330937 -0.00424034 -0.032781 -0.00378792 5.10832e-05 0.0110496
-0.04286 -0.00160796 -0.0374684 -0.00306119 2.30653e-05 0.00242973
-0.04286 -0.00160796 -0.039767 0.00115824 0.000169485 0.10204
0.0241711 0.00658176 0.0253302 0.00326358 0.000324973 0.136453
0.0253302 0.00326358 0.0260267 0.00301657 0.000165353 0.235174
0.0284573 -0.00568901 0.0287646 -0.00656861 0.00031583 0.239823
0.0275068 -0.0090161 0.0287646 -0.00656861 3.97444e-05 0.00558696
0.0344522 -0.0228515 0.0358135 -0.0267486 0.00028372 0.0640834
0.0358135 -0.0267486 0.0401368 -0.0258803 0.000122921 0.379351
-0.0336307 -0.0427735 -0.0312417 -0.0419235 0.000310418 0.277277
-0.0359186 -0.0411567 -0.0355098 -0.0414455 0.000301435 0.270936
-0.0359186 -0.0411567 -0.035836 -0.0411401 0.000126508 0.0465902
-0.04959 -0.0314953 -0.0366005 -0.0406747 0.000307469 0.270863
-0.05 -0.0319792 -0.04959 -0.0314953 0.000246412 0.140231
-0.0339645 -0.0428923 -0.0336307 -0.0427735 0.00030885 0.0158489
0.0179605 0.0243618 0.0198986 0.0232893 0.000147572 0.167543
0.017648 0.0252564 0.0198986 0.0232893 0.00021343 0.28841
0.0354949 0.0146584 0.0387482 0.0128581 0.000883126 8.30223
0.0366047 0.00868707 0.0387482 0.0128581 5.33715e-05 0.0666248
0.0387482 0.0128581 0.0403972 0.0119455 0.000838278 8.03956
0.0381305 0.00735337 0.0403972 0.0119455 0.0001238 0.284672
0.0403972 0.0119455 0.0474957 0.00801726 0.000215399 0.620711
0.0468369 0.00498253 0.0474957 0.00801726 0.00012889 0.111904
-0.0179426 -0.0208395 -0.0189195 -0.00806083 7.5886e-05 0.00669911
-0.0179426 -0.0208395 0.00340241 -0.0263896 4.98657e-05 0.00723877
-0.0162276 -0.043272 -0.0166847 -0.0372934 7.47549e-05 0.00276528
0.0257193 0.0182016 0.0259861 0.0179684 0.000235685 0.269451
0.0259861 0.0179684 0.031091 0.0161914 0.0015255 28.4039
0.0303184 0.0141817 0.0259861 0.0179684 0.000168793 0.0352229
0.0303184 0.0141817 0.031091 0.0161914 0.000121475 0.501258
0.0333401 0.0115405 0.0303184 0.0141817 0.000266497 0.230867
0.0381305 0.00735337 0.0415878 0.00433147 0.00026251 1.12004
0.0415878 0.00433147 0.0468369 0.00498253 0.000160309 0.525252
0.0415878 0.00433147 0.0458809 0.000579001 0.000249416 0.948446
0.0449531 -0.0036948 0.0458809 0.000579001 8.07161e-05 0.0374105
0.0121161 0.00794934 0.0180793 0.00583476 0.000168488 0.210677
0.0121161 0.00794934 0.0116303 0.00964834 2.38311e-05 0.000498437
-0.00963023 0.0156607 0.0036393 0.0109552 0.000174306 0.181235
-0.0104318 0.0147147 -0.00963023 0.0156607 0.000306942 0.5112
-0.0423835 0.0272751 -0.0223923 0.0201861 0.000169607 0.157437
-0.0478601 0.0334032 -0.0423835 0.0272751 0.000333641 0.362288
-0.0405122 -0.0149709 -0.0400859 -0.0150818 4.58829e-05 0.0079849
-0.0405122 -0.0149709 -0.0404352 -0.0148596 4.90397e-05 0.00709377
-0.0419318 -0.0146018 -0.0405122 -0.0149709 4.57849e-05 0.00848517
-0.0419318 -0.0146018 -0.0409862 -0.0156566 4.7475e-05 0.00582635
-0.0445168 -0.0139297 -0.0419318 -0.0146018 4.60085e-05 0.00849086
-0.0445168 -0.0139297 -0.043752 -0.0127503 6.22903e-05 0.0097988
0.0291917 -0.0473869 0.0295304 -0.047293 9.5794e-05 0.0183366
0.0358697 -0.0455362 0.0369058 -0.045249 9.7793e-05 0.0589077
0.0369058 -0.045249 0.0450408 -0.0429945 0.000100273 0.427878
0.0450408 -0.0429945 0.0453562 -0.0476437 0.000439967 0.0350917
0.0390393 0.0134246 0.0397398 0.0147875 0.000234404 0.427299
0.0397398 0.0147875 0.041579 0.0143397 0.00021382 0.624824
0.0397398 0.0147875 0.0423221 0.0198124 3.8063e-05 0.00954626
0.0350957 0.0266099 0.0423221 0.0198124 7.71886e-05 0.0599647
0.0423221 0.0198124 0.0477065 0.0302897 3.40856e-05 0.00749806
0.0385714 0.0356521 0.0477065 0.0302897 3.58678e-05 0.0185004
-0.0489825 -0.0437807 -0.0359186 -0.0411567 0.000110674 0.0422182
-0.0489825 -0.0437807 -0.0366005 -0.0406747 9.67838e-05 0.0319012
-0.0399407 0.0178426 -0.0381487 0.0169361 3.19786e-05 0.00441164
-0.0399407 0.0178426 -0.0374354 0.0154937 0.000135523 0.0646652
-0.046455 0.0239504 -0.0399407 0.0178426 0.000135792 0.0646247
-0.046455 0.0239504 -0.0448113 0.0233 0.000117485 0.0623495
-0.0487472 -0.00687306 -0.0391701 -0.00568519 9.87421e-05 0.0454632
-0.0487472 -0.00687306 -0.04286 -0.00160796 0.000169806 0.101881
-0.0488496 -0.00688577 -0.0487472 -0.00687306 9.39636e-05 0.0412603
-0.0488496 -0.00688577 -0.0488104 -0.00692954 4.7817e-05 0.00716346
0.0441494 -0.00739678 0.0414656 -0.00417222 2.84302e-05 0.00617791
0.0437291 -0.00933319 0.0441494 -0.00739678 7.81973e-05 0.267363
0.0441494 -0.00739678 0.0497351 -0.0141077 2.81032e-05 0.0217298
0.0497351 -0.0141077 0.05 -0.0142125 0.000138275 0.552072
0.041579 0.0143397 0.0436595 0.0185545 9.34491e-05 0.0562018
0.0423221 0.0198124 0.0436595 0.0185545 7.72073e-05 0.0613462
0.0436595 0.0185545 0.0490599 0.0294953 7.52539e-05 0.0367262
0.0477065 0.0302897 0.0490599 0.0294953 3.60895e-05 0.0182563
0.0243782 0.0185281 0.0259861 0.0179684 0.00171967 25.1563
0.0243782 0.0185281 0.0257193 0.0182016 0.000166355 0.256131
-7.21369e-06 0.0270167 0.00740212 0.0244375 0.00198196 21.1574
-0.000396682 0.0265571 -7.21369e-06 0.0270167 0.00209301 19.9249
-0.0461801 0.0430894 -0.0431173 0.0420233 0.00155389 27.9587
-0.0461801 0.0430894 -0.0367862 0.0469967 0.000263253 0.742502
0.0160235 -0.00571791 0.0147674 -0.00132426 2.16178e-05 0.000577104
0.0160235 -0.00571791 0.0220085 -0.00743691 7.00936e-05 0.0334975
0.018314 -0.0137295 0.0176116 -0.0112726 2.15428e-05 0.00195295
0.018314 -0.0137295 0.0194753 -0.0140272 2.31551e-05 0.00366478
0.0188582 -0.0156327 0.018314 -0.0137295 2.2345e-05 0.00221281
0.0188582 -0.0156327 0.0194753 -0.0140272 6.80489e-05 0.045677
0.0233188 -0.0312346 0.0227844 -0.0293656 2.27802e-05 0.00321585
0.0233188 -0.0312346 0.0237512 -0.0316807 0.000257112 0.177014
0.0273164 -0.0452172 0.0274652 -0.0457378 2.1707e-05 0.000545467
0.0274652 -0.0457378 0.0291917 -0.0473869 9.48911e-05 0.0182637
0.0274652 -0.0457378 0.0280288 -0.0477092 2.15496e-05 0.00108906
0.0106464 0.0218719 0.0173765 0.0202331 0.0002229 0.253514
0.0106464 0.0218719 0.0108513 0.0232368 0.000731007 1.94799
-0.0228218 0.0300215 -0.021812 0.0297757 0.00191508 19.4717
-0.0406253 0.0405496 -0.0228218 0.0300215 0.00219272 18.2974
-0.0456549 0.0355815 -0.0228218 0.0300215 0.000129023 0.101866
-0.0456549 0.0355815 -0.0406253 0.0405496 7.36123e-05 0.049843
-0.0228853 0.00545744 -0.0198871 0.00459629 7.91938e-05 0.0329247
-0.024861 0.00766809 -0.0228853 0.00545744 0.000306429 0.233581
-0.0275275 0.00679075 -0.0258088 0.00629711 7.77831e-05 0.0256125
-0.0275275 0.00679075 -0.0262868 0.00560566 0.000101416 0.0288096
-0.0320246 0.00808241 -0.0305216 0.00765072 6.75849e-05 0.0190143
-0.0320246 0.00808241 -0.0307483 0.00922386 0.000168372 0.102394
-0.0128852 -0.00573227 -0.000285636 -0.00896189 2.39636e-05 0.00317144
-0.015546 -0.00275501 -0.0128852 -0.00573227 0.000289662 0.0840578
-0.0343629 -0.000226973 -0.0309279 -0.00110746 2.26532e-05 0.00109127
-0.039767 0.00115824 -0.0354497 5.1619e-05 2.34453e-05 0.00259635
-0.039767 0.00115824 -0.0320246 0.00808241 0.00016917 0.102186
0.0485023 0.0126538 0.0487448 0.0137711 0.000196428 0.119848
0.0436595 0.0185545 0.0487448 0.0137711 8.78504e-05 0.0822374
-0.0496576 -0.0281995 -0.0455004 -0.0221862 4.93057e-05 0.00559267
-0.0496576 -0.0281995 -0.0480626 -0.0296929 0.000101577 0.0287071
0.00781914 0.0362525 0.0120593 0.0412562 0.000320721 0.294447
0.0103954 0.0460197 0.0120593 0.0412562 0.000274641 0.0481715
-0.00627716 0.00501956 0.00749381 0.000868339 0.000288386 0.488787
0.00749381 0.000868339 0.00773991 0.00250792 0.000102499 0.0308993
0.0147674 -0.00132426 0.0187637 -0.00252893 0.000284046 0.494804
0.017402 -0.00131493 0.0187637 -0.00252893 0.000180175 0.125197
0.0259314 -0.00468961 0.0283644 -0.00542305 0.000285502 0.494412
0.0283644 -0.00542305 0.0260859 0.00110009 0.000310432 0.00526536
0.0283644 -0.00542305 0.0292206 -0.00568115 0.000285452 0.226275
0.0292206 -0.00568115 0.0290883 -0.00593867 4.11907e-05 0.0112956
0.0292206 -0.00568115 0.0313759 -0.00633085 0.00028529 0.224276
0.0313759 -0.00633085 0.0311641 -0.00675996 8.8158e-05 0.139049
0.0313759 -0.00633085 0.0435821 -0.0100104 0.000284238 0.177115
0.0435821 -0.0100104 0.0432496 -0.0115417 8.71406e-05 0.606148
0.0158301 -0.0235104 0.0179489 -0.0179983 6.85807e-05 0.0440738
0.0158301 -0.0235104 0.0170303 -0.0247483 0.00024905 0.00927037
0.00744961 -0.0453126 0.0111578 -0.0356656 6.46943e-05 0.000802685
0.00744961 -0.0453126 0.00850765 -0.0459855 2.93384e-05 0.00144294
-0.0488104 -0.00692954 -0.0487472 -0.00687306 0.000172046 0.104112
-0.0488104 -0.00692954 -0.0436847 -0.0126466 4.9302e-05 0.00707797
-0.00300402 -0.016789 0.00371497 -0.0243073 0.000282072 0.0790368
0.00371497 -0.0243073 0.00387531 -0.023239 0.000100574 0.0876869
0.00371497 -0.0243073 0.00595249 -0.026811 0.000269768 0.0513184
0.00595249 -0.026811 0.00741981 -0.0269428 0.000105484 0.143244
-0.00187863 -0.00524458 0.00239031 -0.00964781 0.000265821 0.0228913
-0.00187863 -0.00524458 -0.00358144 -0.00127101 0.00013321 0.0263551
-0.00550027 -0.00150901 -0.00187863 -0.00524458 0.00030328 0.0234674
-0.00550027 -0.00150901 -0.00358144 -0.00127101 9.29303e-05 0.0346068
0.0450408 -0.0429945 0.0446417 -0.0371126 0.000427309 0.00134843
0.0446417 -0.0371126 0.05 -0.0385058 4.79274e-05 0.0569875
0.0446417 -0.0371126 0.0441759 -0.0302466 0.000446455 0.00348541
0.0441759 -0.0302466 0.05 -0.0307701 0.000119364 0.334375
-0.0312417 -0.0419235 -0.0207753 -0.0381995 0.000309568 0.296538
-0.0332804 -0.0406268 -0.0312417 -0.0419235 0.000121849 0.0470003
-0.0332804 -0.0406268 -0.0208395 -0.0381279 0.000161564 0.0856857
-0.048906 -0.0306882 -0.0429602 -0.03447 0.000168211 0.0772071
-0.04959 -0.0314953 -0.048906 -0.0306882 0.000337214 0.282611
0.0203295 0.00450413 0.0209244 0.00482588 0.00055808 0.298911
0.0180793 0.00583476 0.0203295 0.00450413 0.000308005 0.601966
0.00116224 -0.0413141 0.00744961 -0.0453126 2.95323e-05 0.00319186
0.00116224 -0.0413141 0.00233931 -0.0334722 8.31211e-05 4.30056e-06
-0.0229115 -0.0260041 -0.0172736 -0.0295896 3.01712e-05 0.00313946
-0.0237386 -0.0241422 -0.0229115 -0.0260041 0.000360923 5.88955e-05
-0.0261849 -0.0239223 -0.0229115 -0.0260041 3.34092e-05 0.00219893
-0.0261849 -0.0239223 -0.0237386 -0.0241422 0.00012745 0.0505365
-0.0372237 -0.016902 -0.0261849 -0.0239223 3.18554e-05 0.00177859
-0.0385093 -0.0184192 -0.0372237 -0.016902 0.00030274 0.26207
-0.0400859 -0.0150818 -0.0372237 -0.016902 2.94782e-05 0.00275779
-0.0400859 -0.0150818 -0.0364765 -0.0160203 4.58407e-05 0.00794169
-0.0404352 -0.0148596 -0.0400859 -0.0150818 2.95165e-05 0.00267569
-0.0404352 -0.0148596 -0.0336164 -0.00499634 4.89485e-05 0.00728205
-0.043752 -0.0127503 -0.0433793 -0.0129873 2.94381e-05 0.00296034
-0.043752 -0.0127503 -0.0436847 -0.0126466 6.22352e-05 0.00992156
-0.0360532 0.0149344 -0.0346169 0.0135625 9.50435e-05 0.0316284
-0.0360532 0.0149344 -0.0286934 0.0119564 8.5678e-05 0.0335691
-0.0381487 0.0169361 -0.0360532 0.0149344 9.52993e-05 0.0318759
-0.0381487 0.0169361 -0.0290135 0.0123146 3.16324e-05 0.0043911
-0.0448113 0.0233 -0.0381487 0.0169361 9.56359e-05 0.031741
-0.0448113 0.0233 -0.0355598 0.0196396 0.000116181 0.0614484
-0.0374354 0.0154937 -0.0360532 0.0149344 8.56797e-05 0.0331987
-0.0374354 0.0154937 -0.0357353 0.0138996 0.000134624 0.0636574
0.00544336 0.0312887 0.00770911 0.0300349 0.000148642 0.341954
0.0113219 0.0263719 0.0162766 0.0213483 0.00543482 6.10347
0.0162766 0.0213483 0.0193919 0.0202638 0.00178285 23.9463
0.0162766 0.0213483 0.0173765 0.0202331 0.00211128 0.340583
0.0173765 0.0202331 0.019591 0.0196938 0.000410312 1.8902
-0.00346 0.0493795 -0.00309095 0.0493605 3.25049e-05 0.00106257
-0.00330532 0.049618 -0.00309095 0.0493605 2.62861e-05 0.000719834
0.000327051 0.0491842 0.00371968 0.0490092 3.10318e-05 0.00125221
0.0169823 0.0483251 0.0429283 0.0469867 3.09266e-05 0.00914806
0.0260859 0.00110009 0.0311627 -0.00190211 0.00026998 0.144796
0.0292206 -0.00568115 0.0311627 -0.00190211 3.97022e-05 0.00356548
0.0311627 -0.00190211 0.0330199 -0.00300032 0.000269301 0.141446
0.0313759 -0.00633085 0.0330199 -0.00300032 8.76883e-05 0.0157669
0.0330199 -0.00300032 0.0437291 -0.00933319 0.000258899 0.0903217
0.0437291 -0.00933319 0.0435821 -0.0100104 7.83616e-05 0.0316123
-0.0478601 0.0334032 -0.0456549 0.0355815 9.68961e-05 0.0577263
-0.05 0.0357977 -0.0478601 0.0334032 0.000336472 0.372219
-0.0496305 -0.0218149 -0.0445168 -0.0139297 6.29204e-05 0.00951575
-0.0496305 -0.0218149 -0.0455004 -0.0221862 9.85093e-05 0.0389188
-0.0313319 0.0492653 -0.0228246 0.0430204 0.000113061 0.0597401
-0.0228246 0.0430204 -0.0228816 0.0437668 0.000163893 0.0714985
-0.0228816 0.0437668 -0.0246774 0.0479573 0.000220637 0.0562413
-0.0228816 0.0437668 -0.0231368 0.0471047 9.09617e-05 0.0204327
-0.0124993 0.035441 -0.0079627 0.0321109 8.37063e-05 0.0226854
-0.0079627 0.0321109 -0.00466419 0.0368821 6.55552e-05 0.0202736
0.00367248 0.0235701 0.00870661 0.0198747 0.000219924 0.216064
0.00794775 0.022529 0.00870661 0.0198747 5.07219e-05 0.00329959
0.00870661 0.0198747 0.0101839 0.0187903 0.000201994 0.234715
0.0101839 0.0187903 0.0106464 0.0218719 0.000367922 0.105745
0.0179605 0.0243618 0.0181373 0.0238556 0.000376982 0.249819
0.0175072 0.0246126 0.0181373 0.0238556 6.43945e-05 0.0106803
0.0181373 0.0238556 0.0193919 0.0202638 0.000376308 0.251651
0.0193919 0.0202638 0.0218346 0.0194136 0.000286089 0.67083
0.0193919 0.0202638 0.019591 0.0196938 0.00313144 13.6025
0.019591 0.0196938 0.0221123 0.0190799 0.00169938 25.3698
0.0315732 0.00308933 0.0331377 0.0019409 6.45526e-05 0.0366692
0.0325092 0.000717867 0.0331377 0.0019409 3.64143e-05 0.00701096
0.0331377 0.0019409 0.0348415 0.000690202 6.19279e-05 0.0353019
0.0345057 9.88431e-06 0.0348415 0.000690202 8.06594e-05 0.0396308
0.0394415 -0.00174035 0.0449531 -0.0036948 0.000145972 0.316656
0.0358009 0.00263369 0.0394415 -0.00174035 3.0103e-05 0.00929439
-0.0235794 0.0352221 -0.0221296 0.0339296 0.00105877 3.06468
-0.0221296 0.0339296 -0.0221915 0.034739 0.000150867 0.0363742
-0.0221296 0.0339296 -0.0166485 0.0290429 0.00194377 10.2819
-0.0166485 0.0290429 -0.0166024 0.029114 0.000218201 0.228357
-0.0184557 0.0334386 -0.0224412 0.042739 0.000180422 0.00846563
-0.0184557 0.0334386 -0.0146557 0.0321158 0.000388273 0.690244
-0.0184557 0.0334386 -0.0166024 0.029114 0.000137064 0.00443981
-0.0166024 0.029114 -0.0146557 0.0321158 0.000144169 0.100562
0.0253428 -0.00839457 0.0270459 -0.00991294 0.000171871 0.140251
0.0267548 -0.0104793 0.0270459 -0.00991294 3.49879e-05 0.0101298
0.0288249 -0.011499 0.0312384 -0.0136508 0.000161004 0.162179
0.0306862 -0.0120701 0.0312384 -0.0136508 0.000309256 0.209823
0.0365775 -0.0184109 0.0399979 -0.0214604 0.000176455 0.384647
0.0399979 -0.0214604 0.0411596 -0.021169 0.000114909 0.245705
0.0399979 -0.0214604 0.0409182 -0.0222809 0.000167084 0.383266
0.0407652 -0.0229858 0.0409182 -0.0222809 7.96315e-05 0.0626045
0.0409182 -0.0222809 0.0429468 -0.0240894 0.000167066 0.397513
0.0429468 -0.0240894 0.0446821 -0.0249673 3.54843e-05 0.0224771
0.0441792 -0.0250683 0.0456829 -0.0254736 2.50506e-05 0.0127097
0.0441792 -0.0250683 0.0446821 -0.0249673 0.000123169 0.317
-0.000285636 -0.00896189 -0.00187863 -0.00524458 0.000112725 0.0219876
-0.000285636 -0.00896189 0.00239031 -0.00964781 2.38595e-05 0.00185155
0.034296 -0.0224044 0.0352305 -0.0226563 2.32193e-05 0.0106986
0.0331542 -0.0191354 0.034296 -0.0224044 0.000269219 0.0851226
0.0196669 -0.0184613 0.0222895 -0.0191682 2.2574e-05 0.00106122
0.0196669 -0.0184613 0.0188582 -0.0156327 2.15099e-05 0.0036631
0.0179489 -0.0179983 0.0196669 -0.0184613 2.25561e-05 0.000313064
0.0179489 -0.0179983 0.0188582 -0.0156327 6.83963e-05 0.0450159
0.0051786 -0.0145562 0.00784604 -0.0152752 2.35278e-05 0.0016707
0.0051786 -0.0145562 0.00544276 -0.0127963 8.88789e-05 0.0329938
0.00741981 -0.0269428 0.00765677 -0.0274958 0.000113435 0.0475025
0.00765677 -0.0274958 0.00861096 -0.0277439 4.8992e-05 0.0118765
0.0210549 -0.0233163 0.0234044 -0.0224804 0.000276864 0.0391103
0.0210549 -0.0233163 0.0207342 -0.0221945 2.1926e-05 0.00723275
0.00862282 -0.0277397 0.00866106 -0.0277261 0.000312562 0.348554
0.00862282 -0.0277397 0.00863331 -0.0277497 0.000107448 0.0313397
0.00861096 -0.0277439 0.00862282 -0.0277397 0.000313227 0.346003
0.00861096 -0.0277439 0.00863331 -0.0277497 5.30581e-05 0.0102123
0.00787526 -0.0280057 0.00846053 -0.0293714 0.000120628 0.0204919
0.00846053 -0.0293714 0.00994201 -0.0289998 0.00010814 0.0434489
0.00959347 -0.0320152 0.0111578 -0.0356656 0.000113146 0.0132192
0.0111578 -0.0356656 0.0127054 -0.0316394 7.12276e-05 0.00889542
0.00850765 -0.0459855 0.011015 -0.0475801 2.93384e-05 0.00114506
-0.0092509 -0.0106669 -0.00822913 -0.0109423 2.55846e-05 0.00278974
-0.0092509 -0.0106669 -0.00395127 -0.015729 0.000108085 0.017856
-0.00964767 -0.0105599 -0.0092509 -0.0106669 2.6541e-05 0.0014703
-0.00964767 -0.0105599 -0.00300402 -0.016789 0.00015447 0.0354791
-0.0192896 -0.00321934 -0.0194296 -0.00138849 9.65458e-05 0.0121469
-0.0192896 -0.00321934 -0.0176886 -0.00302077 0.000118353 0.0498348
-0.0192217 -0.00410808 -0.0192896 -0.00321934 7.48358e-05 0.00735982
-0.0192217 -0.00410808 -0.0155158 -0.00505798 2.29194e-05 0.00147725
-0.0277213 -0.00568841 -0.0189195 -0.00806083 2.39117e-05 0.00154019
-0.0304868 -0.00895197 -0.0277213 -0.00568841 0.000295164 0.275475
-0.0263736 -0.00409799 -0.0215804 -0.00350347 0.000125343 0.0522334
-0.0277213 -0.00568841 -0.0263736 -0.00409799 0.00029449 0.276088
-0.0325101 -0.00439765 -0.0313376 -0.00471369 2.28321e-05 0.00143097
-0.032781 -0.00378792 -0.0325101 -0.00439765 0.000374804 0.00116164
-0.0174246 0.0184246 -0.0140892 0.0232492 5.88218e-05 0.0175653
-0.0174246 0.0184246 -0.0110535 0.0161654 0.000152531 0.126701
-0.024861 0.00766809 -0.023557 0.00955423 6.06179e-05 0.0188196
-0.0281347 0.0113313 -0.024861 0.00766809 0.000307507 0.234212
-0.0258088 0.00629711 -0.024861 0.00766809 5.83933e-05 0.0119061
-0.0258088 0.00629711 -0.0228853 0.00545744 7.46152e-05 0.0241521
-0.0262868 0.00560566 -0.0258088 0.00629711 5.35565e-05 0.00943168
-0.0262868 0.00560566 -0.0217903 0.00131067 9.98651e-05 0.0279641
-0.0309279 -0.00110746 -0.0265237 0.00526295 4.88317e-05 0.00526266
-0.0309279 -0.00110746 -0.0251044 -0.00260018 2.26542e-05 0.00162505
-0.032781 -0.00378792 -0.0309279 -0.00110746 4.88342e-05 0.00551003
-0.0343629 -0.000226973 -0.032781 -0.00378792 0.000359496 0.000389489
-0.0374684 -0.00306119 -0.0330937 -0.00424034 2.31066e-05 0.00259761
-0.0374684 -0.00306119 -0.0354497 5.1619e-05 6.4833e-05 0.0116567
0.0232593 0.00919225 0.0241711 0.00658176 0.000530698 0.496623
0.0241711 0.00658176 0.0256937 0.00740522 0.000683755 0.586445
0.0260267 0.00301657 0.027312 0.0025608 0.000161183 0.252626
0.0260267 0.00301657 0.0272691 0.00624878 7.6619e-05 0.000358957
0.0283644 -0.00542305 0.0284573 -0.00568901 0.000316386 0.236833
0.0284573 -0.00568901 0.0290883 -0.00593867 0.000139377 0.107192
0.0270459 -0.00991294 0.0275068 -0.0090161 4.00809e-05 0.00696824
0.0275068 -0.0090161 0.0297346 -0.00965597 7.67248e-05 0.042379
0.034296 -0.0224044 0.0344522 -0.0228515 0.00026895 0.0851084
0.0344522 -0.0228515 0.0352305 -0.0226563 0.000101793 0.240812
0.0401368 -0.0258803 0.0440694 -0.0250904 0.000123791 0.367705
0.0392844 -0.029807 0.0401368 -0.0258803 8.93738e-05 0.0454678
-0.0355098 -0.0414455 -0.0336307 -0.0427735 0.000301501 0.269243
-0.0355098 -0.0414455 -0.0339645 -0.0428923 0.00011532 0.0424465
-0.035836 -0.0411401 -0.0332804 -0.0406268 0.00012539 0.0465084
-0.035836 -0.0411401 -0.0355098 -0.0414455 0.0001164 0.0378193
-0.0366005 -0.0406747 -0.0359186 -0.0411567 0.00030448 0.272238
-0.0366005 -0.0406747 -0.0363896 -0.0406218 0.000111373 0.0312303
0.0115525 0.027908 0.00770911 0.0300349 0.000141044 0.00576501
0.0119076 0.030274 0.0115525 0.027908 0.000142757 0.114256
0.0175072 0.0246126 0.0179605 0.0243618 0.000155043 0.0739782
0.017648 0.0252564 0.0179605 0.0243618 0.00037806 0.284168
-0.00126987 0.0417919 0.00223883 0.0387251 0.000226216 0.0385875
0.00223883 0.0387251 0.00309769 0.0394932 0.000170174 0.0959824
0.00367658 0.0374684 0.00664838 0.0348709 0.000314048 0.267731
0.00498158 0.0329039 0.00664838 0.0348709 0.000291402 0.303988
0.0119076 0.030274 0.015165 0.0274268 0.000245519 0.252528
0.0120432 0.0311774 0.015165 0.0274268 2.63026e-05 0.00260147
0.015165 0.0274268 0.017648 0.0252564 0.000244324 0.253293
0.0131062 0.0382591 0.017648 0.0252564 0.000352465 0.303866
0.0317427 0.0167348 0.0354949 0.0146584 0.000536227 3.09635
0.0354949 0.0146584 0.0390393 0.0134246 0.00138705 26.018
0.0366047 0.00868707 0.0343745 0.00434743 3.89127e-05 0.000962798
0.0333401 0.0115405 0.0366047 0.00868707 0.000264534 1.25681
0.0363161 0.00367761 0.0381305 0.00735337 8.60513e-05 0.00451394
0.0366047 0.00868707 0.0381305 0.00735337 0.000264178 1.2449
0.0458809 0.000579001 0.0468369 0.00498253 0.000106641 0.0534356
0.0468369 0.00498253 0.05 0.00537486 0.000156006 0.483815
0.00340241 -0.0263896 0.0045319 -0.0266833 5.04873e-05 0.00408055
0.00340241 -0.0263896 0.00371497 -0.0243073 8.96072e-05 0.00411861
-0.0168058 -0.0357093 -0.0167256 -0.0367587 8.96566e-05 0.00935553
-0.0167256 -0.0367587 -0.00984838 -0.0343117 0.000316038 0.319491
-0.0166847 -0.0372934 -0.0167256 -0.0367587 8.09698e-05 0.00238847
-0.0166847 -0.0372934 -0.00792624 -0.0355342 0.000123043 0.0503824
0.0198986 0.0232893 0.0257193 0.0182016 0.000224957 0.305859
0.0257193 0.0182016 0.0313377 0.0168335 0.000153318 0.312478
0.031091 0.0161914 0.0354949 0.0146584 0.00146681 28.4698
0.031091 0.0161914 0.0313377 0.0168335 0.000497355 3.27939
0.0443843 -0.00631477 0.0449531 -0.0036948 7.76676e-05 0.206996
0.0449531 -0.0036948 0.05 -0.00548444 0.000142524 0.415931
0.0209244 0.00482588 0.0253302 0.00326358 0.00016168 0.0474321
0.0209244 0.00482588 0.0241711 0.00658176 0.000554183 0.327999
0.0180793 0.00583476 0.0209244 0.00482588 0.000158238 0.142978
0.0116303 0.00964834 0.0180793 0.00583476 0.000305346 0.565052
0.00870661 0.0198747 0.00978205 0.0161131 4.63299e-05 0.00591079
0.0101839 0.0187903 0.00978205 0.0161131 0.000224176 0.00429626
0.00978205 0.0161131 0.0116303 0.00964834 2.71677e-05 0.00222195
0.00904148 0.0111793 0.0116303 0.00964834 0.00030607 0.56348
0.00873655 0.00914773 0.0121161 0.00794934 0.00016939 0.209478
0.00873655 0.00914773 0.00904148 0.0111793 0.000109324 0.0560802
0.0036393 0.0109552 0.00873655 0.00914773 0.000169429 0.198988
-0.0061909 0.0197194 0.0036393 0.0109552 0.000194585 0.157905
-0.0198142 0.00364269 -0.0191786 0.00439278 0.000278 0.438659
-0.0191786 0.00439278 -0.00570439 0.000522754 7.94983e-05 0.0343305
-0.0168351 0.00715826 -0.0161305 0.00798981 0.00027742 0.441312
-0.0202413 0.009229 -0.0161305 0.00798981 0.000323367 0.558776
-0.0136158 0.0109574 -0.0104318 0.0147147 0.000306326 0.513266
-0.0110535 0.0161654 -0.0104318 0.0147147 0.000127704 0.016381
-0.0195985 0.0191954 -0.0174246 0.0184246 0.000153174 0.12623
-0.0195985 0.0191954 -0.0143597 0.0238806 0.000207478 0.255221
-0.0210423 0.0197074 -0.0195985 0.0191954 0.000165175 0.15297
-0.0210423 0.0197074 -0.0212174 0.0219977 9.46145e-05 0.0125288
-0.0223923 0.0201861 -0.0210423 0.0197074 0.000165552 0.155814
-0.0223923 0.0201861 -0.0212174 0.0219977 8.32374e-05 0.0364442
-0.0409862 -0.0156566 -0.0385093 -0.0184192 4.73366e-05 0.00545016
-0.0409862 -0.0156566 -0.0405122 -0.0149709 4.92314e-05 0.00661679
0.0280288 -0.0477092 0.0291917 -0.0473869 9.38743e-05 0.000250001
0.0295304 -0.047293 0.0358697 -0.0455362 9.82281e-05 0.0747052
0.0387482 0.0128581 0.0390393 0.0134246 0.000323956 1.84003
0.0390393 0.0134246 0.0408212 0.0128043 0.00139489 26.2274
0.041579 0.0143397 0.0485023 0.0126538 0.000399432 2.26352
0.0408212 0.0128043 0.041579 0.0143397 0.00047573 1.6307
0.00945447 0.0487133 0.0117214 0.0485964 3.09266e-05 0.000905333
0.0124794 0.0478835 0.0142945 0.0461761 7.21898e-05 0.0264271
0.0146352 0.0484461 0.0142945 0.0461761 8.30702e-05 0.00825938
0.0142945 0.0461761 0.0350957 0.0266099 7.28449e-05 0.0418114
0.0350957 0.0266099 0.0385714 0.0356521 6.51595e-05 0.0103193
0.0148086 0.049601 0.0169823 0.0483251 3.56763e-05 0.0118586
0.0146352 0.0484461 0.0169823 0.0483251 3.09266e-05 0.00892206
0.0169823 0.0483251 0.0385714 0.0356521 3.56763e-05 0.0116627
0.0385714 0.0356521 0.0429283 0.0469867 6.4639e-05 0.0065736
-0.0323158 -0.00483502 -0.0313376 -0.00471369 9.5532e-05 0.0308236
-0.0325101 -0.00439765 -0.0323158 -0.00483502 0.000370984 0.00121874
-0.0336164 -0.00499634 -0.0323158 -0.00483502 9.67973e-05 0.0436334
-0.0336164 -0.00499634 -0.0330937 -0.00424034 5.13271e-05 0.0107904
-0.0391701 -0.00568519 -0.0336164 -0.00499634 9.7505e-05 0.0453411
-0.0391701 -0.00568519 -0.0374684 -0.00306119 6.56161e-05 0.0115782
0.0108513 0.0232368 0.0162766 0.0213483 0.00124903 8.1988
0.0108513 0.0232368 0.0113219 0.0263719 0.00154078 21.493
0.00740212 0.0244375 0.0108513 0.0232368 0.00196663 21.3221
0.00740212 0.0244375 0.00544336 0.0312887 6.96578e-05 0.00552553
-0.00592698 0.0200308 -0.00179886 0.0249024 0.00178419 14.6008
-0.00179886 0.0249024 0.00367248 0.0235701 0.000593882 1.86111
-0.00179886 0.0249024 -0.000396682 0.0265571 0.00206065 20.4223
-0.00193877 0.027689 -0.000396682 0.0265571 9.73447e-05 0.037027
-0.0431173 0.0420233 -0.0401716 0.0409978 0.000192714 0.177618
-0.0321437 0.0489277 -0.0313319 0.0492653 0.00014106 0.0347478
-0.0321437 0.0489277 -0.0316015 0.0494632 0.000129274 0.0143319
-0.0367862 0.0469967 -0.0321437 0.0489277 3.30736e-05 0.000701307
0.0144284 -0.000138394 0.0147674 -0.00132426 2.2337e-05 3.02858e-06
0.00929331 0.000325885 0.0147674 -0.00132426 0.000284567 0.493854
0.0220085 -0.00743691 0.0253428 -0.00839457 6.93358e-05 0.0381936
0.0220085 -0.00743691 0.0225854 -0.0059362 6.89339e-05 0.0312463
0.0161591 -0.00619204 0.0160235 -0.00571791 2.24363e-05 0.00110425
0.0161591 -0.00619204 0.0216353 -0.00840786 9.04731e-05 0.0494915
0.0176116 -0.0112726 0.0161591 -0.00619204 2.16761e-05 0.00203075
0.0176116 -0.0112726 0.0200584 -0.0125104 3.15218e-05 0.004907
0.0194753 -0.0140272 0.0242964 -0.0152629 2.36604e-05 0.00284172
0.0194753 -0.0140272 0.0200584 -0.0125104 6.80763e-05 0.0459174
0.0210549 -0.0233163 0.0217653 -0.025801 2.1701e-05 0.00612038
0.0217653 -0.025801 0.0216341 -0.0260669 7.3572e-05 0.0458617
0.0218274 -0.0260184 0.0224787 -0.0282964 2.40887e-05 0.00268227
0.0224787 -0.0282964 0.0263675 -0.0286459 0.000115176 0.190962
0.0227844 -0.0293656 0.0224787 -0.0282964 2.67983e-05 0.00308815
0.0227844 -0.0293656 0.0263675 -0.0286459 0.000136115 0.309181
0.0237512 -0.0316807 0.0361102 -0.0444284 0.000256471 0.172925
0.0237512 -0.0316807 0.0380694 -0.0354037 4.90671e-05 0.0349943
0.0234218 -0.031595 0.0233188 -0.0312346 2.13905e-05 4.30459e-05
0.0234218 -0.031595 0.0237512 -0.0316807 4.80887e-05 0.0115424
0.0273164 -0.0452172 0.0234218 -0.031595 2.14267e-05 0.000414333
0.0273164 -0.0452172 0.0295304 -0.047293 0.000140013 0.0398651
-0.0113401 0.0272257 -0.0107736 0.0270877 0.000634711 2.13676
-0.0113401 0.0272257 -0.00925826 0.030237 0.00020805 0.207402
-0.0158391 0.0283212 -0.0113401 0.0272257 0.000618029 1.93957
-0.0165246 0.0289324 -0.0158391 0.0283212 0.00237716 16.5167
-0.0163121 0.0284364 -0.0158391 0.0283212 0.000619856 2.09756
-0.0165246 0.0289324 -0.0163121 0.0284364 0.00122028 0.0806616
-0.021812 0.0297757 -0.0169423 0.0285899 0.00156371 13.1615
-0.021812 0.0297757 -0.0221296 0.0339296 0.0019042 8.7944
-0.0431173 0.0420233 -0.0406253 0.0405496 0.00228475 19.0002
-0.0406253 0.0405496 -0.0401716 0.0409978 0.000783472 4.20348
-0.0198871 0.00459629 -0.0191786 0.00439278 8.00393e-05 0.0352727
-0.0198871 0.00459629 -0.0201337 0.00782243 8.58553e-05 0.0123279
-0.0284296 0.00704984 -0.0275275 0.00679075 6.67373e-05 0.0182105
-0.0284296 0.00704984 -0.0265237 0.00526295 0.000136315 0.0527518
-0.0305216 0.00765072 -0.0284296 0.00704984 6.66989e-05 0.0178677
-0.0305216 0.00765072 -0.0299729 0.00849686 6.5058e-05 0.0114543
-0.0304004 0.00953495 -0.0282489 0.0114591 0.000212499 0.185207
-0.0304004 0.00953495 -0.0297207 0.0088857 0.000118655 0.0393074
-0.0307483 0.00922386 -0.0304004 0.00953495 0.000208801 0.173842
-0.0307483 0.00922386 -0.0299729 0.00849686 0.000136324 0.0534007
-0.0205196 0.00281026 -0.0196786 0.00186924 0.000286682 0.0965864
-0.0196786 0.00186924 -0.0198142 0.00364269 8.42443e-05 0.0182816
-0.0196786 0.00186924 -0.015546 -0.00275501 0.000285807 0.0952646
-0.015546 -0.00275501 -0.00550027 -0.00150901 0.000108672 0.0950865
-0.0354497 5.1619e-05 -0.0343629 -0.000226973 2.35946e-05 0.00698211
-0.0354497 5.1619e-05 -0.0305216 0.00765072 6.39774e-05 0.0101891
0.0474957 0.00801726 0.047993 0.0103078 0.000155991 0.124742
0.047993 0.0103078 0.05 0.0096092 0.00143122 29.3051
0.047993 0.0103078 0.0485023 0.0126538 0.000542788 0.970387
0.0485023 0.0126538 0.05 0.0122891 0.000458551 3.069
-0.0455004 -0.0221862 -0.0409862 -0.0156566 4.93108e-05 0.00622866
-0.0455004 -0.0221862 -0.0419703 -0.0225035 9.83674e-05 0.0386558
-0.0429602 -0.03447 -0.0363896 -0.0406218 0.000157507 0.0668718
-0.0429602 -0.03447 -0.0341654 -0.0400639 0.000149047 0.065731
-0.0480626 -0.0296929 -0.0429602 -0.03447 0.000147681 0.0497201
-0.048906 -0.0306882 -0.0480626 -0.0296929 0.000324888 0.266447
0.00664838 0.0348709 0.00781914 0.0362525 0.000322156 0.293369
0.00425806 0.0405309 0.00781914 0.0362525 2.66576e-05 0.00151838
0.00945447 0.0487133 0.0103954 0.0460197 0.000261021 0.000629225
0.0103954 0.0460197 0.0124794 0.0478835 0.000161201 0.0202535
-0.0161305 0.00798981 -0.00627716 0.00501956 0.000289001 0.475197
-0.00784293 0.00867334 -0.00627716 0.00501956 0.000146794 0.0241221
0.00837422 0.00673381 0.00873655 0.00914773 0.00011401 0.0692918
0.0036393 0.0109552 0.00837422 0.00673381 0.000194976 0.146694
0.00773991 0.00250792 0.00837422 0.00673381 0.000114398 0.0469302
0.00773991 0.00250792 0.0123094 0.00069998 0.000151275 0.131066
0.0138625 0.00184068 0.0147961 0.00100841 0.000191185 0.136271
0.0147961 0.00100841 0.0242566 0.00218183 0.000121162 0.119145
0.0147961 0.00100841 0.017402 -0.00131493 0.000192856 0.136712
0.017402 -0.00131493 0.023443 -0.00370508 0.000150867 0.130151
0.0187637 -0.00252893 0.0233622 -0.00391516 0.000284076 0.489207
0.0233622 -0.00391516 0.023443 -0.00370508 7.86575e-05 0.0274234
0.0233622 -0.00391516 0.0259314 -0.00468961 0.000283651 0.488101
0.0259314 -0.00468961 0.0284573 -0.00568901 0.000138577 0.113675
0.025707 0.00218477 0.0260859 0.00110009 0.000274288 0.0131171
0.0254374 0.00148353 0.0260859 0.00110009 0.000266631 0.126991
0.0287646 -0.00656861 0.0290883 -0.00593867 3.96423e-05 0.00333771
0.0290883 -0.00593867 0.0311641 -0.00675996 0.000139282 0.111556
0.0266737 -0.015857 0.0288249 -0.011499 7.3732e-05 0.0890096
0.0284509 -0.0111656 0.0288249 -0.011499 0.000165768 0.136522
0.0297346 -0.00965597 0.0297981 -0.00952739 8.38571e-05 0.0285204
0.0287646 -0.00656861 0.0297981 -0.00952739 0.000315948 0.240018
0.0297981 -0.00952739 0.0311641 -0.00675996 8.60243e-05 0.0163188
0.0311641 -0.00675996 0.0432496 -0.0115417 0.00013798 0.211623
0.0409182 -0.0222809 0.0411596 -0.021169 8.21548e-05 0.0317947
0.0411596 -0.021169 0.044282 -0.0203858 0.000113732 0.255984
0.0428417 -0.0134206 0.0421297 -0.0167004 7.96623e-05 0.0277854
0.0428417 -0.0134206 0.05 -0.0154766 7.35207e-05 0.132761
0.0432496 -0.0115417 0.0428417 -0.0134206 7.73171e-05 0.073123
0.0432496 -0.0115417 0.0497351 -0.0141077 0.000139025 0.549297
0.0202784 -0.0280986 0.0205122 -0.0283397 0.00027623 0.300811
0.0202784 -0.0280986 0.0206162 -0.028129 0.000114825 0.154609
0.0185933 -0.0263604 0.0189592 -0.0267379 0.000277187 0.365569
0.0183164 -0.0268991 0.0185933 -0.0263604 3.67006e-05 0.0011161
0.0170303 -0.0247483 0.0185933 -0.0263604 0.000277372 0.364765
0.0170303 -0.0247483 0.0199569 -0.023707 0.00027718 0.0420143
-0.0433793 -0.0129873 -0.0419318 -0.0146018 4.72116e-05 0.00581314
-0.0433793 -0.0129873 -0.0404352 -0.0148596 2.94229e-05 0.00297545
-0.0436847 -0.0126466 -0.0433793 -0.0129873 4.72496e-05 0.00581692
-0.0436847 -0.0126466 -0.0391701 -0.00568519 6.30092e-05 0.0109759
-0.0128852 -0.00573227 -0.00822913 -0.0109423 0.000288164 0.0845196
-0.00822913 -0.0109423 0.0017112 -0.0136216 2.41367e-05 0.00318485
-0.00822913 -0.0109423 -0.00395127 -0.015729 0.000285866 0.0851797
-0.00395127 -0.015729 0.00387979 -0.0232092 0.000105221 0.0215175
-0.00395127 -0.015729 -0.00300402 -0.016789 0.000284539 0.0844027
-0.00300402 -0.016789 0.00387531 -0.023239 0.000151894 0.0474164
0.00438304 -0.0198564 0.0051786 -0.0145562 8.93345e-05 0.0327945
0.00438304 -0.0198564 0.0017112 -0.0136216 0.000115782 0.0208317
0.00387979 -0.0232092 0.00438304 -0.0198564 9.05461e-05 0.0435324
0.00387979 -0.0232092 0.00581157 -0.0250544 0.000103164 0.0285128
0.00387531 -0.023239 0.00387979 -0.0232092 9.10126e-05 0.0507522
0.00387531 -0.023239 0.00581157 -0.0250544 0.000160341 0.0711123
0.00741981 -0.0269428 0.0078269 -0.0269794 0.000106084 0.0820493
0.00741981 -0.0269428 0.00716424 -0.0263465 0.000113692 0.0089485
0.00239031 -0.00964781 0.00544276 -0.0127963 0.000261215 0.0231954
0.00239031 -0.00964781 0.00578474 -0.0105179 2.46171e-05 0.00285087
-0.00397527 -0.000351996 -0.00358144 -0.00127101 0.000118989 0.00508515
-0.00358144 -0.00127101 -0.00243879 -0.00112928 0.000102827 0.071303
-0.0202296 -0.0380054 -0.0167256 -0.0367587 0.000316316 0.315948
-0.0202296 -0.0380054 -0.0166847 -0.0372934 0.000124648 0.0496269
-0.0207753 -0.0381995 -0.0202296 -0.0380054 0.000309709 0.299606
-0.0207753 -0.0381995 -0.0162276 -0.043272 5.13661e-05 0.00402441
-0.0208395 -0.0381279 -0.0202296 -0.0380054 0.00015614 0.0853996
-0.0208395 -0.0381279 -0.0207753 -0.0381995 6.78057e-05 0.0176803
0.00337395 -0.0265792 0.00340241 -0.0263896 0.000101828 0.00210264
0.00337395 -0.0265792 0.0045319 -0.0266833 0.000114858 0.0216407
0.00273943 -0.0308065 0.0028938 -0.0297781 9.43002e-05 0.00405094
0.00273943 -0.0308065 0.00846053 -0.0293714 0.000107297 0.0397153
0.00233931 -0.0334722 0.00273943 -0.0308065 8.94925e-05 0.00301431
0.00233931 -0.0334722 0.00959347 -0.0320152 0.000120428 0.0492872
-0.0102404 -0.0340624 -0.00984838 -0.0343117 3.37815e-05 0.0047492
-0.0102404 -0.0340624 -0.00653594 -0.0331332 0.000112022 0.0435866
-0.0172736 -0.0295896 -0.0102404 -0.0340624 3.0531e-05 0.00309245
-0.0176482 -0.0246896 -0.0172736 -0.0295896 8.35969e-05 0.00412885
-0.0237386 -0.0241422 -0.0261544 -0.0187042 0.000365644 0.000378946
-0.0237386 -0.0241422 -0.0176482 -0.0246896 0.000124009 0.0506501
-0.0419703 -0.0225035 -0.0385093 -0.0184192 0.000303304 0.26119
-0.0385093 -0.0184192 -0.0342233 -0.0231998 5.54022e-05 0.00250339
-0.0364765 -0.0160203 -0.0261544 -0.0187042 5.76569e-05 0.00849607
-0.0372237 -0.016902 -0.0364765 -0.0160203 0.000302017 0.26278
-0.0346169 0.0135625 -0.0304004 0.00953495 0.000132097 0.0584571
-0.0357353 0.0138996 -0.0346169 0.0135625 0.000331268 0.517822
-0.0267553 0.0111722 -0.023382 0.00980732 0.000116786 0.0665753
-0.0267553 0.0111722 -0.023557 0.00955423 4.22598e-05 0.00797832
-0.0286934 0.0119564 -0.0280045 0.0116777 0.000104153 0.0552659
-0.0290135 0.0123146 -0.0286934 0.0119564 0.000307971 0.306204
-0.0268552 0.0112228 -0.0267553 0.0111722 4.29291e-05 0.00795926
-0.0269532 0.0112523 -0.0268552 0.0112228 0.000323858 0.553344
-0.0278717 0.011737 -0.0268552 0.0112228 3.83947e-05 0.0067403
-0.0278717 0.011737 -0.0277797 0.0118787 7.69292e-05 0.0268487
-0.0279142 0.0117585 -0.0278717 0.011737 3.83041e-05 0.0064458
-0.0279142 0.0117585 -0.0277797 0.0118787 0.000201273 0.219167
-0.0290135 0.0123146 -0.0279142 0.0117585 3.95827e-05 0.00762502
-0.0355598 0.0196396 -0.0290135 0.0123146 0.000308496 0.306211
-0.0206601 0.0137445 -0.0205842 0.0137145 0.0001407 0.101978
-0.0206601 0.0137445 -0.0205938 0.0138404 5.92611e-05 0.0167607
-0.025363 0.0156052 -0.0241497 0.0151252 0.000145192 0.115051
-0.025363 0.0156052 -0.0223923 0.0201861 7.74113e-05 0.0274683
-0.0355598 0.0196396 -0.025363 0.0156052 0.000147198 0.114671
-0.0423835 0.0272751 -0.0355598 0.0196396 0.000318513 0.327161
-0.0357353 0.0138996 -0.0307483 0.00922386 0.000198029 0.133
-0.05 0.0181997 -0.0357353 0.0138996 0.0003451 0.548554
-0.0246774 0.0479573 -0.0231368 0.0471047 0.000193837 0.0640172
-0.00974227 0.0396923 -0.00466419 0.0368821 0.000157735 0.0855577
-0.00466419 0.0368821 -0.00126987 0.0417919 7.56092e-05 0.0337638
-0.00167286 0.0352268 0.00419724 0.0319783 0.000156429 0.104644
-7.21369e-06 0.0270167 0.00419724 0.0319783 0.000301605 0.406668
0.00419724 0.0319783 0.00544336 0.0312887 0.00014971 0.335674
0.00498158 0.0329039 0.00544336 0.0312887 2.65935e-05 0.00715244
0.00770911 0.0300349 0.0113219 0.0263719 0.0007282 0.0709171
0.0115525 0.027908 0.0113219 0.0263719 0.000140794 0.0250258
-0.0103577 0.0497353 -0.00346 0.0493795 3.09266e-05 7.07766e-05
-0.00346 0.0493795 -0.00330532 0.049618 6.2024e-05 0.00030507
-0.00309095 0.0493605 0.000327051 0.0491842 3.13004e-05 0.00128772
-0.0316015 0.0494632 -0.0313319 0.0492653 8.89044e-05 0.0208397
-0.0224412 0.042739 -0.0124993 0.035441 6.69886e-05 0.0119911
-0.0124993 0.035441 -0.00974227 0.0396923 0.000103697 0.054383
-0.000396682 0.0265571 0.00367248 0.0235701 0.000465311 0.825284
0.00367248 0.0235701 0.00794775 0.022529 0.000638734 2.25724
0.00794775 0.022529 0.00740212 0.0244375 2.42124e-05 0.000413571
0.00794775 0.022529 0.0106464 0.0218719 0.000623631 2.31162
0.015165 0.0274268 0.0175072 0.0246126 3.60852e-05 0.00507974
0.0115525 0.027908 0.0175072 0.0246126 0.000162493 0.0736908
0.0218346 0.0194136 0.0243782 0.0185281 0.000285951 0.6706
0.0181373 0.0238556 0.0218346 0.0194136 3.25643e-05 0.00513016
0.0221123 0.0190799 0.0243782 0.0185281 0.00172406 25.0057
0.0218346 0.0194136 0.0221123 0.0190799 3.86198e-05 0.00843082
0.0232593 0.00919225 0.0256937 0.00740522 9.67736e-05 0.021854
0.0256937 0.00740522 0.0282438 0.00878432 0.000682397 0.586808
0.0256937 0.00740522 0.0272691 0.00624878 8.35065e-05 0.0318958
0.0282438 0.00878432 0.0272691 0.00624878 0.000102978 0.0206343
0.0272691 0.00624878 0.0315732 0.00308933 7.59342e-05 0.0634219
0.0315732 0.00308933 0.0338746 0.00337478 0.000126352 0.179815
0.0311627 -0.00190211 0.0325092 0.000717867 3.77592e-05 0.0302491
0.0325092 0.000717867 0.0345057 9.88431e-06 0.000144535 0.21798
0.0330199 -0.00300032 0.0345057 9.88431e-06 8.75841e-05 0.183706
0.0345057 9.88431e-06 0.0369482 -0.000856241 0.000147053 0.301924
0.0299248 0.00969347 0.0343745 0.00434743 4.06642e-05 0.0204101
0.0343745 0.00434743 0.0338746 0.00337478 4.38867e-05 0.00332782
0.0350615 0.00352199 0.0358009 0.00263369 3.55746e-05 0.00903183
0.0348415 0.000690202 0.0358009 0.00263369 8.50511e-05 0.0397784
-0.0353736 0.0457372 -0.0235794 0.0352221 0.00047716 0.401662
-0.0235794 0.0352221 -0.0221915 0.034739 0.000392207 0.692085
-0.0221915 0.034739 -0.0228246 0.0430204 0.000143099 0.0474437
-0.0221915 0.034739 -0.0184557 0.0334386 0.00039003 0.69261
-0.0146557 0.0321158 -0.00925826 0.030237 0.000390274 0.706596
-0.0146557 0.0321158 -0.0124993 0.035441 0.000115856 0.0581324
0.0225854 -0.0059362 0.0253428 -0.00839457 0.000175011 0.140855
0.0253428 -0.00839457 0.0275068 -0.0090161 7.7911e-05 0.040999
0.0207342 -0.0221945 0.0222895 -0.0191682 3.37535e-05 0.0140527
0.0247164 -0.0198224 0.0222895 -0.0191682 2.29373e-05 0.000898477
0.0245446 -0.01478 0.0267548 -0.0104793 3.35755e-05 0.0161706
0.0267548 -0.0104793 0.0284509 -0.0111656 8.82583e-05 0.0609657
0.0297981 -0.00952739 0.0298551 -0.00969057 0.000314719 0.244094
0.0298551 -0.00969057 0.0428417 -0.0134206 7.8825e-05 0.0801832
0.0298551 -0.00969057 0.0306862 -0.0120701 0.000313971 0.235755
0.0306862 -0.0120701 0.0421297 -0.0167004 0.000103594 0.159119
0.0312384 -0.0136508 0.0365775 -0.0184109 0.000176898 0.384045
0.0365775 -0.0184109 0.0414853 -0.0196689 2.70959e-05 0.0120512
0.0401368 -0.0258803 0.0405268 -0.0240839 8.10166e-05 0.0638789
0.0405268 -0.0240839 0.0439864 -0.0250164 2.50231e-05 0.013413
0.0405268 -0.0240839 0.0407652 -0.0229858 8.08016e-05 0.063177
0.0407652 -0.0229858 0.0429468 -0.0240894 3.47027e-05 0.0225736
0.0456829 -0.0254736 0.05 -0.0276576 3.4679e-05 0.0228746
0.0456829 -0.0254736 0.05 -0.0266372 2.50496e-05 0.0129144
0.0446821 -0.0249673 0.0456829 -0.0254736 3.50344e-05 0.0227885
0.0446821 -0.0249673 0.05 -0.0238991 0.000123348 0.316533
0.0352305 -0.0226563 0.0405268 -0.0240839 2.34197e-05 0.0113232
0.0352305 -0.0226563 0.0384951 -0.0218374 0.000101738 0.240778
0.0325395 -0.0173759 0.0331542 -0.0191354 0.000269688 0.0853296
0.0331542 -0.0191354 0.0384951 -0.0218374 3.21905e-05 0.0175836
0.00784604 -0.0152752 0.0179489 -0.0179983 2.24722e-05 0.0028198
0.00784604 -0.0152752 0.0158301 -0.0235104 0.000243072 0.0159047
0.00689861 -0.00309706 0.00699088 -0.00248235 9.03914e-05 0.0508747
0.00689861 -0.00309706 0.0124523 -0.00469219 7.0976e-05 0.0330155
0.00544276 -0.0127963 0.00578474 -0.0105179 9.22024e-05 0.055328
0.00544276 -0.0127963 0.00784604 -0.0152752 0.000245742 0.0158298
0.0234044 -0.0224804 0.0217653 -0.025801 7.37235e-05 0.0474267
0.0207342 -0.0221945 0.0196669 -0.0184613 2.17093e-05 0.00440765
0.0199569 -0.023707 0.0207342 -0.0221945 3.37724e-05 0.0121824
0.0150887 -0.0254391 0.0170303 -0.0247483 0.000311874 0.354349
0.0150887 -0.0254391 0.0158301 -0.0235104 7.4749e-05 0.0196044
0.00866106 -0.0277261 0.0101681 -0.0271899 0.000312517 0.358861
0.00866106 -0.0277261 0.0087066 -0.0277688 0.000153362 0.0634988
0.00863331 -0.0277497 0.00994201 -0.0289998 0.000107247 0.0313701
0.00863331 -0.0277497 0.0087066 -0.0277688 5.32052e-05 0.0102414
0.0141232 -0.0279509 0.0153135 -0.0276524 0.000108807 0.054449
0.0141232 -0.0279509 0.0142739 -0.0275589 7.32241e-05 0.00897644
0.0100032 -0.0289844 0.0117229 -0.0285531 0.000110595 0.0522408
0.0100032 -0.0289844 0.012593 -0.0314127 0.000151212 0.0601035
0.00994201 -0.0289998 0.0100032 -0.0289844 0.000117015 0.0439713
0.00994201 -0.0289998 0.0124898 -0.0314334 0.000104095 0.0280284
0.00846053 -0.0293714 0.00959347 -0.0320152 0.000115651 0.0175932
0.00959347 -0.0320152 0.0124898 -0.0314334 0.000120232 0.0538503
0.0136947 -0.0290658 0.0141232 -0.0279509 7.34674e-05 0.0114876
0.0136947 -0.0290658 0.0167894 -0.0298705 5.12229e-05 0.0123114
0.0127397 -0.0315502 0.0128093 -0.0313692 6.97531e-05 0.0151821
0.0127397 -0.0315502 0.01489 -0.0335663 0.00014331 0.0437732
0.0127054 -0.0316394 0.0127397 -0.0315502 7.11116e-05 0.0111011
0.0127054 -0.0316394 0.014835 -0.0336735 0.000100212 0.0209849
-0.0194662 -0.000909324 -0.0196786 0.00186924 8.69612e-05 0.0123941
-0.0194662 -0.000909324 -0.0173055 -0.00297324 0.000115408 0.018457
-0.0194296 -0.00138849 -0.0194662 -0.000909324 9.29081e-05 0.0126221
-0.0194296 -0.00138849 -0.0176886 -0.00302077 0.000170298 0.0406694
-0.0173055 -0.00297324 -0.015546 -0.00275501 0.000119943 0.0621486
-0.0173055 -0.00297324 -0.0149788 -0.00519563 0.000119666 0.0166835
-0.0176886 -0.00302077 -0.0173055 -0.00297324 0.000123601 0.0592278
-0.0176886 -0.00302077 -0.0155158 -0.00505798 0.000162109 0.0339487
-0.0149788 -0.00519563 -0.0128852 -0.00573227 2.8326e-05 0.0029369
-0.0149788 -0.00519563 -0.0092509 -0.0106669 0.000113923 0.0172249
-0.0155158 -0.00505798 -0.0149788 -0.00519563 2.68993e-05 0.0018244
-0.0155158 -0.00505798 -0.00964767 -0.0105599 0.000158664 0.0345901
-0.0364765 -0.0160203 -0.0304868 -0.00895197 0.00029949 0.264577
-0.0323158 -0.00483502 -0.0304868 -0.00895197 0.000374714 0.00461976
-0.0215804 -0.00350347 -0.0192896 -0.00321934 0.000123248 0.0529018
-0.0215804 -0.00350347 -0.0192217 -0.00410808 2.92719e-05 0.0024167
-0.0132999 0.0243908 -0.0125871 0.0254219 6.71042e-05 0.0213867
-0.0135945 0.024565 -0.0132999 0.0243908 0.000328637 0.491479
-0.0140892 0.0232492 -0.0132999 0.0243908 6.22446e-05 0.0202773
-0.0143597 0.0238806 -0.0140892 0.0232492 0.000132949 0.0132881
-0.0110535 0.0161654 -0.00963023 0.0156607 0.000150515 0.124716
-0.0140892 0.0232492 -0.0110535 0.0161654 0.00011898 0.0129242
-0.0231712 0.0101122 -0.0206601 0.0137445 6.59178e-05 0.0205583
-0.0268552 0.0112228 -0.0231712 0.0101122 0.000323996 0.552854
-0.023382 0.00980732 -0.0231712 0.0101122 7.3512e-05 0.029426
-0.023382 0.00980732 -0.0201866 0.00851437 0.000111922 0.0614758
-0.023557 0.00955423 -0.023382 0.00980732 6.06433e-05 0.0209191
-0.023557 0.00955423 -0.0201337 0.00782243 3.58591e-05 0.00583848
-0.0282489 0.0114591 -0.0281347 0.0113313 0.00030743 0.235206
-0.0281347 0.0113313 -0.0279844 0.0115631 7.66275e-05 0.0269295
-0.0217903 0.00131067 -0.0194662 -0.000909324 0.000115643 0.0175989
-0.0220197 0.00104 -0.0217903 0.00131067 0.00027866 0.279347
-0.0265237 0.00526295 -0.0262868 0.00560566 5.03582e-05 0.00746677
-0.0265237 0.00526295 -0.0220197 0.00104 0.000135926 0.0520271
-0.0251044 -0.00260018 -0.0215804 -0.00350347 2.53014e-05 0.0017269
-0.0263736 -0.00409799 -0.0251044 -0.00260018 0.000290165 0.267792
0.027312 0.0025608 0.0325092 0.000717867 0.000144911 0.211293
0.027312 0.0025608 0.0315732 0.00308933 0.000123976 0.163508
0.0297346 -0.00965597 0.0298551 -0.00969057 7.59354e-05 0.0463517
0.0288998 -0.0113472 0.0297346 -0.00965597 8.38113e-05 0.0317362
0.0380694 -0.0354037 0.0392844 -0.029807 7.6809e-05 0.0883979
0.0392844 -0.029807 0.0441759 -0.0302466 0.000120453 0.318436
-0.0168058 -0.0357093 -0.0102404 -0.0340624 0.000113947 0.0434296
-0.0172736 -0.0295896 -0.0168058 -0.0357093 7.50718e-05 0.00460178
-0.0363896 -0.0406218 -0.0341654 -0.0400639 0.000149946 0.0644976
-0.0363896 -0.0406218 -0.035836 -0.0411401 0.000115252 0.0376553
0.0120432 0.0311774 0.0119076 0.030274 8.63055e-05 0.00183905
0.00664838 0.0348709 0.0119076 0.030274 0.000254409 0.307192
-0.00580815 0.0457587 -0.00126987 0.0417919 0.000234718 0.0270877
-0.00126987 0.0417919 0.000762129 0.0447311 6.68035e-05 0.00272026
0.00425806 0.0405309 0.0103954 0.0460197 0.000169839 0.0961527
0.00203864 0.0431975 0.00425806 0.0405309 2.6448e-05 0.00143588
0.00309769 0.0394932 0.00425806 0.0405309 0.000170098 0.0960211
0.00203864 0.0431975 0.00309769 0.0394932 2.13905e-05 0.000232218
0.00223883 0.0387251 0.00367658 0.0374684 0.000316887 0.265328
0.00309769 0.0394932 0.00367658 0.0374684 2.13905e-05 0.000266509
0.00419724 0.0319783 0.00498158 0.0329039 0.000291674 0.304342
0.00367658 0.0374684 0.00498158 0.0329039 2.36445e-05 0.000174853
0.00781914 0.0362525 0.0120432 0.0311774 3.01766e-05 0.00383503
0.0131062 0.0382591 0.0120432 0.0311774 8.40161e-05 0.00132614
0.0120593 0.0412562 0.0131062 0.0382591 0.000354261 0.303916
0.0131062 0.0382591 0.0142945 0.0461761 9.74791e-05 0.00463557
0.0313775 0.0169369 0.0317427 0.0167348 0.000119311 0.171627
0.0317427 0.0167348 0.0397398 0.0147875 0.000136698 0.247278
0.0358009 0.00263369 0.0363161 0.00367761 8.57382e-05 0.0399439
0.0363161 0.00367761 0.0415878 0.00433147 0.000122572 0.218146
0.0045319 -0.0266833 0.00765677 -0.0274958 5.86946e-05 0.0242914
0.0045319 -0.0266833 0.00595249 -0.026811 0.000104556 0.0121068
0.0028938 -0.0297781 0.00787526 -0.0280057 0.000314464 0.332555
0.00337395 -0.0265792 0.0028938 -0.0297781 9.83558e-05 0.0269853
-0.00984838 -0.0343117 -0.00653594 -0.0331332 0.000315302 0.320427
-0.00984838 -0.0343117 -0.00792624 -0.0355342 3.33101e-05 0.00301229
-0.00792624 -0.0355342 0.00233931 -0.0334722 0.000121584 0.0510343
-0.00792624 -0.0355342 0.00116224 -0.0413141 3.0437e-05 0.00310873
0.0313377 0.0168335 0.0317427 0.0167348 0.00047728 3.50669
0.0313377 0.0168335 0.0313775 0.0169369 7.4884e-05 0.0702089
-0.00592698 0.0200308 0.00904148 0.0111793 0.000306406 0.539012
0.00978205 0.0161131 0.00904148 0.0111793 0.000139755 0.00841901
-0.0158391 0.0283212 -0.0126117 0.0254439 0.00234714 16.7712
-0.0126117 0.0254439 -0.0125074 0.0255371 0.00137807 10.2673
-0.00774825 0.0211078 -0.0061909 0.0197194 0.0001945 0.139122
-0.00963023 0.0156607 -0.0061909 0.0197194 0.000297665 0.484069
-0.0217903 0.00131067 -0.0205196 0.00281026 0.000276437 0.284333
-0.0228853 0.00545744 -0.0205196 0.00281026 0.000305756 0.231462
-0.0205196 0.00281026 -0.0198142 0.00364269 0.000279743 0.434975
-0.0198142 0.00364269 -0.0198871 0.00459629 9.28642e-05 0.013721
-0.00416004 7.91886e-05 -0.00070239 -0.000913913 7.51765e-05 0.0316527
-0.00517119 0.00243874 -0.00416004 7.91886e-05 0.000114559 0.00253826
-0.00570439 0.000522754 -0.00416004 7.91886e-05 7.63719e-05 0.0351054
-0.00570439 0.000522754 -0.00397527 -0.000351996 3.64059e-05 0.00671161
-0.017431 0.00645512 -0.0168351 0.00715826 0.000277597 0.439681
-0.0168351 0.00715826 -0.00517119 0.00243874 0.000104054 0.0556323
-0.0231712 0.0101122 -0.0202413 0.009229 0.000323402 0.556367
-0.0202413 0.009229 -0.0205842 0.0137145 9.68421e-05 0.0104949
-0.0161305 0.00798981 -0.0136158 0.0109574 0.000312394 0.530694
-0.0136158 0.0109574 -0.00784293 0.00867334 0.000163413 0.141727
-0.0135945 0.024565 -0.0126117 0.0254439 0.000782814 3.4367
-0.0150123 0.0254034 -0.0135945 0.024565 0.000867804 3.20088
-0.0143597 0.0238806 -0.0135945 0.024565 0.000230335 0.321576
-0.0150123 0.0254034 -0.0143597 0.0238806 0.000365201 0.0626616
-0.0212174 0.0219977 -0.0217839 0.0294078 9.66109e-05 0.0169205
-0.0212174 0.0219977 -0.017901 0.0271116 7.88051e-05 0.0327925
0.0408212 0.0128043 0.047993 0.0103078 0.00145143 29.2467
0.0403972 0.0119455 0.0408212 0.0128043 0.000750827 8.84481
0.00371968 0.0490092 0.00945447 0.0487133 3.2195e-05 0.0059711
0.0117214 0.0485964 0.0124794 0.0478835 7.21898e-05 0.00028456
0.0124794 0.0478835 0.0131918 0.0485206 0.000161201 0.0085462
0.0145618 0.0497459 0.0148086 0.049601 3.56763e-05 0.0333318
0.0148086 0.049601 0.0146352 0.0484461 8.30702e-05 0.00922213
0.0131918 0.0485206 0.0146352 0.0484461 3.09266e-05 0.00633609
-0.0061909 0.0197194 -0.00592698 0.0200308 0.000295822 0.474689
-0.00774825 0.0211078 -0.00592698 0.0200308 0.001774 14.6986
-0.00642169 0.0309798 -0.00193877 0.027689 7.72712e-05 0.0229655
-0.00193877 0.027689 -7.21369e-06 0.0270167 0.000413348 0.853522
-0.0401716 0.0409978 -0.0235794 0.0352221 0.000883617 3.76248
-0.0401716 0.0409978 -0.0353736 0.0457372 7.04298e-05 0.0418189
0.0144284 -0.000138394 0.0141243 0.000925088 2.19473e-05 0.000258935
0.0144284 -0.000138394 0.017402 -0.00131493 0.000139688 0.113304
0.00749381 0.000868339 0.00929331 0.000325885 0.000287088 0.495915
0.00929331 0.000325885 0.0123094 0.00069998 0.000114614 0.093848
0.0225854 -0.0059362 0.0233622 -0.00391516 7.84639e-05 0.0208408
0.0187637 -0.00252893 0.0225854 -0.0059362 0.000178332 0.135324
0.0216353 -0.00840786 0.0267548 -0.0104793 8.88062e-05 0.0584668
0.0216353 -0.00840786 0.0220085 -0.00743691 6.88609e-05 0.0356394
0.0267349 -0.015888 0.0331542 -0.0191354 3.17571e-05 0.0148085
0.0267349 -0.015888 0.0325395 -0.0173759 2.30497e-05 0.00917162
0.0200584 -0.0125104 0.0245446 -0.01478 3.23566e-05 0.00345655
0.0200584 -0.0125104 0.0216353 -0.00840786 6.76339e-05 0.0468511
0.026667 -0.0158706 0.0267349 -0.015888 2.31598e-05 0.0095395
0.0247164 -0.0198224 0.026667 -0.0158706 7.37372e-05 0.0961456
0.0242964 -0.0152629 0.026667 -0.0158706 2.29688e-05 0.00296839
0.0222895 -0.0191682 0.0242964 -0.0152629 3.36366e-05 0.0154264
0.0197 -0.0299852 0.0205122 -0.0283397 8.07587e-05 0.0168995
0.0205122 -0.0283397 0.021715 -0.0295804 0.000273892 0.28198
0.0205122 -0.0283397 0.0206162 -0.028129 8.61814e-05 0.0838398
0.0206162 -0.028129 0.0224787 -0.0282964 0.000115031 0.189922
0.0206162 -0.028129 0.0216341 -0.0260669 8.24809e-05 0.037967
0.0216341 -0.0260669 0.0218274 -0.0260184 0.000108577 0.180649
0.0217653 -0.025801 0.0218274 -0.0260184 2.18005e-05 0.0117037
0.0218274 -0.0260184 0.0344522 -0.0228515 0.000107846 0.18364
0.0263675 -0.0286459 0.0392844 -0.029807 0.000126278 0.282157
0.0263675 -0.0286459 0.0358135 -0.0267486 0.000124615 0.228289
0.0361102 -0.0444284 0.0369058 -0.045249 0.000254901 0.145719
0.0358697 -0.0455362 0.0361102 -0.0444284 7.60886e-05 0.020731
0.0380694 -0.0354037 0.0446417 -0.0371126 5.0691e-05 0.0732112
0.0361102 -0.0444284 0.0380694 -0.0354037 7.83962e-05 0.112044
-0.0107736 0.0270877 -0.00179886 0.0249024 0.00147508 11.6183
-0.0107736 0.0270877 -0.0078143 0.0297343 0.000290331 0.457068
-0.00925826 0.030237 -0.0079627 0.0321109 0.000104478 0.0425078
-0.00925826 0.030237 -0.0078143 0.0297343 0.000407966 0.770836
-0.0169423 0.0285899 -0.0163121 0.0284364 0.000606568 2.07242
-0.0169423 0.0285899 -0.0166485 0.0290429 0.00149251 12.9913
-0.0201866 0.00851437 -0.0202413 0.009229 9.73224e-05 0.0182459
-0.0201866 0.00851437 -0.0168351 0.00715826 0.000107229 0.0574801
-0.0201337 0.00782243 -0.0201866 0.00851437 8.38109e-05 0.0126324
-0.0201337 0.00782243 -0.017431 0.00645512 3.55751e-05 0.00587625
-0.0297207 0.0088857 -0.0281347 0.0113313 8.12785e-05 0.0218498
-0.0297207 0.0088857 -0.0275275 0.00679075 0.000110039 0.0336124
-0.0299729 0.00849686 -0.0297207 0.0088857 6.40312e-05 0.0126587
-0.0299729 0.00849686 -0.0284296 0.00704984 0.000136411 0.0528876
-0.0280045 0.0116777 -0.0279142 0.0117585 0.000200874 0.21933
-0.0280045 0.0116777 -0.0279297 0.0116474 0.00010411 0.051594
-0.0280952 0.0115966 -0.0280045 0.0116777 0.000200865 0.217425
-0.0284738 0.0117107 -0.0280952 0.0115966 0.00029546 0.456201
-0.0282489 0.0114591 -0.0280952 0.0115966 0.000256139 0.353331
-0.0284738 0.0117107 -0.0282489 0.0114591 0.000351941 0.350783
-0.0419703 -0.0225035 -0.0342233 -0.0231998 0.000136765 0.0491437
-0.0480626 -0.0296929 -0.0419703 -0.0225035 0.000314437 0.261224
-0.0341654 -0.0400639 -0.0332804 -0.0406268 0.000163743 0.0839056
-0.0341654 -0.0400639 -0.0218692 -0.0369794 0.000122103 0.0469209
-0.0104318 0.0147147 -0.00784293 0.00867334 0.000138116 0.0174456
-0.00784293 0.00867334 0.00773991 0.00250792 0.000157851 0.139553
0.0123094 0.00069998 0.0144284 -0.000138394 0.000140002 0.113091
0.0123094 0.00069998 0.0141243 0.000925088 0.000125208 0.117806
0.00837422 0.00673381 0.0138625 0.00184068 0.000192095 0.135717
0.0138625 0.00184068 0.0121161 0.00794934 2.35678e-05 0.00106209
0.0257784 0.00237058 0.027312 0.0025608 9.64362e-05 0.10547
0.0257784 0.00237058 0.0260267 0.00301657 6.70777e-05 0.0277265
0.0256477 0.00235438 0.0257784 0.00237058 9.58804e-05 0.101631
0.0253302 0.00326358 0.0256477 0.00235438 0.000270766 0.0484762
0.0242566 0.00218183 0.0256477 0.00235438 9.25934e-05 0.0209751
0.0203295 0.00450413 0.0242566 0.00218183 0.000237403 0.0783172
0.023443 -0.00370508 0.0259314 -0.00468961 0.000147859 0.124838
0.023443 -0.00370508 0.0254374 0.00148353 8.54291e-05 0.0390281
0.0256477 0.00235438 0.025707 0.00218477 0.000260655 0.0204234
0.025707 0.00218477 0.0257784 0.00237058 6.87353e-05 0.0332652
0.0242566 0.00218183 0.0254374 0.00148353 0.000263229 0.118096
0.0254374 0.00148353 0.025707 0.00218477 7.16546e-05 0.00782761
0.026667 -0.0158706 0.0266737 -0.015857 7.37012e-05 0.0941199
0.0266737 -0.015857 0.0267349 -0.015888 3.17801e-05 0.0144979
0.0270459 -0.00991294 0.0284509 -0.0111656 0.000171326 0.141135
0.0284509 -0.0111656 0.0288998 -0.0113472 9.87153e-05 0.0702005
0.0485758 -0.0193087 0.05 -0.0189514 0.000115028 0.266146
0.0485758 -0.0193087 0.05 -0.0198849 9.94455e-05 0.190112
0.044282 -0.0203858 0.0485758 -0.0193087 0.000113768 0.25632
0.044282 -0.0203858 0.05 -0.0218515 2.60171e-05 0.0134397
0.0414853 -0.0196689 0.0421297 -0.0167004 8.43426e-05 0.019703
0.0421297 -0.0167004 0.0485758 -0.0193087 0.000100687 0.202202
0.0189592 -0.0267379 0.0202784 -0.0280986 0.000276139 0.339895
0.0189592 -0.0267379 0.0216341 -0.0260669 0.000112694 0.116321
0.0167894 -0.0298705 0.0178138 -0.0278771 3.64147e-05 0.00339967
0.0178138 -0.0278771 0.0202784 -0.0280986 0.000110844 0.0630401
0.0178138 -0.0278771 0.0183164 -0.0268991 3.82983e-05 0.00166115
0.0183164 -0.0268991 0.0189592 -0.0267379 0.000107539 0.0524092
0.0199569 -0.023707 0.0210549 -0.0233163 0.000277005 0.0401424
0.0199569 -0.023707 0.0185933 -0.0263604 3.36703e-05 0.00340002
0.00581157 -0.0250544 0.00716424 -0.0263465 0.000113297 0.0348391
0.00581157 -0.0250544 0.00714719 -0.0263067 0.000155012 0.0670693
0.0101681 -0.0271899 0.0142739 -0.0275589 0.000111778 0.055017
0.0101681 -0.0271899 0.0150887 -0.0254391 0.000311853 0.358461
0.0078269 -0.0269794 0.00786874 -0.0269832 0.00010697 0.0754294
0.0078269 -0.0269794 0.00862282 -0.0277397 0.000101323 0.0388357
0.00716424 -0.0263465 0.00714719 -0.0263067 0.000129369 0.0128704
0.00716424 -0.0263465 0.0078269 -0.0269794 0.00010611 0.0310953
0.00578474 -0.0105179 0.018314 -0.0137295 2.34727e-05 0.00330108
0.00578474 -0.0105179 0.00651414 -0.00565849 9.17348e-05 0.0555304
-0.00416004 7.91886e-05 -0.00397527 -0.000351996 0.000125098 0.00473473
-0.00397527 -0.000351996 -0.00243879 -0.00112928 3.66136e-05 0.00632463
0.00737671 8.81628e-05 0.00929331 0.000325885 0.000103967 0.0857913
0.00737671 8.81628e-05 0.00749381 0.000868339 9.65024e-05 0.0474505
-0.00070239 -0.000913913 0.00221908 -0.000551554 0.000104098 0.0762592
-0.00070239 -0.000913913 0.00689861 -0.00309706 7.07387e-05 0.0265917
-0.00243879 -0.00112928 -0.00070239 -0.000913913 0.000103088 0.0721714
-0.00243879 -0.00112928 0.00651414 -0.00565849 3.23115e-05 0.00382007
-0.00653594 -0.0331332 0.00273943 -0.0308065 0.000109318 0.0400081
-0.00653594 -0.0331332 0.0028938 -0.0297781 0.000315088 0.322261
-0.0176482 -0.0246896 -0.0179426 -0.0208395 8.96336e-05 0.0064934
-0.0176482 -0.0246896 0.00337395 -0.0265792 0.000118865 0.0450414
-0.0261544 -0.0187042 -0.0304868 -0.00895197 0.00037056 0.000920524
-0.0261544 -0.0187042 -0.0179426 -0.0208395 4.71583e-05 0.0060924
-0.0342233 -0.0231998 -0.0218692 -0.0369794 5.64664e-05 0.00712177
-0.0342233 -0.0231998 -0.0261849 -0.0239223 0.000130634 0.0494331
-0.0280952 0.0115966 -0.0279844 0.0115631 0.000330352 0.54977
-0.0279844 0.0115631 -0.0279297 0.0116474 8.89653e-05 0.03598
-0.0279844 0.0115631 -0.0269532 0.0112523 0.000326027 0.553576
-0.0269532 0.0112523 -0.0267553 0.0111722 0.000117464 0.0661526
-0.0277797 0.0118787 -0.025363 0.0156052 7.63748e-05 0.02555
-0.0277797 0.0118787 -0.0241497 0.0151252 0.000200865 0.22018
-0.0205842 0.0137145 -0.0136158 0.0109574 0.000140965 0.103577
-0.0205842 0.0137145 -0.0205938 0.0138404 8.92314e-05 0.00856009
-0.0205938 0.0138404 -0.0174246 0.0184246 5.92246e-05 0.0172875
-0.0205938 0.0138404 -0.0209133 0.0180196 8.55278e-05 0.00857313
-0.0241497 0.0151252 -0.0206601 0.0137445 0.000140258 0.0997187
-0.0241497 0.0151252 -0.0209133 0.0180196 0.000202651 0.231653
-0.0231368 0.0471047 -0.00974227 0.0396923 0.000163777 0.0871157
-0.00974227 0.0396923 -0.00580815 0.0457587 9.60913e-05 0.0667222
-0.00466419 0.0368821 -0.00167286 0.0352268 0.000150667 0.0814487
-0.00167286 0.0352268 0.00223883 0.0387251 0.000262829 0.348833
0.0282438 0.00878432 0.0299248 0.00969347 0.000680938 0.580092
0.0282438 0.00878432 0.0290139 0.0107879 0.000106928 0.0309055
0.0338746 0.00337478 0.0350615 0.00352199 0.000125542 0.185612
0.0331377 0.0019409 0.0338746 0.00337478 4.26869e-05 0.010219
0.0299248 0.00969347 0.0290139 0.0107879 4.23859e-05 0.00430379
0.0299248 0.00969347 0.0333401 0.0115405 0.00067941 0.579906
0.0343745 0.00434743 0.0350615 0.00352199 3.64677e-05 0.0197813
0.0350615 0.00352199 0.0363161 0.00367761 0.00012716 0.186398
-0.0367862 0.0469967 -0.0353736 0.0457372 0.0010185 0.191892
-0.0353736 0.0457372 -0.0321437 0.0489277 0.000219906 0.0306088
0.0247164 -0.0198224 0.034296 -0.0224044 2.26653e-05 0.00977951
0.0234044 -0.0224804 0.0247164 -0.0198224 7.38508e-05 0.0992781
0.0242964 -0.0152629 0.0245446 -0.01478 3.35689e-05 0.0154294
0.0245446 -0.01478 0.0266737 -0.015857 3.15541e-05 0.00275248
0.0414853 -0.0196689 0.044282 -0.0203858 2.6813e-05 0.0148016
0.0411596 -0.021169 0.0414853 -0.0196689 8.54247e-05 0.0202768
0.0384951 -0.0218374 0.0399979 -0.0214604 0.000101629 0.240075
0.0384951 -0.0218374 0.0407652 -0.0229858 3.32799e-05 0.0199476
0.0312384 -0.0136508 0.0325395 -0.0173759 0.000269924 0.085445
0.0325395 -0.0173759 0.0365775 -0.0184109 2.36127e-05 0.0111229
0.00699088 -0.00248235 0.00737671 8.81628e-05 8.99793e-05 0.0439891
0.00699088 -0.00248235 0.0124523 -0.00469219 9.17063e-05 0.0485328
0.0124523 -0.00469219 0.0160235 -0.00571791 7.05854e-05 0.0330898
0.0124523 -0.00469219 0.0161591 -0.00619204 9.10804e-05 0.0489503
0.0087066 -0.0277688 0.0100032 -0.0289844 0.000152572 0.063712
0.0087066 -0.0277688 0.0117229 -0.0285531 5.20442e-05 0.010809
0.0153135 -0.0276524 0.0183164 -0.0268991 0.000107965 0.0519925
0.0153135 -0.0276524 0.0178138 -0.0278771 0.000111445 0.0621599
0.0142739 -0.0275589 0.0150887 -0.0254391 7.33126e-05 0.00259946
0.0142739 -0.0275589 0.0153135 -0.0276524 0.000111809 0.0591756
0.0117229 -0.0285531 0.0141232 -0.0279509 0.000109819 0.0522473
0.0117229 -0.0285531 0.0136947 -0.0290658 5.31394e-05 0.0113361
0.012593 -0.0314127 0.0127397 -0.0315502 0.000143224 0.0456818
0.012593 -0.0314127 0.0128093 -0.0313692 0.000126575 0.0764689
0.0124898 -0.0314334 0.0127054 -0.0316394 0.000100732 0.0224234
0.0124898 -0.0314334 0.012593 -0.0314127 0.00012129 0.0588123
0.0194191 -0.0305542 0.0234218 -0.031595 4.85244e-05 0.0112748
0.0169698 -0.0355163 0.0194191 -0.0305542 7.79989e-05 0.0232959
0.0167894 -0.0298705 0.0183068 -0.030265 5.05496e-05 0.0125698
0.0163886 -0.0306503 0.0167894 -0.0298705 3.74114e-05 0.00343657
0.0128093 -0.0313692 0.0136947 -0.0290658 7.37451e-05 0.0118273
0.0128093 -0.0313692 0.0163886 -0.0306503 0.000125509 0.0786066
0.0169698 -0.0355163 0.0273164 -0.0452172 0.000141231 0.0396679
0.0169039 -0.0356497 0.0169698 -0.0355163 7.81213e-05 0.0153121
0.01489 -0.0335663 0.0169698 -0.0355163 0.000142764 0.0435906
0.014835 -0.0336735 0.01489 -0.0335663 3.48008e-05 0.00340252
0.0169039 -0.0356497 0.0274652 -0.0457378 9.55536e-05 0.0182588
0.0138245 -0.0418884 0.0169039 -0.0356497 7.37805e-05 0.0118439
0.014835 -0.0336735 0.0169039 -0.0356497 9.91777e-05 0.0208418
0.0123643 -0.038481 0.014835 -0.0336735 3.37999e-05 0.00244128
-0.0125074 0.0255371 -0.0113401 0.0272257 0.000350347 0.572754
-0.0125074 0.0255371 -0.0107736 0.0270877 0.00142944 11.1334
-0.0125871 0.0254219 -0.0125074 0.0255371 0.000754854 2.60458
-0.0126117 0.0254439 -0.0125871 0.0254219 0.00199129 14.0139
-0.0251044 -0.00260018 -0.0220197 0.00104 0.000288476 0.269335
-0.0220197 0.00104 -0.0194296 -0.00138849 0.000172351 0.0401847
0.0288249 -0.011499 0.0288998 -0.0113472 8.05229e-05 0.0382806
0.0288998 -0.0113472 0.0306862 -0.0120701 9.6934e-05 0.0758504
-0.00580815 0.0457587 -0.0103577 0.0497353 0.000161947 1.3516e-05
-0.00580815 0.0457587 -0.00346 0.0493795 7.54959e-05 0.000679129
0.000762129 0.0447311 0.00135499 0.0455887 5.97651e-05 0.00272729
-0.00309095 0.0493605 0.000762129 0.0447311 2.65031e-05 0.00049632
0.000762129 0.0447311 0.00203864 0.0431975 2.7091e-05 0.00117679
0.00135499 0.0455887 0.00203864 0.0431975 2.25375e-05 0.000490871
0.0198986 0.0232893 0.0313775 0.0169369 0.000122412 0.142754
0.0313775 0.0169369 0.0350957 0.0266099 7.6933e-05 0.0293144
-0.0125871 0.0254219 -0.00774825 0.0211078 0.00192672 13.4638
-0.0132999 0.0243908 -0.00774825 0.0211078 0.000328047 0.491836
-0.00517119 0.00243874 -0.00627716 0.00501956 0.000116817 0.00073439
-0.00517119 0.00243874 0.00221908 -0.000551554 0.000101419 0.0533647
-0.0191786 0.00439278 -0.017431 0.00645512 0.000277632 0.439579
-0.017431 0.00645512 -0.00570439 0.000522754 3.48842e-05 0.00562403
-0.017901 0.0271116 -0.0150123 0.0254034 0.000868151 3.16226
-0.0163121 0.0284364 -0.0150123 0.0254034 0.000502741 0.110014
-0.0217839 0.0294078 -0.021812 0.0297757 0.000266888 0.138825
-0.0228218 0.0300215 -0.0217839 0.0294078 0.000893776 3.18219
-0.017901 0.0271116 -0.0169423 0.0285899 0.000234752 0.281205
-0.0217839 0.0294078 -0.017901 0.0271116 0.000878121 3.19859
0.0131918 0.0485206 0.0145618 0.0497459 0.000161201 0.00737687
0.0117214 0.0485964 0.0131918 0.0485206 3.09266e-05 0.000241105
-0.0079627 0.0321109 -0.00642169 0.0309798 0.000107832 0.0464706
-0.00642169 0.0309798 -0.00167286 0.0352268 0.00026719 0.358476
0.0141243 0.000925088 0.0138625 0.00184068 2.45526e-05 0.000303427
0.0141243 0.000925088 0.0147961 0.00100841 0.000124752 0.118224
0.0194191 -0.0305542 0.0197 -0.0299852 7.87713e-05 0.0236479
0.0197 -0.0299852 0.021715 -0.0295804 0.000124039 0.0842174
0.021715 -0.0295804 0.0233188 -0.0312346 0.000257236 0.177209
0.021715 -0.0295804 0.0227844 -0.0293656 0.000136091 0.309307
-0.0078143 0.0297343 -0.00642169 0.0309798 0.000263686 0.350967
-0.0078143 0.0297343 -0.00193877 0.027689 0.000415218 0.854084
-0.0279297 0.0116474 -0.0269532 0.0112523 0.000109915 0.0590917
-0.0279297 0.0116474 -0.0278717 0.011737 7.70816e-05 0.0269499
-0.0346169 0.0135625 -0.0284738 0.0117107 0.000327698 0.509072
-0.0286934 0.0119564 -0.0284738 0.0117107 0.000304801 0.299939
-0.0218692 -0.0369794 -0.0168058 -0.0357093 0.000116998 0.0465137
-0.0218692 -0.0369794 -0.0208395 -0.0381279 5.95308e-05 0.0115797
0.00786874 -0.0269832 0.00866106 -0.0277261 0.000151643 0.085357
0.00786874 -0.0269832 0.0101681 -0.0271899 0.000110471 0.0523808
0.00714719 -0.0263067 0.00786874 -0.0269832 0.000156062 0.0683171
0.00714719 -0.0263067 0.00438304 -0.0198564 0.000119655 0.0116997
0.00651414 -0.00565849 0.00689861 -0.00309706 9.13481e-05 0.0554022
0.00651414 -0.00565849 0.0176116 -0.0112726 3.26776e-05 0.00479301
0.00221908 -0.000551554 0.00737671 8.81628e-05 0.000108054 0.0882936
0.00221908 -0.000551554 0.00699088 -0.00248235 9.20104e-05 0.0414109
-0.0209133 0.0180196 -0.0210423 0.0197074 8.93896e-05 0.00734719
-0.0209133 0.0180196 -0.0195985 0.0191954 0.000201447 0.233417
0.0290139 0.0107879 0.0303184 0.0141817 0.000109985 0.0482843
0.0221123 0.0190799 0.0290139 0.0107879 0.000116311 0.0156774
0.0183068 -0.030265 0.0194191 -0.0305542 5.18754e-05 0.011428
0.0183068 -0.030265 0.0197 -0.0299852 0.000124649 0.0798096
0.01489 -0.0335663 0.0163886 -0.0306503 3.53075e-05 0.00476829
0.0163886 -0.0306503 0.0183068 -0.030265 0.000125241 0.0790925
0.00135499 0.0455887 0.00371968 0.0490092 5.48541e-05 0.00279618
0.000327051 0.0491842 0.00135499 0.0455887 2.13905e-05 6.76975e-05
