# time=600000
x1 y1 x2 y2 aperture velocity
0.0443843 -0.00631477 0.05 -0.010437 5.38176e-05 0.0825834
0.0440694 -0.0250904 0.05 -0.0303778 0.00016468 0.424546
-0.05 0.000316541 -0.04286 -0.00160796 2.22582e-05 0.0023214
-0.05 -0.0312056 -0.04959 -0.0314953 0.000356614 0.379946
0.0474957 0.00801726 0.05 0.0066314 0.000198619 0.571964
0.0458809 0.000579001 0.05 -0.00302134 0.000240512 0.878555
-0.05 0.0299759 -0.0423835 0.0272751 0.000129363 0.0792912
-0.05 -0.0125039 -0.0445168 -0.0139297 4.557e-05 0.00906644
0.0450408 -0.0429945 0.05 -0.0416201 9.99794e-05 0.264955
0.0477065 0.0302897 0.05 0.0347524 3.30357e-05 0.0076571
-0.05 -0.043985 -0.0489825 -0.0437807 0.000111544 0.0434669
-0.05 0.0229315 -0.0399407 0.0178426 3.11145e-05 0.00425452
-0.05 0.0272741 -0.046455 0.0239504 0.000136534 0.0670447
-0.05 -0.00702845 -0.0488496 -0.00688577 9.4142e-05 0.0424192
0.0497351 -0.0141077 0.05 -0.014426 3.13077e-05 0.0191908
0.0490599 0.0294953 0.05 0.0313998 7.34959e-05 0.035063
-0.05 0.025353 -0.046455 0.0239504 0.000117012 0.0627673
-0.05 0.0444191 -0.0461801 0.0430894 0.000527491 3.29951
-0.05 0.0366396 -0.0456549 0.0355815 0.000118883 0.0965607
-0.05 0.0132453 -0.0320246 0.00808241 6.46759e-05 0.0196255
-0.05 0.00378124 -0.039767 0.00115824 2.26532e-05 0.00241695
0.0487448 0.0137711 0.05 0.0195529 7.9063e-05 0.019415
-0.05 -0.0286948 -0.0496576 -0.0281995 4.88291e-05 0.0053275
-0.05 -0.027879 -0.0496576 -0.0281995 0.00010176 0.0297011
-0.05 -0.00799343 -0.0488104 -0.00692954 0.000171524 0.105762
-0.05 -0.00560268 -0.0488496 -0.00688577 4.70573e-05 0.00712927
0.0487448 0.0137711 0.05 0.0125904 8.93045e-05 0.085048
-0.05 -0.0440359 -0.0489825 -0.0437807 9.59352e-05 0.0318098
-0.05 -0.0299924 -0.048906 -0.0306882 0.000110426 0.0395669
-0.05 0.0415005 -0.0461801 0.0430894 3.30736e-05 0.0126891
0.0453562 -0.0476437 0.05 -0.044689 8.51718e-05 0.178674
-0.05 -0.00877678 -0.043752 -0.0127503 2.93384e-05 0.00329911
-0.05 0.0282563 -0.0448113 0.0233 9.34728e-05 0.0312511
-0.05 0.0205776 -0.0374354 0.0154937 8.40817e-05 0.0323024
0.0490599 0.0294953 0.05 0.0289434 3.6433e-05 0.0167876
0.0429283 0.0469867 0.05 0.046622 3.09266e-05 0.0223854
-0.05 0.0312895 -0.0478601 0.0334032 7.043e-05 0.0178873
-0.05 -0.0223847 -0.0496305 -0.0218149 6.2024e-05 0.00870749
-0.05 -0.0217817 -0.0496305 -0.0218149 9.89772e-05 0.040589
-0.0228246 0.0430204 -0.0224412 0.042739 6.7993e-05 0.0118558
-0.0224412 0.042739 -0.0228816 0.0437668 0.00013789 0.015198
0.0101839 0.0187903 0.0232593 0.00919225 6.3745e-05 0.0200738
0.019591 0.0196938 0.0232593 0.00919225 0.000511645 0.433029
0.0348415 0.000690202 0.0369482 -0.000856241 5.48519e-05 0.0359492
0.0369482 -0.000856241 0.0394415 -0.00174035 0.000144665 0.301194
0.0369482 -0.000856241 0.0414656 -0.00417222 5.57691e-05 0.0102213
0.0414656 -0.00417222 0.0394415 -0.00174035 2.83478e-05 0.0049923
0.0414656 -0.00417222 0.0443843 -0.00631477 5.34066e-05 0.0112718
0.0441494 -0.00739678 0.0443843 -0.00631477 7.73896e-05 0.24964
-0.0166485 0.0290429 -0.0165246 0.0289324 0.000394494 0.443544
-0.0166024 0.029114 -0.0165246 0.0289324 0.000172965 0.00877477
0.0429468 -0.0240894 0.0439864 -0.0250164 0.000164622 0.384935
0.0439864 -0.0250164 0.0441792 -0.0250683 2.52881e-05 0.0124756
0.0439864 -0.0250164 0.0440694 -0.0250904 0.000164529 0.3852
0.0440694 -0.0250904 0.0441792 -0.0250683 0.000121936 0.307093
0.0017112 -0.0136216 -0.000285636 -0.00896189 0.000112376 0.0213224
0.0017112 -0.0136216 0.0051786 -0.0145562 2.32461e-05 0.00172258
0.00765677 -0.0274958 0.00787526 -0.0280057 0.000115851 0.0502709
0.00787526 -0.0280057 0.00861096 -0.0277439 0.000310664 0.342346
0.0111578 -0.0356656 0.0123643 -0.038481 0.000108876 0.00840962
0.00850765 -0.0459855 0.0123643 -0.038481 3.30298e-05 0.000266294
0.0123643 -0.038481 0.0138245 -0.0418884 0.000107915 0.00779849
0.011015 -0.0475801 0.0138245 -0.0418884 7.20998e-05 0.000468005
-0.0189195 -0.00806083 -0.00964767 -0.0105599 2.23592e-05 0.00140925
-0.0189195 -0.00806083 -0.0192217 -0.00410808 7.40194e-05 0.00700541
-0.0313376 -0.00471369 -0.0277213 -0.00568841 2.25449e-05 0.00143214
-0.0313376 -0.00471369 -0.0263736 -0.00409799 9.51819e-05 0.0313856
-0.0330937 -0.00424034 -0.0325101 -0.00439765 2.33645e-05 0.00215967
-0.0330937 -0.00424034 -0.032781 -0.00378792 5.09053e-05 0.0112404
-0.04286 -0.00160796 -0.0374684 -0.00306119 2.30315e-05 0.00249042
-0.04286 -0.00160796 -0.039767 0.00115824 0.000168955 0.103911
0.0241711 0.00658176 0.0253302 0.00326358 0.000323566 0.127857
0.0253302 0.00326358 0.0260267 0.00301657 0.000164322 0.228763
0.0284573 -0.00568901 0.0287646 -0.00656861 0.000310532 0.226056
0.0275068 -0.0090161 0.0287646 -0.00656861 3.89962e-05 0.00545684
0.0344522 -0.0228515 0.0358135 -0.0267486 0.000281595 0.0606723
0.0358135 -0.0267486 0.0401368 -0.0258803 0.000122016 0.369351
-0.0336307 -0.0427735 -0.0312417 -0.0419235 0.00030965 0.280138
-0.0359186 -0.0411567 -0.0355098 -0.0414455 0.000300685 0.273777
-0.0359186 -0.0411567 -0.035836 -0.0411401 0.000126171 0.0476033
-0.04959 -0.0314953 -0.0366005 -0.0406747 0.000306609 0.274178
-0.05 -0.0319792 -0.04959 -0.0314953 0.000244589 0.141493
-0.0339645 -0.0428923 -0.0336307 -0.0427735 0.000308014 0.0160023
0.0179605 0.0243618 0.0198986 0.0232893 0.000127885 0.125532
0.017648 0.0252564 0.0198986 0.0232893 0.000179034 0.20179
0.0354949 0.0146584 0.0387482 0.0128581 0.000255378 0.682466
0.0366047 0.00868707 0.0387482 0.0128581 5.16699e-05 0.0619754
0.0387482 0.0128581 0.0403972 0.0119455 0.000246041 0.67694
0.0381305 0.00735337 0.0403972 0.0119455 0.00011971 0.264054
0.0403972 0.0119455 0.0474957 0.00801726 0.000208248 0.567162
0.0468369 0.00498253 0.0474957 0.00801726 0.00012382 0.102259
-0.0179426 -0.0208395 -0.0189195 -0.00806083 7.56872e-05 0.00677775
-0.0179426 -0.0208395 0.00340241 -0.0263896 4.91946e-05 0.00707625
-0.0162276 -0.043272 -0.0166847 -0.0372934 7.47217e-05 0.00279379
0.0257193 0.0182016 0.0259861 0.0179684 0.000222813 0.239291
0.0259861 0.0179684 0.031091 0.0161914 0.000499286 2.99329
0.0303184 0.0141817 0.0259861 0.0179684 0.000167072 0.0370047
0.0303184 0.0141817 0.031091 0.0161914 0.000115238 0.447621
0.0333401 0.0115405 0.0303184 0.0141817 0.00025499 0.212582
0.0381305 0.00735337 0.0415878 0.00433147 0.000253759 1.02944
0.0415878 0.00433147 0.0468369 0.00498253 0.000153684 0.47494
0.0415878 0.00433147 0.0458809 0.000579001 0.000242515 0.881674
0.0449531 -0.0036948 0.0458809 0.000579001 8.00078e-05 0.0362436
0.0121161 0.00794934 0.0180793 0.00583476 0.000162662 0.196286
0.0121161 0.00794934 0.0116303 0.00964834 2.3227e-05 0.000524034
-0.00963023 0.0156607 0.0036393 0.0109552 0.000167506 0.168396
-0.0104318 0.0147147 -0.00963023 0.0156607 0.000295696 0.487925
-0.0423835 0.0272751 -0.0223923 0.0201861 0.00016534 0.153763
-0.0478601 0.0334032 -0.0423835 0.0272751 0.000326025 0.354918
-0.0405122 -0.0149709 -0.0400859 -0.0150818 4.58829e-05 0.00820245
-0.0405122 -0.0149709 -0.0404352 -0.0148596 4.90397e-05 0.00727012
-0.0419318 -0.0146018 -0.0405122 -0.0149709 4.57849e-05 0.00871319
-0.0419318 -0.0146018 -0.0409862 -0.0156566 4.7475e-05 0.00598918
-0.0445168 -0.0139297 -0.0419318 -0.0146018 4.60085e-05 0.00872199
-0.0445168 -0.0139297 -0.043752 -0.0127503 6.22903e-05 0.0100616
0.0291917 -0.0473869 0.0295304 -0.047293 9.57536e-05 0.0182894
0.0358697 -0.0455362 0.0369058 -0.045249 9.76689e-05 0.0586088
0.0369058 -0.045249 0.0450408 -0.0429945 0.000100013 0.423648
0.0450408 -0.0429945 0.0453562 -0.0476437 0.000438873 0.0346752
0.0390393 0.0134246 0.0397398 0.0147875 8.01894e-05 0.0492554
0.0397398 0.0147875 0.041579 0.0143397 0.000139174 0.259934
0.0397398 0.0147875 0.0423221 0.0198124 3.8063e-05 0.00945873
0.0350957 0.0266099 0.0423221 0.0198124 7.43975e-05 0.0547268
0.0423221 0.0198124 0.0477065 0.0302897 3.37256e-05 0.00715075
0.0385714 0.0356521 0.0477065 0.0302897 3.5699e-05 0.0179412
-0.0489825 -0.0437807 -0.0359186 -0.0411567 0.000110674 0.0429792
-0.0489825 -0.0437807 -0.0366005 -0.0406747 9.67838e-05 0.0324795
-0.0399407 0.0178426 -0.0381487 0.0169361 3.19786e-05 0.00451922
-0.0399407 0.0178426 -0.0374354 0.0154937 0.000135519 0.0662494
-0.046455 0.0239504 -0.0399407 0.0178426 0.000135787 0.0662078
-0.046455 0.0239504 -0.0448113 0.0233 0.000117469 0.0639166
-0.0487472 -0.00687306 -0.0391701 -0.00568519 9.83393e-05 0.0462819
-0.0487472 -0.00687306 -0.04286 -0.00160796 0.000169257 0.10376
-0.0488496 -0.00688577 -0.0487472 -0.00687306 9.39636e-05 0.0423284
-0.0488496 -0.00688577 -0.0488104 -0.00692954 4.7817e-05 0.00735247
0.0441494 -0.00739678 0.0414656 -0.00417222 2.83792e-05 0.00611277
0.0437291 -0.00933319 0.0441494 -0.00739678 7.75125e-05 0.259065
0.0441494 -0.00739678 0.0497351 -0.0141077 2.78858e-05 0.0210782
0.0497351 -0.0141077 0.05 -0.0142125 0.000135875 0.525385
0.041579 0.0143397 0.0436595 0.0185545 8.52899e-05 0.0463357
0.0423221 0.0198124 0.0436595 0.0185545 7.46984e-05 0.0560976
0.0436595 0.0185545 0.0490599 0.0294953 7.40195e-05 0.0345844
0.0477065 0.0302897 0.0490599 0.0294953 3.58478e-05 0.0175378
0.0243782 0.0185281 0.0259861 0.0179684 0.000555616 2.58273
0.0243782 0.0185281 0.0257193 0.0182016 0.000166355 0.251529
-7.21369e-06 0.0270167 0.00740212 0.0244375 0.000648593 2.27442
-0.000396682 0.0265571 -7.21369e-06 0.0270167 0.000679861 2.10433
-0.0461801 0.0430894 -0.0431173 0.0420233 0.000525589 3.29782
-0.0461801 0.0430894 -0.0367862 0.0469967 8.67311e-05 0.0873651
0.0160235 -0.00571791 0.0147674 -0.00132426 2.16178e-05 0.000595098
0.0160235 -0.00571791 0.0220085 -0.00743691 6.9384e-05 0.0328311
0.018314 -0.0137295 0.0176116 -0.0112726 2.15154e-05 0.00199194
0.018314 -0.0137295 0.0194753 -0.0140272 2.304e-05 0.00358519
0.0188582 -0.0156327 0.018314 -0.0137295 2.21238e-05 0.00223532
0.0188582 -0.0156327 0.0194753 -0.0140272 6.77547e-05 0.0457359
0.0233188 -0.0312346 0.0227844 -0.0293656 2.27802e-05 0.00322819
0.0233188 -0.0312346 0.0237512 -0.0316807 0.000256304 0.175138
0.0273164 -0.0452172 0.0274652 -0.0457378 2.1707e-05 0.000543527
0.0274652 -0.0457378 0.0291917 -0.0473869 9.4849e-05 0.0182168
0.0274652 -0.0457378 0.0280288 -0.0477092 2.15496e-05 0.00108723
0.0106464 0.0218719 0.0173765 0.0202331 0.000216713 0.237879
0.0106464 0.0218719 0.0108513 0.0232368 0.000254407 0.228202
-0.0228218 0.0300215 -0.021812 0.0297757 0.00042291 0.972883
-0.0406253 0.0405496 -0.0228218 0.0300215 0.00074139 2.15454
-0.0456549 0.0355815 -0.0228218 0.0300215 0.000127703 0.102814
-0.0456549 0.0355815 -0.0406253 0.0405496 7.34411e-05 0.0511457
-0.0228853 0.00545744 -0.0198871 0.00459629 7.83725e-05 0.0328861
-0.024861 0.00766809 -0.0228853 0.00545744 0.000302224 0.231573
-0.0275275 0.00679075 -0.0258088 0.00629711 7.60479e-05 0.0250145
-0.0275275 0.00679075 -0.0262868 0.00560566 0.000100593 0.0289816
-0.0320246 0.00808241 -0.0305216 0.00765072 6.74079e-05 0.0193701
-0.0320246 0.00808241 -0.0307483 0.00922386 0.000167916 0.104295
-0.0128852 -0.00573227 -0.000285636 -0.00896189 2.37844e-05 0.00314065
-0.015546 -0.00275501 -0.0128852 -0.00573227 0.000283987 0.081034
-0.0343629 -0.000226973 -0.0309279 -0.00110746 2.26532e-05 0.00111199
-0.039767 0.00115824 -0.0354497 5.1619e-05 2.33776e-05 0.00265365
-0.039767 0.00115824 -0.0320246 0.00808241 0.000168663 0.104048
0.0485023 0.0126538 0.0487448 0.0137711 0.000104887 0.0338242
0.0436595 0.0185545 0.0487448 0.0137711 8.13377e-05 0.068633
-0.0496576 -0.0281995 -0.0455004 -0.0221862 4.93057e-05 0.00575114
-0.0496576 -0.0281995 -0.0480626 -0.0296929 0.000101577 0.0295239
0.00781914 0.0362525 0.0120593 0.0412562 0.000251619 0.181385
0.0103954 0.0460197 0.0120593 0.0412562 0.000267854 0.044702
-0.00627716 0.00501956 0.00749381 0.000868339 0.000283757 0.475653
0.00749381 0.000868339 0.00773991 0.00250792 0.000100832 0.0320764
0.0147674 -0.00132426 0.0187637 -0.00252893 0.000279624 0.480596
0.017402 -0.00131493 0.0187637 -0.00252893 0.000177411 0.119235
0.0259314 -0.00468961 0.0283644 -0.00542305 0.00028046 0.47646
0.0283644 -0.00542305 0.0260859 0.00110009 0.000305787 0.0124074
0.0283644 -0.00542305 0.0292206 -0.00568115 0.000280274 0.216546
0.0292206 -0.00568115 0.0290883 -0.00593867 4.02136e-05 0.0104045
0.0292206 -0.00568115 0.0313759 -0.00633085 0.000280166 0.214651
0.0313759 -0.00633085 0.0311641 -0.00675996 8.66091e-05 0.132966
0.0313759 -0.00633085 0.0435821 -0.0100104 0.000279194 0.16922
0.0435821 -0.0100104 0.0432496 -0.0115417 8.56578e-05 0.577652
0.0158301 -0.0235104 0.0179489 -0.0179983 6.82136e-05 0.044147
0.0158301 -0.0235104 0.0170303 -0.0247483 0.000248047 0.00737497
0.00744961 -0.0453126 0.0111578 -0.0356656 6.46909e-05 0.000809291
0.00744961 -0.0453126 0.00850765 -0.0459855 2.93384e-05 0.00144993
-0.0488104 -0.00692954 -0.0487472 -0.00687306 0.000171312 0.105866
-0.0488104 -0.00692954 -0.0436847 -0.0126466 4.91963e-05 0.00723976
-0.00300402 -0.016789 0.00371497 -0.0243073 0.00027729 0.0757491
0.00371497 -0.0243073 0.00387531 -0.023239 9.79455e-05 0.0828704
0.00371497 -0.0243073 0.00595249 -0.026811 0.000267117 0.0497044
0.00595249 -0.026811 0.00741981 -0.0269428 0.000104545 0.139427
-0.00187863 -0.00524458 0.00239031 -0.00964781 0.000262187 0.0211848
-0.00187863 -0.00524458 -0.00358144 -0.00127101 0.000129689 0.0260618
-0.00550027 -0.00150901 -0.00187863 -0.00524458 0.000295836 0.0219955
-0.00550027 -0.00150901 -0.00358144 -0.00127101 9.29303e-05 0.0357595
0.0450408 -0.0429945 0.0446417 -0.0371126 0.000426869 0.00155199
0.0446417 -0.0371126 0.05 -0.0385058 4.78462e-05 0.0563814
0.0446417 -0.0371126 0.0441759 -0.0302466 0.000445076 0.00359328
0.0441759 -0.0302466 0.05 -0.0307701 0.000117352 0.320824
-0.0312417 -0.0419235 -0.0207753 -0.0381995 0.000308846 0.29951
-0.0332804 -0.0406268 -0.0312417 -0.0419235 0.000121771 0.0472827
-0.0332804 -0.0406268 -0.0208395 -0.0381279 0.000153631 0.0785424
-0.048906 -0.0306882 -0.0429602 -0.03447 0.000160296 0.0717623
-0.04959 -0.0314953 -0.048906 -0.0306882 0.000322777 0.266551
0.0203295 0.00450413 0.0209244 0.00482588 0.000552307 0.293282
0.0180793 0.00583476 0.0203295 0.00450413 0.000305124 0.588466
0.00116224 -0.0413141 0.00744961 -0.0453126 2.95204e-05 0.00321447
0.00116224 -0.0413141 0.00233931 -0.0334722 8.31211e-05 1.68545e-06
-0.0229115 -0.0260041 -0.0172736 -0.0295896 3.00707e-05 0.00314291
-0.0237386 -0.0241422 -0.0229115 -0.0260041 0.000360524 6.30888e-05
-0.0261849 -0.0239223 -0.0229115 -0.0260041 3.30013e-05 0.0021746
-0.0261849 -0.0239223 -0.0237386 -0.0241422 0.000123528 0.0481163
-0.0372237 -0.016902 -0.0261849 -0.0239223 3.13332e-05 0.00176902
-0.0385093 -0.0184192 -0.0372237 -0.016902 0.000292246 0.25025
-0.0400859 -0.0150818 -0.0372237 -0.016902 2.94782e-05 0.00283533
-0.0400859 -0.0150818 -0.0364765 -0.0160203 4.58407e-05 0.00815781
-0.0404352 -0.0148596 -0.0400859 -0.0150818 2.95165e-05 0.00275059
-0.0404352 -0.0148596 -0.0336164 -0.00499634 4.89485e-05 0.00746199
-0.043752 -0.0127503 -0.0433793 -0.0129873 2.94381e-05 0.00304106
-0.043752 -0.0127503 -0.0436847 -0.0126466 6.22352e-05 0.0101873
-0.0360532 0.0149344 -0.0346169 0.0135625 9.50389e-05 0.0323827
-0.0360532 0.0149344 -0.0286934 0.0119564 8.56711e-05 0.0343767
-0.0381487 0.0169361 -0.0360532 0.0149344 9.52905e-05 0.0326437
-0.0381487 0.0169361 -0.0290135 0.0123146 3.16324e-05 0.0044979
-0.0448113 0.0233 -0.0381487 0.0169361 9.56261e-05 0.0325058
-0.0448113 0.0233 -0.0355598 0.0196396 0.000116171 0.0630187
-0.0374354 0.0154937 -0.0360532 0.0149344 8.5676e-05 0.0339893
-0.0374354 0.0154937 -0.0357353 0.0138996 0.000134621 0.0652348
0.00544336 0.0312887 0.00770911 0.0300349 0.000145179 0.323028
0.0113219 0.0263719 0.0162766 0.0213483 0.00120531 0.293261
0.0162766 0.0213483 0.0193919 0.0202638 0.000578651 2.48758
0.0162766 0.0213483 0.0173765 0.0202331 0.00123889 0.116009
0.0173765 0.0202331 0.019591 0.0196938 0.000260354 0.750033
-0.00346 0.0493795 -0.00309095 0.0493605 3.12643e-05 0.0011453
-0.00330532 0.049618 -0.00309095 0.0493605 2.62861e-05 0.000838674
0.000327051 0.0491842 0.00371968 0.0490092 3.0948e-05 0.0013455
0.0169823 0.0483251 0.0429283 0.0469867 3.09266e-05 0.00901098
0.0260859 0.00110009 0.0311627 -0.00190211 0.000265524 0.137397
0.0292206 -0.00568115 0.0311627 -0.00190211 3.87262e-05 0.00351066
0.0311627 -0.00190211 0.0330199 -0.00300032 0.000264924 0.134157
0.0313759 -0.00633085 0.0330199 -0.00300032 8.64504e-05 0.0159252
0.0330199 -0.00300032 0.0437291 -0.00933319 0.000256517 0.0869967
0.0437291 -0.00933319 0.0435821 -0.0100104 7.76124e-05 0.0288014
-0.0478601 0.0334032 -0.0456549 0.0355815 9.47443e-05 0.0570637
-0.05 0.0357977 -0.0478601 0.0334032 0.000328621 0.364733
-0.0496305 -0.0218149 -0.0445168 -0.0139297 6.29204e-05 0.00977218
-0.0496305 -0.0218149 -0.0455004 -0.0221862 9.85093e-05 0.0400225
-0.0313319 0.0492653 -0.0228246 0.0430204 5.86346e-05 0.0153166
-0.0228246 0.0430204 -0.0228816 0.0437668 0.000105724 0.031559
-0.0228816 0.0437668 -0.0246774 0.0479573 0.000141369 0.0257863
-0.0228816 0.0437668 -0.0231368 0.0471047 8.7192e-05 0.020493
-0.0124993 0.035441 -0.0079627 0.0321109 6.68212e-05 0.0133934
-0.0079627 0.0321109 -0.00466419 0.0368821 5.97489e-05 0.0178972
0.00367248 0.0235701 0.00870661 0.0198747 0.000106935 0.0522372
0.00794775 0.022529 0.00870661 0.0198747 3.34401e-05 0.00159336
0.00870661 0.0198747 0.0101839 0.0187903 9.99889e-05 0.0558679
0.0101839 0.0187903 0.0106464 0.0218719 0.000185336 0.0225584
0.0179605 0.0243618 0.0181373 0.0238556 0.000335471 0.189691
0.0175072 0.0246126 0.0181373 0.0238556 3.51474e-05 0.00312606
0.0181373 0.0238556 0.0193919 0.0202638 0.000334744 0.18999
0.0193919 0.0202638 0.0218346 0.0194136 0.000285344 0.670516
0.0193919 0.0202638 0.019591 0.0196938 0.000987022 1.32896
0.019591 0.0196938 0.0221123 0.0190799 0.0005297 2.42671
0.0315732 0.00308933 0.0331377 0.0019409 6.41622e-05 0.0356687
0.0325092 0.000717867 0.0331377 0.0019409 3.62572e-05 0.00690508
0.0331377 0.0019409 0.0348415 0.000690202 6.15647e-05 0.0343337
0.0345057 9.88431e-06 0.0348415 0.000690202 8.04545e-05 0.0391502
0.0394415 -0.00174035 0.0449531 -0.0036948 0.000144405 0.304606
0.0358009 0.00263369 0.0394415 -0.00174035 3.00009e-05 0.00909548
-0.0235794 0.0352221 -0.0221296 0.0339296 0.000243919 0.156575
-0.0221296 0.0339296 -0.0221915 0.034739 9.51806e-05 0.0190391
-0.0221296 0.0339296 -0.0166485 0.0290429 0.00032188 0.284837
-0.0166485 0.0290429 -0.0166024 0.029114 0.000110828 0.0602338
-0.0184557 0.0334386 -0.0224412 0.042739 0.000142076 0.0120989
-0.0184557 0.0334386 -0.0146557 0.0321158 0.000283172 0.370345
-0.0184557 0.0334386 -0.0166024 0.029114 0.000115432 0.00142154
-0.0166024 0.029114 -0.0146557 0.0321158 0.000101734 0.0523123
0.0253428 -0.00839457 0.0270459 -0.00991294 0.000169401 0.13522
0.0267548 -0.0104793 0.0270459 -0.00991294 3.47958e-05 0.0100941
0.0288249 -0.011499 0.0312384 -0.0136508 0.000159564 0.158299
0.0306862 -0.0120701 0.0312384 -0.0136508 0.000304403 0.197881
0.0365775 -0.0184109 0.0399979 -0.0214604 0.000173445 0.366664
0.0399979 -0.0214604 0.0411596 -0.021169 0.000112816 0.234041
0.0399979 -0.0214604 0.0409182 -0.0222809 0.000165166 0.369419
0.0407652 -0.0229858 0.0409182 -0.0222809 7.91186e-05 0.06149
0.0409182 -0.0222809 0.0429468 -0.0240894 0.000165217 0.383566
0.0429468 -0.0240894 0.0446821 -0.0249673 3.51346e-05 0.0217539
0.0441792 -0.0250683 0.0456829 -0.0254736 2.46806e-05 0.012207
0.0441792 -0.0250683 0.0446821 -0.0249673 0.000121963 0.307141
-0.000285636 -0.00896189 -0.00187863 -0.00524458 0.000111577 0.021754
-0.000285636 -0.00896189 0.00239031 -0.00964781 2.37767e-05 0.00183302
0.034296 -0.0224044 0.0352305 -0.0226563 2.31158e-05 0.0104834
0.0331542 -0.0191354 0.034296 -0.0224044 0.000268437 0.0808961
0.0196669 -0.0184613 0.0222895 -0.0191682 2.2574e-05 0.00104101
0.0196669 -0.0184613 0.0188582 -0.0156327 2.15099e-05 0.00371758
0.0179489 -0.0179983 0.0196669 -0.0184613 2.25561e-05 0.000289183
0.0179489 -0.0179983 0.0188582 -0.0156327 6.80739e-05 0.0450732
0.0051786 -0.0145562 0.00784604 -0.0152752 2.32261e-05 0.00161881
0.0051786 -0.0145562 0.00544276 -0.0127963 8.8205e-05 0.0327088
0.00741981 -0.0269428 0.00765677 -0.0274958 0.000112486 0.0455006
0.00765677 -0.0274958 0.00861096 -0.0277439 4.85042e-05 0.0115677
0.0210549 -0.0233163 0.0234044 -0.0224804 0.000276858 0.0393301
0.0210549 -0.0233163 0.0207342 -0.0221945 2.1926e-05 0.00730216
0.00862282 -0.0277397 0.00866106 -0.0277261 0.000309779 0.344894
0.00862282 -0.0277397 0.00863331 -0.0277497 0.000106521 0.0308624
0.00861096 -0.0277439 0.00862282 -0.0277397 0.000310461 0.342664
0.00861096 -0.0277439 0.00863331 -0.0277497 5.26337e-05 0.010102
0.00787526 -0.0280057 0.00846053 -0.0293714 0.000119756 0.0201393
0.00846053 -0.0293714 0.00994201 -0.0289998 0.000107475 0.0431953
0.00959347 -0.0320152 0.0111578 -0.0356656 0.000112941 0.0132197
0.0111578 -0.0356656 0.0127054 -0.0316394 7.09356e-05 0.00887825
0.00850765 -0.0459855 0.011015 -0.0475801 2.93384e-05 0.00115013
-0.0092509 -0.0106669 -0.00822913 -0.0109423 2.53748e-05 0.00269286
-0.0092509 -0.0106669 -0.00395127 -0.015729 0.000106029 0.0170329
-0.00964767 -0.0105599 -0.0092509 -0.0106669 2.60204e-05 0.00150791
-0.00964767 -0.0105599 -0.00300402 -0.016789 0.000151372 0.0339521
-0.0192896 -0.00321934 -0.0194296 -0.00138849 9.28065e-05 0.0113323
-0.0192896 -0.00321934 -0.0176886 -0.00302077 0.000114703 0.0473617
-0.0192217 -0.00410808 -0.0192896 -0.00321934 7.46216e-05 0.00739673
-0.0192217 -0.00410808 -0.0155158 -0.00505798 2.29194e-05 0.00149482
-0.0277213 -0.00568841 -0.0189195 -0.00806083 2.37837e-05 0.0015581
-0.0304868 -0.00895197 -0.0277213 -0.00568841 0.000285518 0.262951
-0.0263736 -0.00409799 -0.0215804 -0.00350347 0.000120656 0.049366
-0.0277213 -0.00568841 -0.0263736 -0.00409799 0.000284794 0.263604
-0.0325101 -0.00439765 -0.0313376 -0.00471369 2.27746e-05 0.0014534
-0.032781 -0.00378792 -0.0325101 -0.00439765 0.000373363 0.00118122
-0.0174246 0.0184246 -0.0140892 0.0232492 5.82357e-05 0.0178587
-0.0174246 0.0184246 -0.0110535 0.0161654 0.000150507 0.125254
-0.024861 0.00766809 -0.023557 0.00955423 5.98762e-05 0.0188094
-0.0281347 0.0113313 -0.024861 0.00766809 0.000303281 0.232308
-0.0258088 0.00629711 -0.024861 0.00766809 5.70171e-05 0.0115507
-0.0258088 0.00629711 -0.0228853 0.00545744 7.3369e-05 0.0237839
-0.0262868 0.00560566 -0.0258088 0.00629711 5.30634e-05 0.00944696
-0.0262868 0.00560566 -0.0217903 0.00131067 9.93148e-05 0.0281926
-0.0309279 -0.00110746 -0.0265237 0.00526295 4.88316e-05 0.00536131
-0.0309279 -0.00110746 -0.0251044 -0.00260018 2.26542e-05 0.00165864
-0.032781 -0.00378792 -0.0309279 -0.00110746 4.88341e-05 0.00561466
-0.0343629 -0.000226973 -0.032781 -0.00378792 0.000359388 0.000397944
-0.0374684 -0.00306119 -0.0330937 -0.00424034 2.30655e-05 0.00265185
-0.0374684 -0.00306119 -0.0354497 5.1619e-05 6.46891e-05 0.0118759
0.0232593 0.00919225 0.0241711 0.00658176 0.000502232 0.4401
0.0241711 0.00658176 0.0256937 0.00740522 0.000659772 0.540801
0.0260267 0.00301657 0.027312 0.0025608 0.000160205 0.245889
0.0260267 0.00301657 0.0272691 0.00624878 7.64157e-05 0.000655189
0.0283644 -0.00542305 0.0284573 -0.00568901 0.000310949 0.222356
0.0284573 -0.00568901 0.0290883 -0.00593867 0.000137037 0.101833
0.0270459 -0.00991294 0.0275068 -0.0090161 3.92264e-05 0.00679696
0.0275068 -0.0090161 0.0297346 -0.00965597 7.5507e-05 0.0409145
0.034296 -0.0224044 0.0344522 -0.0228515 0.000268189 0.0808962
0.0344522 -0.0228515 0.0352305 -0.0226563 0.000101337 0.23619
0.0401368 -0.0258803 0.0440694 -0.0250904 0.0001228 0.35817
0.0392844 -0.029807 0.0401368 -0.0258803 8.78488e-05 0.0450397
-0.0355098 -0.0414455 -0.0336307 -0.0427735 0.000300756 0.272034
-0.0355098 -0.0414455 -0.0339645 -0.0428923 0.000115002 0.0428597
-0.035836 -0.0411401 -0.0332804 -0.0406268 0.000125214 0.0474456
-0.035836 -0.0411401 -0.0355098 -0.0414455 0.000116085 0.0381126
-0.0366005 -0.0406747 -0.0359186 -0.0411567 0.000303677 0.275195
-0.0366005 -0.0406747 -0.0363896 -0.0406218 0.000111059 0.0327627
0.0115525 0.027908 0.00770911 0.0300349 0.000135253 0.00465956
0.0119076 0.030274 0.0115525 0.027908 0.000129225 0.0915311
0.0175072 0.0246126 0.0179605 0.0243618 0.000142062 0.0618831
0.017648 0.0252564 0.0179605 0.0243618 0.00033324 0.212754
-0.00126987 0.0417919 0.00223883 0.0387251 0.000185291 0.0214634
0.00223883 0.0387251 0.00309769 0.0394932 0.00016649 0.0907501
0.00367658 0.0374684 0.00664838 0.0348709 0.000221187 0.126841
0.00498158 0.0329039 0.00664838 0.0348709 0.000278255 0.284935
0.0119076 0.030274 0.015165 0.0274268 0.000229383 0.217666
0.0120432 0.0311774 0.015165 0.0274268 2.63026e-05 0.00256337
0.015165 0.0274268 0.017648 0.0252564 0.000228493 0.218218
0.0131062 0.0382591 0.017648 0.0252564 0.000288163 0.198375
0.0317427 0.0167348 0.0354949 0.0146584 0.000166195 0.305582
0.0354949 0.0146584 0.0390393 0.0134246 0.00047019 2.93108
0.0366047 0.00868707 0.0343745 0.00434743 3.86919e-05 0.000919358
0.0333401 0.0115405 0.0366047 0.00868707 0.000255692 1.15642
0.0363161 0.00367761 0.0381305 0.00735337 8.55322e-05 0.0045493
0.0366047 0.00868707 0.0381305 0.00735337 0.000255357 1.14526
0.0458809 0.000579001 0.0468369 0.00498253 0.000105395 0.0513843
0.0468369 0.00498253 0.05 0.00537486 0.0001499 0.438589
0.00340241 -0.0263896 0.0045319 -0.0266833 5.00383e-05 0.00404839
0.00340241 -0.0263896 0.00371497 -0.0243073 8.86754e-05 0.00438985
-0.0168058 -0.0357093 -0.0167256 -0.0367587 8.81559e-05 0.00849105
-0.0167256 -0.0367587 -0.00984838 -0.0343117 0.000313444 0.318176
-0.0166847 -0.0372934 -0.0167256 -0.0367587 8.09216e-05 0.00247161
-0.0166847 -0.0372934 -0.00792624 -0.0355342 0.000122744 0.0507461
0.0198986 0.0232893 0.0257193 0.0182016 0.000189843 0.216316
0.0257193 0.0182016 0.0313377 0.0168335 0.000131914 0.224328
0.031091 0.0161914 0.0354949 0.0146584 0.000486326 3.08777
0.031091 0.0161914 0.0313377 0.0168335 0.000157053 0.282865
0.0443843 -0.00631477 0.0449531 -0.0036948 7.7033e-05 0.200915
0.0449531 -0.0036948 0.05 -0.00548444 0.000141085 0.40092
0.0209244 0.00482588 0.0253302 0.00326358 0.00015993 0.0451042
0.0209244 0.00482588 0.0241711 0.00658176 0.000549032 0.322646
0.0180793 0.00583476 0.0209244 0.00482588 0.000157848 0.141752
0.0116303 0.00964834 0.0180793 0.00583476 0.000304254 0.55875
0.00870661 0.0198747 0.00978205 0.0161131 2.68768e-05 0.00196525
0.0101839 0.0187903 0.00978205 0.0161131 9.6035e-05 0.00129606
0.00978205 0.0161131 0.0116303 0.00964834 2.23145e-05 0.00139662
0.00904148 0.0111793 0.0116303 0.00964834 0.000304954 0.557325
0.00873655 0.00914773 0.0121161 0.00794934 0.000163501 0.195192
0.00873655 0.00914773 0.00904148 0.0111793 0.000105874 0.0538797
0.0036393 0.0109552 0.00873655 0.00914773 0.000163575 0.185783
-0.0061909 0.0197194 0.0036393 0.0109552 0.000188156 0.146614
-0.0198142 0.00364269 -0.0191786 0.00439278 0.000272113 0.428642
-0.0191786 0.00439278 -0.00570439 0.000522754 7.8153e-05 0.0334689
-0.0168351 0.00715826 -0.0161305 0.00798981 0.000271596 0.431334
-0.0202413 0.009229 -0.0161305 0.00798981 0.000312112 0.530149
-0.0136158 0.0109574 -0.0104318 0.0147147 0.000294845 0.489577
-0.0110535 0.0161654 -0.0104318 0.0147147 0.000125987 0.0151633
-0.0195985 0.0191954 -0.0174246 0.0184246 0.00015108 0.124941
-0.0195985 0.0191954 -0.0143597 0.0238806 0.000203449 0.25341
-0.0210423 0.0197074 -0.0195985 0.0191954 0.000161444 0.14925
-0.0210423 0.0197074 -0.0212174 0.0219977 9.23695e-05 0.0128034
-0.0223923 0.0201861 -0.0210423 0.0197074 0.00016172 0.152098
-0.0223923 0.0201861 -0.0212174 0.0219977 8.10542e-05 0.035833
-0.0409862 -0.0156566 -0.0385093 -0.0184192 4.73366e-05 0.00560991
-0.0409862 -0.0156566 -0.0405122 -0.0149709 4.92314e-05 0.00678315
0.0280288 -0.0477092 0.0291917 -0.0473869 9.38743e-05 0.000249581
0.0295304 -0.047293 0.0358697 -0.0455362 9.8081e-05 0.0743282
0.0387482 0.0128581 0.0390393 0.0134246 8.6277e-05 0.126728
0.0390393 0.0134246 0.0408212 0.0128043 0.000471512 2.93767
0.041579 0.0143397 0.0485023 0.0126538 0.000173095 0.415491
0.0408212 0.0128043 0.041579 0.0143397 0.000177334 0.223846
0.00945447 0.0487133 0.0117214 0.0485964 3.09266e-05 0.000900431
0.0124794 0.0478835 0.0142945 0.0461761 7.21898e-05 0.0263698
0.0146352 0.0484461 0.0142945 0.0461761 8.30702e-05 0.00830024
0.0142945 0.0461761 0.0350957 0.0266099 7.24557e-05 0.0408067
0.0350957 0.0266099 0.0385714 0.0356521 6.47017e-05 0.0099512
0.0148086 0.049601 0.0169823 0.0483251 3.56763e-05 0.0116924
0.0146352 0.0484461 0.0169823 0.0483251 3.09266e-05 0.00878807
0.0169823 0.0483251 0.0385714 0.0356521 3.56763e-05 0.0114992
0.0385714 0.0356521 0.0429283 0.0469867 6.4639e-05 0.006399
-0.0323158 -0.00483502 -0.0313376 -0.00471369 9.53264e-05 0.0313295
-0.0325101 -0.00439765 -0.0323158 -0.00483502 0.000369958 0.00123901
-0.0336164 -0.00499634 -0.0323158 -0.00483502 9.65175e-05 0.0444567
-0.0336164 -0.00499634 -0.0330937 -0.00424034 5.11391e-05 0.0109796
-0.0391701 -0.00568519 -0.0336164 -0.00499634 9.71781e-05 0.0461739
-0.0391701 -0.00568519 -0.0374684 -0.00306119 6.53862e-05 0.0118075
0.0108513 0.0232368 0.0162766 0.0213483 0.00061698 1.99309
0.0108513 0.0232368 0.0113219 0.0263719 0.000322662 0.940648
0.00740212 0.0244375 0.0108513 0.0232368 0.000642993 2.2942
0.00740212 0.0244375 0.00544336 0.0312887 2.67028e-05 0.000858796
-0.00592698 0.0200308 -0.00179886 0.0249024 0.000626492 1.80978
-0.00179886 0.0249024 0.00367248 0.0235701 0.000264322 0.373726
-0.00179886 0.0249024 -0.000396682 0.0265571 0.000668899 2.15416
-0.00193877 0.027689 -0.000396682 0.0265571 8.05932e-05 0.0250874
-0.0431173 0.0420233 -0.0401716 0.0409978 0.000192714 0.184442
-0.0321437 0.0489277 -0.0313319 0.0492653 4.25609e-05 0.00395397
-0.0321437 0.0489277 -0.0316015 0.0494632 8.75217e-05 0.00833846
-0.0367862 0.0469967 -0.0321437 0.0489277 3.30736e-05 0.00104812
0.0147674 -0.00132426 0.0144284 -0.000138394 2.2337e-05 7.99184e-05
0.00929331 0.000325885 0.0147674 -0.00132426 0.000280108 0.479726
0.0220085 -0.00743691 0.0253428 -0.00839457 6.8694e-05 0.0374621
0.0220085 -0.00743691 0.0225854 -0.0059362 6.83506e-05 0.0309808
0.0161591 -0.00619204 0.0160235 -0.00571791 2.22413e-05 0.00111459
0.0161591 -0.00619204 0.0216353 -0.00840786 8.94994e-05 0.0483885
0.0176116 -0.0112726 0.0161591 -0.00619204 2.16192e-05 0.00203996
0.0176116 -0.0112726 0.0200584 -0.0125104 3.14244e-05 0.00480922
0.0194753 -0.0140272 0.0242964 -0.0152629 2.36604e-05 0.00282805
0.0194753 -0.0140272 0.0200584 -0.0125104 6.77797e-05 0.0459505
0.0210549 -0.0233163 0.0217653 -0.025801 2.1701e-05 0.00613462
0.0217653 -0.025801 0.0216341 -0.0260669 7.3572e-05 0.0459589
0.0218274 -0.0260184 0.0224787 -0.0282964 2.40887e-05 0.00265145
0.0224787 -0.0282964 0.0263675 -0.0286459 0.000113786 0.186569
0.0227844 -0.0293656 0.0224787 -0.0282964 2.64125e-05 0.00299901
0.0227844 -0.0293656 0.0263675 -0.0286459 0.000133831 0.299151
0.0237512 -0.0316807 0.0361102 -0.0444284 0.000255674 0.171088
0.0237512 -0.0316807 0.0380694 -0.0354037 4.89321e-05 0.0346605
0.0234218 -0.031595 0.0233188 -0.0312346 2.13905e-05 4.8633e-05
0.0234218 -0.031595 0.0237512 -0.0316807 4.79711e-05 0.011468
0.0273164 -0.0452172 0.0234218 -0.031595 2.14267e-05 0.000417276
0.0273164 -0.0452172 0.0295304 -0.047293 0.000139743 0.0396364
-0.0113401 0.0272257 -0.0107736 0.0270877 0.000191685 0.194357
-0.0113401 0.0272257 -0.00925826 0.030237 7.02352e-05 0.0243549
-0.0158391 0.0283212 -0.0113401 0.0272257 0.000178398 0.163582
-0.0165246 0.0289324 -0.0158391 0.0283212 0.000392698 0.451843
-0.0163121 0.0284364 -0.0158391 0.0283212 0.000376555 0.788069
-0.0163121 0.0284364 -0.0165246 0.0289324 0.000329008 0.00287015
-0.021812 0.0297757 -0.0169423 0.0285899 0.000408383 0.913564
-0.021812 0.0297757 -0.0221296 0.0339296 0.000279434 0.197915
-0.0431173 0.0420233 -0.0406253 0.0405496 0.000767866 2.21101
-0.0406253 0.0405496 -0.0401716 0.0409978 0.000243061 0.428515
-0.0198871 0.00459629 -0.0191786 0.00439278 7.87466e-05 0.034742
-0.0198871 0.00459629 -0.0201337 0.00782243 8.52065e-05 0.0124427
-0.0284296 0.00704984 -0.0275275 0.00679075 6.66447e-05 0.0185815
-0.0284296 0.00704984 -0.0265237 0.00526295 0.000136127 0.0537238
-0.0305216 0.00765072 -0.0284296 0.00704984 6.66031e-05 0.0182079
-0.0305216 0.00765072 -0.0299729 0.00849686 6.48539e-05 0.0116425
-0.0304004 0.00953495 -0.0282489 0.0114591 0.000206302 0.178388
-0.0304004 0.00953495 -0.0297207 0.0088857 0.000115447 0.0380769
-0.0307483 0.00922386 -0.0304004 0.00953495 0.000202804 0.167949
-0.0307483 0.00922386 -0.0299729 0.00849686 0.000136114 0.0544534
-0.0205196 0.00281026 -0.0196786 0.00186924 0.000281788 0.0940566
-0.0196786 0.00186924 -0.0198142 0.00364269 8.28038e-05 0.0180743
-0.0196786 0.00186924 -0.015546 -0.00275501 0.000280988 0.0926123
-0.015546 -0.00275501 -0.00550027 -0.00150901 0.000106671 0.0921549
-0.0354497 5.1619e-05 -0.0343629 -0.000226973 2.35614e-05 0.00713908
-0.0354497 5.1619e-05 -0.0305216 0.00765072 6.38677e-05 0.0103663
0.0474957 0.00801726 0.047993 0.0103078 0.000150597 0.11401
0.047993 0.0103078 0.05 0.0096092 0.000467291 3.05224
0.047993 0.0103078 0.0485023 0.0126538 0.000171303 0.0956731
0.0485023 0.0126538 0.05 0.0122891 0.000181424 0.467198
-0.0455004 -0.0221862 -0.0409862 -0.0156566 4.93108e-05 0.00639133
-0.0455004 -0.0221862 -0.0419703 -0.0225035 9.83674e-05 0.039759
-0.0429602 -0.03447 -0.0363896 -0.0406218 0.000148729 0.0604057
-0.0429602 -0.03447 -0.0341654 -0.0400639 0.000144872 0.0630414
-0.0480626 -0.0296929 -0.0429602 -0.03447 0.000141587 0.0467123
-0.048906 -0.0306882 -0.0480626 -0.0296929 0.000311971 0.252916
0.00664838 0.0348709 0.00781914 0.0362525 0.00025226 0.181179
0.00425806 0.0405309 0.00781914 0.0362525 2.66576e-05 0.00145395
0.00945447 0.0487133 0.0103954 0.0460197 0.000258196 0.000502681
0.0103954 0.0460197 0.0124794 0.0478835 0.000161201 0.0201873
-0.0161305 0.00798981 -0.00627716 0.00501956 0.000284441 0.463884
-0.00784293 0.00867334 -0.00627716 0.00501956 0.000140897 0.020324
0.00837422 0.00673381 0.00873655 0.00914773 0.000109898 0.0657801
0.0036393 0.0109552 0.00837422 0.00673381 0.000187987 0.135139
0.00773991 0.00250792 0.00837422 0.00673381 0.000109521 0.044724
0.00773991 0.00250792 0.0123094 0.00069998 0.000146602 0.123052
0.0138625 0.00184068 0.0147961 0.00100841 0.00018454 0.12494
0.0147961 0.00100841 0.0242566 0.00218183 0.000116885 0.111324
0.0147961 0.00100841 0.017402 -0.00131493 0.000186109 0.125342
0.017402 -0.00131493 0.023443 -0.00370508 0.000144803 0.119672
0.0187637 -0.00252893 0.0233622 -0.00391516 0.000279736 0.474433
0.0233622 -0.00391516 0.023443 -0.00370508 7.76137e-05 0.0280598
0.0233622 -0.00391516 0.0259314 -0.00468961 0.000279332 0.472953
0.0259314 -0.00468961 0.0284573 -0.00568901 0.000136477 0.109991
0.025707 0.00218477 0.0260859 0.00110009 0.00027352 0.00599935
0.0254374 0.00148353 0.0260859 0.00110009 0.000261789 0.118596
0.0287646 -0.00656861 0.0290883 -0.00593867 3.89738e-05 0.00320817
0.0290883 -0.00593867 0.0311641 -0.00675996 0.000136327 0.10635
0.0266737 -0.015857 0.0288249 -0.011499 7.37296e-05 0.0896694
0.0284509 -0.0111656 0.0288249 -0.011499 0.000163881 0.132325
0.0297346 -0.00965597 0.0297981 -0.00952739 8.26192e-05 0.0280263
0.0287646 -0.00656861 0.0297981 -0.00952739 0.000310645 0.226257
0.0297981 -0.00952739 0.0311641 -0.00675996 8.47314e-05 0.0161055
0.0311641 -0.00675996 0.0432496 -0.0115417 0.000135653 0.201832
0.0409182 -0.0222809 0.0411596 -0.021169 8.12187e-05 0.0308873
0.0411596 -0.021169 0.044282 -0.0203858 0.000111734 0.244031
0.0428417 -0.0134206 0.0421297 -0.0167004 7.89806e-05 0.0267623
0.0428417 -0.0134206 0.05 -0.0154766 7.27041e-05 0.128024
0.0432496 -0.0115417 0.0428417 -0.0134206 7.68198e-05 0.0710729
0.0432496 -0.0115417 0.0497351 -0.0141077 0.000136588 0.522736
0.0202784 -0.0280986 0.0205122 -0.0283397 0.000273378 0.294098
0.0202784 -0.0280986 0.0206162 -0.028129 0.00011349 0.151157
0.0185933 -0.0263604 0.0189592 -0.0267379 0.00027413 0.357319
0.0183164 -0.0268991 0.0185933 -0.0263604 3.62024e-05 0.00109113
0.0170303 -0.0247483 0.0185933 -0.0263604 0.0002743 0.356537
0.0170303 -0.0247483 0.0199569 -0.023707 0.000277174 0.0422539
-0.0433793 -0.0129873 -0.0419318 -0.0146018 4.72116e-05 0.00597276
-0.0433793 -0.0129873 -0.0404352 -0.0148596 2.94229e-05 0.00305603
-0.0436847 -0.0126466 -0.0433793 -0.0129873 4.72496e-05 0.00597629
-0.0436847 -0.0126466 -0.0391701 -0.00568519 6.29676e-05 0.0112407
-0.0128852 -0.00573227 -0.00822913 -0.0109423 0.000282496 0.0814689
-0.00822913 -0.0109423 0.0017112 -0.0136216 2.39446e-05 0.00314762
-0.00822913 -0.0109423 -0.00395127 -0.015729 0.000280702 0.0819644
-0.00395127 -0.015729 0.00387979 -0.0232092 0.000103355 0.0206442
-0.00395127 -0.015729 -0.00300402 -0.016789 0.000279464 0.081155
-0.00300402 -0.016789 0.00387531 -0.023239 0.000149415 0.04561
0.00438304 -0.0198564 0.0051786 -0.0145562 8.86012e-05 0.0325349
0.00438304 -0.0198564 0.0017112 -0.0136216 0.000114154 0.0206809
0.00387979 -0.0232092 0.00438304 -0.0198564 8.95133e-05 0.0428881
0.00387979 -0.0232092 0.00581157 -0.0250544 0.000101897 0.0274735
0.00387531 -0.023239 0.00387979 -0.0232092 9.00664e-05 0.0500169
0.00387531 -0.023239 0.00581157 -0.0250544 0.000156255 0.0667291
0.00741981 -0.0269428 0.0078269 -0.0269794 0.000105141 0.0800872
0.00741981 -0.0269428 0.00716424 -0.0263465 0.000112435 0.00922898
0.00239031 -0.00964781 0.00544276 -0.0127963 0.000257965 0.0214391
0.00239031 -0.00964781 0.00578474 -0.0105179 2.41938e-05 0.00278702
-0.00397527 -0.000351996 -0.00358144 -0.00127101 0.000116885 0.00377512
-0.00358144 -0.00127101 -0.00243879 -0.00112928 0.000101438 0.0704304
-0.0202296 -0.0380054 -0.0167256 -0.0367587 0.000313711 0.314882
-0.0202296 -0.0380054 -0.0166847 -0.0372934 0.000124348 0.0500215
-0.0207753 -0.0381995 -0.0202296 -0.0380054 0.000308824 0.302116
-0.0207753 -0.0381995 -0.0162276 -0.043272 5.13034e-05 0.00406906
-0.0208395 -0.0381279 -0.0202296 -0.0380054 0.000149124 0.0784671
-0.0208395 -0.0381279 -0.0207753 -0.0381995 6.45391e-05 0.015598
0.00337395 -0.0265792 0.00340241 -0.0263896 9.9655e-05 0.00244576
0.00337395 -0.0265792 0.0045319 -0.0266833 0.000112419 0.0210253
0.00273943 -0.0308065 0.0028938 -0.0297781 9.42006e-05 0.00419798
0.00273943 -0.0308065 0.00846053 -0.0293714 0.000106684 0.0396308
0.00233931 -0.0334722 0.00273943 -0.0308065 8.93878e-05 0.00312955
0.00233931 -0.0334722 0.00959347 -0.0320152 0.000120213 0.0495389
-0.0102404 -0.0340624 -0.00984838 -0.0343117 3.33748e-05 0.00456679
-0.0102404 -0.0340624 -0.00653594 -0.0331332 0.000110612 0.0428404
-0.0172736 -0.0295896 -0.0102404 -0.0340624 3.02747e-05 0.00301473
-0.0176482 -0.0246896 -0.0172736 -0.0295896 8.22087e-05 0.00369946
-0.0237386 -0.0241422 -0.0261544 -0.0187042 0.000364959 0.000197939
-0.0237386 -0.0241422 -0.0176482 -0.0246896 0.000120317 0.0486107
-0.0419703 -0.0225035 -0.0385093 -0.0184192 0.000292675 0.249451
-0.0385093 -0.0184192 -0.0342233 -0.0231998 5.44706e-05 0.00255051
-0.0364765 -0.0160203 -0.0261544 -0.0187042 5.60342e-05 0.00821818
-0.0372237 -0.016902 -0.0364765 -0.0160203 0.000291602 0.250899
-0.0346169 0.0135625 -0.0304004 0.00953495 0.000127604 0.0559319
-0.0357353 0.0138996 -0.0346169 0.0135625 0.000320463 0.49553
-0.0267553 0.0111722 -0.023382 0.00980732 0.000112647 0.0632275
-0.0267553 0.0111722 -0.023557 0.00955423 4.05206e-05 0.0074909
-0.0286934 0.0119564 -0.0280045 0.0116777 0.000102334 0.0546215
-0.0290135 0.0123146 -0.0286934 0.0119564 0.000302665 0.302182
-0.0268552 0.0112228 -0.0267553 0.0111722 4.1854e-05 0.00776383
-0.0269532 0.0112523 -0.0268552 0.0112228 0.00031256 0.525452
-0.0278717 0.011737 -0.0268552 0.0112228 3.81269e-05 0.00678466
-0.0278717 0.011737 -0.0277797 0.0118787 7.60616e-05 0.0270258
-0.0279142 0.0117585 -0.0278717 0.011737 3.76018e-05 0.00643988
-0.0279142 0.0117585 -0.0277797 0.0118787 0.000198725 0.220318
-0.0290135 0.0123146 -0.0279142 0.0117585 3.905e-05 0.00759992
-0.0355598 0.0196396 -0.0290135 0.0123146 0.000303128 0.302231
-0.0206601 0.0137445 -0.0205842 0.0137145 0.000138941 0.101247
-0.0206601 0.0137445 -0.0205938 0.0138404 5.85788e-05 0.0169476
-0.025363 0.0156052 -0.0241497 0.0151252 0.000142392 0.113262
-0.025363 0.0156052 -0.0223923 0.0201861 7.5959e-05 0.0273637
-0.0355598 0.0196396 -0.025363 0.0156052 0.000144103 0.112786
-0.0423835 0.0272751 -0.0355598 0.0196396 0.000312212 0.322045
-0.0357353 0.0138996 -0.0307483 0.00922386 0.000190329 0.125886
-0.05 0.0181997 -0.0357353 0.0138996 0.000332811 0.52275
-0.0246774 0.0479573 -0.0231368 0.0471047 0.000126892 0.0287283
-0.00974227 0.0396923 -0.00466419 0.0368821 0.000119594 0.0455811
-0.00466419 0.0368821 -0.00126987 0.0417919 5.85591e-05 0.0200148
-0.00167286 0.0352268 0.00419724 0.0319783 0.000117526 0.0566155
-7.21369e-06 0.0270167 0.00419724 0.0319783 0.000296653 0.402836
0.00419724 0.0319783 0.00544336 0.0312887 0.000146246 0.319229
0.00498158 0.0329039 0.00544336 0.0312887 2.65935e-05 0.00706988
0.00770911 0.0300349 0.0113219 0.0263719 0.000711521 0.0667965
0.0115525 0.027908 0.0113219 0.0263719 0.000128086 0.0189867
-0.0103577 0.0497353 -0.00346 0.0493795 3.09266e-05 0.000115549
-0.00346 0.0493795 -0.00330532 0.049618 6.2024e-05 0.000355435
-0.00309095 0.0493605 0.000327051 0.0491842 3.10065e-05 0.00140408
-0.0316015 0.0494632 -0.0313319 0.0492653 6.07334e-05 0.0120164
-0.0224412 0.042739 -0.0124993 0.035441 5.50144e-05 0.00780589
-0.0124993 0.035441 -0.00974227 0.0396923 8.22367e-05 0.0366556
-0.000396682 0.0265571 0.00367248 0.0235701 0.000146586 0.083832
0.00367248 0.0235701 0.00794775 0.022529 0.00026605 0.396491
0.00794775 0.022529 0.00740212 0.0244375 2.42124e-05 0.000246594
0.00794775 0.022529 0.0106464 0.0218719 0.000262252 0.402006
0.015165 0.0274268 0.0175072 0.0246126 3.28056e-05 0.00411931
0.0115525 0.027908 0.0175072 0.0246126 0.000146947 0.0596542
0.0218346 0.0194136 0.0243782 0.0185281 0.000285202 0.670446
0.0181373 0.0238556 0.0218346 0.0194136 3.13182e-05 0.00470988
0.0221123 0.0190799 0.0243782 0.0185281 0.000529454 2.42823
0.0218346 0.0194136 0.0221123 0.0190799 3.86198e-05 0.00681659
0.0232593 0.00919225 0.0256937 0.00740522 9.20808e-05 0.0195853
0.0256937 0.00740522 0.0282438 0.00878432 0.000658399 0.540905
0.0256937 0.00740522 0.0272691 0.00624878 8.19681e-05 0.0302253
0.0282438 0.00878432 0.0272691 0.00624878 0.000100927 0.0194018
0.0272691 0.00624878 0.0315732 0.00308933 7.45692e-05 0.0601553
0.0315732 0.00308933 0.0338746 0.00337478 0.00012505 0.173653
0.0311627 -0.00190211 0.0325092 0.000717867 3.71514e-05 0.0289782
0.0325092 0.000717867 0.0345057 9.88431e-06 0.000144027 0.213279
0.0330199 -0.00300032 0.0345057 9.88431e-06 8.5114e-05 0.171559
0.0345057 9.88431e-06 0.0369482 -0.000856241 0.000145046 0.290737
0.0299248 0.00969347 0.0343745 0.00434743 3.99685e-05 0.0194108
0.0343745 0.00434743 0.0338746 0.00337478 4.36843e-05 0.00315265
0.0350615 0.00352199 0.0358009 0.00263369 3.44173e-05 0.00831662
0.0348415 0.000690202 0.0358009 0.00263369 8.45854e-05 0.0389153
-0.0353736 0.0457372 -0.0235794 0.0352221 0.000189282 0.0528817
-0.0235794 0.0352221 -0.0221915 0.034739 0.000285689 0.378688
-0.0221915 0.034739 -0.0228246 0.0430204 0.000105036 0.0308904
-0.0221915 0.034739 -0.0184557 0.0334386 0.000284142 0.375708
-0.0146557 0.0321158 -0.00925826 0.030237 0.000284308 0.375344
-0.0146557 0.0321158 -0.0124993 0.035441 8.94234e-05 0.0389156
0.0225854 -0.0059362 0.0253428 -0.00839457 0.000172298 0.135628
0.0253428 -0.00839457 0.0275068 -0.0090161 7.65998e-05 0.0396281
0.0207342 -0.0221945 0.0222895 -0.0191682 3.37535e-05 0.014176
0.0247164 -0.0198224 0.0222895 -0.0191682 2.29373e-05 0.000926691
0.0245446 -0.01478 0.0267548 -0.0104793 3.35622e-05 0.0162797
0.0267548 -0.0104793 0.0284509 -0.0111656 8.77056e-05 0.0600779
0.0297981 -0.00952739 0.0298551 -0.00969057 0.000309499 0.230167
0.0298551 -0.00969057 0.0428417 -0.0134206 7.7624e-05 0.0768033
0.0298551 -0.00969057 0.0306862 -0.0120701 0.000308576 0.222363
0.0306862 -0.0120701 0.0421297 -0.0167004 0.000101755 0.151593
0.0312384 -0.0136508 0.0365775 -0.0184109 0.000173848 0.366123
0.0365775 -0.0184109 0.0414853 -0.0196689 2.67435e-05 0.0115953
0.0401368 -0.0258803 0.0405268 -0.0240839 8.04272e-05 0.0626664
0.0405268 -0.0240839 0.0439864 -0.0250164 2.4807e-05 0.0130323
0.0405268 -0.0240839 0.0407652 -0.0229858 8.02569e-05 0.0620254
0.0407652 -0.0229858 0.0429468 -0.0240894 3.45168e-05 0.0220633
0.0456829 -0.0254736 0.05 -0.0276576 3.43265e-05 0.022129
0.0456829 -0.0254736 0.05 -0.0266372 2.47783e-05 0.0124767
0.0446821 -0.0249673 0.0456829 -0.0254736 3.46911e-05 0.0221234
0.0446821 -0.0249673 0.05 -0.0238991 0.00012215 0.306646
0.0352305 -0.0226563 0.0405268 -0.0240839 2.33929e-05 0.0111645
0.0352305 -0.0226563 0.0384951 -0.0218374 0.00010128 0.236136
0.0325395 -0.0173759 0.0331542 -0.0191354 0.000268879 0.0810783
0.0331542 -0.0191354 0.0384951 -0.0218374 3.2123e-05 0.0173013
0.00784604 -0.0152752 0.0179489 -0.0179983 2.24324e-05 0.00282659
0.00784604 -0.0152752 0.0158301 -0.0235104 0.000242253 0.0140517
0.00689861 -0.00309706 0.00699088 -0.00248235 8.94278e-05 0.0504539
0.00689861 -0.00309706 0.0124523 -0.00469219 7.00854e-05 0.0323494
0.00544276 -0.0127963 0.00578474 -0.0105179 9.09426e-05 0.054823
0.00544276 -0.0127963 0.00784604 -0.0152752 0.000244673 0.0140182
0.0234044 -0.0224804 0.0217653 -0.025801 7.37235e-05 0.0475309
0.0207342 -0.0221945 0.0196669 -0.0184613 2.17093e-05 0.00446542
0.0199569 -0.023707 0.0207342 -0.0221945 3.37724e-05 0.0122977
0.0150887 -0.0254391 0.0170303 -0.0247483 0.000308738 0.348777
0.0150887 -0.0254391 0.0158301 -0.0235104 7.39732e-05 0.0194218
0.00866106 -0.0277261 0.0101681 -0.0271899 0.000309461 0.353656
0.00866106 -0.0277261 0.0087066 -0.0277688 0.000151938 0.0624438
0.00863331 -0.0277497 0.00994201 -0.0289998 0.000106339 0.0308922
0.00863331 -0.0277497 0.0087066 -0.0277688 5.27691e-05 0.0101223
0.0141232 -0.0279509 0.0153135 -0.0276524 0.000107878 0.0539389
0.0141232 -0.0279509 0.0142739 -0.0275589 7.25627e-05 0.00850569
0.0100032 -0.0289844 0.0117229 -0.0285531 0.000109563 0.0515138
0.0100032 -0.0289844 0.012593 -0.0314127 0.000149986 0.0592123
0.00994201 -0.0289998 0.0100032 -0.0289844 0.000116085 0.0435283
0.00994201 -0.0289998 0.0124898 -0.0314334 0.000103535 0.0277637
0.00846053 -0.0293714 0.00959347 -0.0320152 0.000115066 0.0173584
0.00959347 -0.0320152 0.0124898 -0.0314334 0.000119917 0.0538663
0.0136947 -0.0290658 0.0141232 -0.0279509 7.29021e-05 0.0113735
0.0136947 -0.0290658 0.0167894 -0.0298705 5.07913e-05 0.0121269
0.0127397 -0.0315502 0.0128093 -0.0313692 6.96038e-05 0.0151938
0.0127397 -0.0315502 0.01489 -0.0335663 0.000142929 0.0435656
0.0127054 -0.0316394 0.0127397 -0.0315502 7.1016e-05 0.0111175
0.0127054 -0.0316394 0.014835 -0.0336735 0.000100022 0.020918
-0.0194662 -0.000909324 -0.0196786 0.00186924 8.49734e-05 0.0119512
-0.0194662 -0.000909324 -0.0173055 -0.00297324 0.000112166 0.0176642
-0.0194296 -0.00138849 -0.0194662 -0.000909324 8.99857e-05 0.011945
-0.0194296 -0.00138849 -0.0176886 -0.00302077 0.000165388 0.0388832
-0.0173055 -0.00297324 -0.015546 -0.00275501 0.000116274 0.0586536
-0.0173055 -0.00297324 -0.0149788 -0.00519563 0.000115996 0.0160524
-0.0176886 -0.00302077 -0.0173055 -0.00297324 0.000119614 0.0560181
-0.0176886 -0.00302077 -0.0155158 -0.00505798 0.000158069 0.0326614
-0.0149788 -0.00519563 -0.0128852 -0.00573227 2.76267e-05 0.00277757
-0.0149788 -0.00519563 -0.0092509 -0.0106669 0.000111195 0.0165032
-0.0155158 -0.00505798 -0.0149788 -0.00519563 2.66629e-05 0.00186746
-0.0155158 -0.00505798 -0.00964767 -0.0105599 0.000155031 0.0332011
-0.0364765 -0.0160203 -0.0304868 -0.00895197 0.000289293 0.252602
-0.0323158 -0.00483502 -0.0304868 -0.00895197 0.000373562 0.00471864
-0.0215804 -0.00350347 -0.0192896 -0.00321934 0.00011862 0.0500106
-0.0215804 -0.00350347 -0.0192217 -0.00410808 2.86311e-05 0.00236383
-0.0132999 0.0243908 -0.0125871 0.0254219 6.70254e-05 0.0216853
-0.0135945 0.024565 -0.0132999 0.0243908 0.000327486 0.492166
-0.0140892 0.0232492 -0.0132999 0.0243908 6.12191e-05 0.0200801
-0.0143597 0.0238806 -0.0140892 0.0232492 0.000130902 0.012026
-0.0110535 0.0161654 -0.00963023 0.0156607 0.000148638 0.123294
-0.0140892 0.0232492 -0.0110535 0.0161654 0.000118028 0.0117342
-0.0231712 0.0101122 -0.0206601 0.0137445 6.42263e-05 0.020144
-0.0268552 0.0112228 -0.0231712 0.0101122 0.000312613 0.525151
-0.023382 0.00980732 -0.0231712 0.0101122 7.04761e-05 0.0274573
-0.023382 0.00980732 -0.0201866 0.00851437 0.000108642 0.0589931
-0.023557 0.00955423 -0.023382 0.00980732 5.95582e-05 0.020515
-0.023557 0.00955423 -0.0201337 0.00782243 3.55641e-05 0.00584664
-0.0282489 0.0114591 -0.0281347 0.0113313 0.000303315 0.233687
-0.0281347 0.0113313 -0.0279844 0.0115631 7.56755e-05 0.0273636
-0.0217903 0.00131067 -0.0194662 -0.000909324 0.000112634 0.017064
-0.0220197 0.00104 -0.0217903 0.00131067 0.000270959 0.268796
-0.0265237 0.00526295 -0.0262868 0.00560566 5.02574e-05 0.0076785
-0.0265237 0.00526295 -0.0220197 0.00104 0.000135754 0.0529572
-0.0251044 -0.00260018 -0.0215804 -0.00350347 2.51205e-05 0.00173751
-0.0263736 -0.00409799 -0.0251044 -0.00260018 0.000281235 0.256382
0.027312 0.0025608 0.0325092 0.000717867 0.000144459 0.206921
0.027312 0.0025608 0.0315732 0.00308933 0.000122957 0.158739
0.0297346 -0.00965597 0.0298551 -0.00969057 7.47148e-05 0.0447201
0.0288998 -0.0113472 0.0297346 -0.00965597 8.24878e-05 0.031125
0.0380694 -0.0354037 0.0392844 -0.029807 7.65955e-05 0.0877858
0.0392844 -0.029807 0.0441759 -0.0302466 0.000118326 0.304668
-0.0168058 -0.0357093 -0.0102404 -0.0340624 0.000112396 0.0427048
-0.0172736 -0.0295896 -0.0168058 -0.0357093 7.46734e-05 0.00411616
-0.0363896 -0.0406218 -0.0341654 -0.0400639 0.000141199 0.0585254
-0.0363896 -0.0406218 -0.035836 -0.0411401 0.00011513 0.0378613
0.0120432 0.0311774 0.0119076 0.030274 8.5131e-05 0.00142695
0.00664838 0.0348709 0.0119076 0.030274 0.000235998 0.261171
-0.00580815 0.0457587 -0.00126987 0.0417919 0.000189516 0.0155004
-0.00126987 0.0417919 0.000762129 0.0447311 5.18783e-05 0.00255683
0.00425806 0.0405309 0.0103954 0.0460197 0.000166288 0.0907947
0.00203864 0.0431975 0.00425806 0.0405309 2.6448e-05 0.00117327
0.00309769 0.0394932 0.00425806 0.0405309 0.000166447 0.0907544
0.00203864 0.0431975 0.00309769 0.0394932 2.13905e-05 8.54625e-05
0.00223883 0.0387251 0.00367658 0.0374684 0.00022246 0.126102
0.00309769 0.0394932 0.00367658 0.0374684 2.13905e-05 0.000238005
0.00419724 0.0319783 0.00498158 0.0329039 0.000278499 0.285353
0.00367658 0.0374684 0.00498158 0.0329039 2.36445e-05 8.82165e-05
0.00781914 0.0362525 0.0120432 0.0311774 2.91744e-05 0.0035352
0.0131062 0.0382591 0.0120432 0.0311774 8.40161e-05 0.0010208
0.0120593 0.0412562 0.0131062 0.0382591 0.000288724 0.199545
0.0131062 0.0382591 0.0142945 0.0461761 8.96581e-05 0.00405479
0.0313775 0.0169369 0.0317427 0.0167348 0.000106376 0.122463
0.0317427 0.0167348 0.0397398 0.0147875 0.000135011 0.241361
0.0358009 0.00263369 0.0363161 0.00367761 8.50829e-05 0.0388448
0.0363161 0.00367761 0.0415878 0.00433147 0.000121394 0.210732
0.0045319 -0.0266833 0.00765677 -0.0274958 5.65779e-05 0.0223909
0.0045319 -0.0266833 0.00595249 -0.026811 0.000104423 0.0124434
0.0028938 -0.0297781 0.00787526 -0.0280057 0.000311778 0.330178
0.00337395 -0.0265792 0.0028938 -0.0297781 9.61066e-05 0.0246618
-0.00984838 -0.0343117 -0.00653594 -0.0331332 0.000312734 0.319063
-0.00984838 -0.0343117 -0.00792624 -0.0355342 3.32751e-05 0.00303721
-0.00792624 -0.0355342 0.00233931 -0.0334722 0.000121342 0.0513824
-0.00792624 -0.0355342 0.00116224 -0.0413141 3.03706e-05 0.0031291
0.0313377 0.0168335 0.0317427 0.0167348 0.000173968 0.404359
0.0313377 0.0168335 0.0313775 0.0169369 7.28438e-05 0.0503931
-0.00592698 0.0200308 0.00904148 0.0111793 0.000305917 0.536447
0.00978205 0.0161131 0.00904148 0.0111793 9.5597e-05 0.00152853
-0.0158391 0.0283212 -0.0126117 0.0254439 0.000525582 0.846691
-0.0126117 0.0254439 -0.0125074 0.0255371 0.000422236 0.977541
-0.00774825 0.0211078 -0.0061909 0.0197194 0.000194491 0.139818
-0.00963023 0.0156607 -0.0061909 0.0197194 0.000287926 0.466773
-0.0217903 0.00131067 -0.0205196 0.00281026 0.000269038 0.273979
-0.0228853 0.00545744 -0.0205196 0.00281026 0.000301538 0.22934
-0.0205196 0.00281026 -0.0198142 0.00364269 0.00027379 0.425002
-0.0198142 0.00364269 -0.0198871 0.00459629 9.07714e-05 0.0134256
-0.00416004 7.91886e-05 -0.00070239 -0.000913913 7.43146e-05 0.0311938
-0.00517119 0.00243874 -0.00416004 7.91886e-05 0.000112989 0.00156524
-0.00570439 0.000522754 -0.00416004 7.91886e-05 7.53312e-05 0.0341746
-0.00570439 0.000522754 -0.00397527 -0.000351996 3.59084e-05 0.00651181
-0.017431 0.00645512 -0.0168351 0.00715826 0.000271763 0.429688
-0.0168351 0.00715826 -0.00517119 0.00243874 0.000101727 0.0535353
-0.0231712 0.0101122 -0.0202413 0.009229 0.000312142 0.527997
-0.0202413 0.009229 -0.0205842 0.0137145 9.38419e-05 0.0105863
-0.0161305 0.00798981 -0.0136158 0.0109574 0.000299889 0.50241
-0.0136158 0.0109574 -0.00784293 0.00867334 0.000156711 0.131354
-0.0135945 0.024565 -0.0126117 0.0254439 0.000571282 1.85618
-0.0150123 0.0254034 -0.0135945 0.024565 0.000645656 1.79998
-0.0143597 0.0238806 -0.0135945 0.024565 0.000212602 0.279457
-0.0150123 0.0254034 -0.0143597 0.0238806 0.000272874 0.0345636
-0.0212174 0.0219977 -0.0217839 0.0294078 9.37923e-05 0.0168576
-0.0212174 0.0219977 -0.017901 0.0271116 7.71388e-05 0.0324863
0.0408212 0.0128043 0.047993 0.0103078 0.000471692 3.02211
0.0403972 0.0119455 0.0408212 0.0128043 0.000173544 0.46129
0.00371968 0.0490092 0.00945447 0.0487133 3.10098e-05 0.00508348
0.0117214 0.0485964 0.0124794 0.0478835 7.21898e-05 0.00028297
0.0124794 0.0478835 0.0131918 0.0485206 0.000161201 0.008505
0.0145618 0.0497459 0.0148086 0.049601 3.56763e-05 0.0331672
0.0148086 0.049601 0.0146352 0.0484461 8.30702e-05 0.00922283
0.0131918 0.0485206 0.0146352 0.0484461 3.09266e-05 0.00630998
-0.0061909 0.0197194 -0.00592698 0.0200308 0.000288123 0.465091
-0.00774825 0.0211078 -0.00592698 0.0200308 0.000626987 1.85637
-0.00642169 0.0309798 -0.00193877 0.027689 5.89826e-05 0.0131025
-0.00193877 0.027689 -7.21369e-06 0.0270167 0.000321096 0.510825
-0.0401716 0.0409978 -0.0235794 0.0352221 0.000301296 0.45261
-0.0401716 0.0409978 -0.0353736 0.0457372 7.04298e-05 0.047286
0.0144284 -0.000138394 0.0141243 0.000925088 2.19473e-05 0.000316565
0.0144284 -0.000138394 0.017402 -0.00131493 0.000137745 0.110024
0.00749381 0.000868339 0.00929331 0.000325885 0.000282519 0.481918
0.00929331 0.000325885 0.0123094 0.00069998 0.000112836 0.0922234
0.0225854 -0.0059362 0.0233622 -0.00391516 7.69737e-05 0.0204346
0.0187637 -0.00252893 0.0225854 -0.0059362 0.00017541 0.130117
0.0216353 -0.00840786 0.0267548 -0.0104793 8.81767e-05 0.0575438
0.0216353 -0.00840786 0.0220085 -0.00743691 6.8264e-05 0.0353484
0.0267349 -0.015888 0.0331542 -0.0191354 3.17571e-05 0.0148321
0.0267349 -0.015888 0.0325395 -0.0173759 2.30497e-05 0.00919513
0.0200584 -0.0125104 0.0245446 -0.01478 3.22514e-05 0.0033902
0.0200584 -0.0125104 0.0216353 -0.00840786 6.73564e-05 0.0468597
0.026667 -0.0158706 0.0267349 -0.015888 2.31598e-05 0.00956562
0.0247164 -0.0198224 0.026667 -0.0158706 7.37349e-05 0.0968489
0.0242964 -0.0152629 0.026667 -0.0158706 2.29688e-05 0.00295502
0.0222895 -0.0191682 0.0242964 -0.0152629 3.36366e-05 0.0155558
0.0197 -0.0299852 0.0205122 -0.0283397 8.01686e-05 0.0167422
0.0205122 -0.0283397 0.021715 -0.0295804 0.000271115 0.275701
0.0205122 -0.0283397 0.0206162 -0.028129 8.51987e-05 0.0821115
0.0206162 -0.028129 0.0224787 -0.0282964 0.000113681 0.185483
0.0206162 -0.028129 0.0216341 -0.0260669 8.16536e-05 0.0375339
0.0216341 -0.0260669 0.0218274 -0.0260184 0.000107529 0.177926
0.0217653 -0.025801 0.0218274 -0.0260184 2.18005e-05 0.0117421
0.0218274 -0.0260184 0.0344522 -0.0228515 0.00010682 0.180905
0.0263675 -0.0286459 0.0392844 -0.029807 0.000123642 0.269189
0.0263675 -0.0286459 0.0358135 -0.0267486 0.000123701 0.226204
0.0361102 -0.0444284 0.0369058 -0.045249 0.000254182 0.144173
0.0358697 -0.0455362 0.0361102 -0.0444284 7.59279e-05 0.0206239
0.0380694 -0.0354037 0.0446417 -0.0371126 5.04297e-05 0.072069
0.0361102 -0.0444284 0.0380694 -0.0354037 7.81366e-05 0.110862
-0.0107736 0.0270877 -0.00179886 0.0249024 0.000422759 0.96009
-0.0107736 0.0270877 -0.0078143 0.0297343 0.000260671 0.377055
-0.00925826 0.030237 -0.0079627 0.0321109 7.17551e-05 0.0215755
-0.00925826 0.030237 -0.0078143 0.0297343 0.00028525 0.374673
-0.0169423 0.0285899 -0.0163121 0.0284364 0.000376816 0.822754
-0.0169423 0.0285899 -0.0166485 0.0290429 0.000245087 0.367087
-0.0201866 0.00851437 -0.0202413 0.009229 9.4409e-05 0.01747
-0.0201866 0.00851437 -0.0168351 0.00715826 0.000104585 0.0556607
-0.0201337 0.00782243 -0.0201866 0.00851437 8.33023e-05 0.0127422
-0.0201337 0.00782243 -0.017431 0.00645512 3.52352e-05 0.00586551
-0.0297207 0.0088857 -0.0281347 0.0113313 7.86603e-05 0.0209073
-0.0297207 0.0088857 -0.0275275 0.00679075 0.000108068 0.0331207
-0.0299729 0.00849686 -0.0297207 0.0088857 6.39499e-05 0.0129476
-0.0299729 0.00849686 -0.0284296 0.00704984 0.000136218 0.0538763
-0.0280045 0.0116777 -0.0279142 0.0117585 0.000198324 0.220488
-0.0280045 0.0116777 -0.0279297 0.0116474 0.000102922 0.0523612
-0.0280952 0.0115966 -0.0280045 0.0116777 0.000198465 0.219321
-0.0284738 0.0117107 -0.0280952 0.0115966 0.000290846 0.451707
-0.0282489 0.0114591 -0.0280952 0.0115966 0.000242093 0.322598
-0.0284738 0.0117107 -0.0282489 0.0114591 0.000338477 0.33142
-0.0419703 -0.0225035 -0.0342233 -0.0231998 0.000131634 0.0470275
-0.0480626 -0.0296929 -0.0419703 -0.0225035 0.000302606 0.248796
-0.0341654 -0.0400639 -0.0332804 -0.0406268 0.000155376 0.0764812
-0.0341654 -0.0400639 -0.0218692 -0.0369794 0.00011988 0.04599
-0.0104318 0.0147147 -0.00784293 0.00867334 0.000133547 0.0148448
-0.00784293 0.00867334 0.00773991 0.00250792 0.000151869 0.12974
0.0123094 0.00069998 0.0144284 -0.000138394 0.000138036 0.109829
0.0123094 0.00069998 0.0141243 0.000925088 0.000120568 0.110191
0.00837422 0.00673381 0.0138625 0.00184068 0.000185302 0.124519
0.0138625 0.00184068 0.0121161 0.00794934 2.35678e-05 0.00112014
0.0257784 0.00237058 0.027312 0.0025608 9.62714e-05 0.104053
0.0257784 0.00237058 0.0260267 0.00301657 6.68782e-05 0.02769
0.0256477 0.00235438 0.0257784 0.00237058 9.56586e-05 0.100119
0.0253302 0.00326358 0.0256477 0.00235438 0.000270258 0.0406752
0.0242566 0.00218183 0.0256477 0.00235438 9.25934e-05 0.021024
0.0203295 0.00450413 0.0242566 0.00218183 0.000237403 0.0740241
0.023443 -0.00370508 0.0259314 -0.00468961 0.000142712 0.115812
0.023443 -0.00370508 0.0254374 0.00148353 8.18331e-05 0.036402
0.0256477 0.00235438 0.025707 0.00218477 0.000260655 0.0128991
0.025707 0.00218477 0.0257784 0.00237058 6.8709e-05 0.0333561
0.0242566 0.00218183 0.0254374 0.00148353 0.000259048 0.110555
0.0254374 0.00148353 0.025707 0.00218477 7.07289e-05 0.00806734
0.026667 -0.0158706 0.0266737 -0.015857 7.36989e-05 0.0948112
0.0266737 -0.015857 0.0267349 -0.015888 3.17801e-05 0.0145195
0.0270459 -0.00991294 0.0284509 -0.0111656 0.000168907 0.136115
0.0284509 -0.0111656 0.0288998 -0.0113472 9.70807e-05 0.0677211
0.0485758 -0.0193087 0.05 -0.0189514 0.00011305 0.25362
0.0485758 -0.0193087 0.05 -0.0198849 9.78405e-05 0.181543
0.044282 -0.0203858 0.0485758 -0.0193087 0.000111793 0.24433
0.044282 -0.0203858 0.05 -0.0218515 2.5566e-05 0.0128098
0.0414853 -0.0196689 0.0421297 -0.0167004 8.30863e-05 0.0190211
0.0421297 -0.0167004 0.0485758 -0.0193087 9.90429e-05 0.193043
0.0189592 -0.0267379 0.0202784 -0.0280986 0.00027317 0.332176
0.0189592 -0.0267379 0.0216341 -0.0260669 0.000111317 0.113963
0.0167894 -0.0298705 0.0178138 -0.0278771 3.60743e-05 0.0033573
0.0178138 -0.0278771 0.0202784 -0.0280986 0.000109926 0.0619892
0.0178138 -0.0278771 0.0183164 -0.0268991 3.74975e-05 0.00160315
0.0183164 -0.0268991 0.0189592 -0.0267379 0.000106495 0.0514099
0.0199569 -0.023707 0.0210549 -0.0233163 0.000276999 0.0403687
0.0199569 -0.023707 0.0185933 -0.0263604 3.36703e-05 0.00339418
0.00581157 -0.0250544 0.00716424 -0.0263465 0.000110039 0.0324946
0.00581157 -0.0250544 0.00714719 -0.0263067 0.000151777 0.0635836
0.0101681 -0.0271899 0.0142739 -0.0275589 0.000110613 0.0539672
0.0101681 -0.0271899 0.0150887 -0.0254391 0.000308694 0.352838
0.0078269 -0.0269794 0.00786874 -0.0269832 0.000105741 0.0732593
0.0078269 -0.0269794 0.00862282 -0.0277397 0.00010022 0.0373645
0.00716424 -0.0263465 0.00714719 -0.0263067 0.000125427 0.0122988
0.00716424 -0.0263465 0.0078269 -0.0269794 0.000104197 0.0294705
0.00578474 -0.0105179 0.018314 -0.0137295 2.32719e-05 0.00326601
0.00578474 -0.0105179 0.00651414 -0.00565849 9.05402e-05 0.0549719
-0.00416004 7.91886e-05 -0.00397527 -0.000351996 0.000122731 0.00352893
-0.00397527 -0.000351996 -0.00243879 -0.00112928 3.6251e-05 0.0062256
0.00737671 8.81628e-05 0.00929331 0.000325885 0.000102632 0.0840911
0.00737671 8.81628e-05 0.00749381 0.000868339 9.49476e-05 0.0465054
-0.00070239 -0.000913913 0.00221908 -0.000551554 0.000102799 0.075232
-0.00070239 -0.000913913 0.00689861 -0.00309706 6.99656e-05 0.0262007
-0.00243879 -0.00112928 -0.00070239 -0.000913913 0.000101715 0.0712652
-0.00243879 -0.00112928 0.00651414 -0.00565849 3.20516e-05 0.00378293
-0.00653594 -0.0331332 0.00273943 -0.0308065 0.000108661 0.0399745
-0.00653594 -0.0331332 0.0028938 -0.0297781 0.000312462 0.320605
-0.0176482 -0.0246896 -0.0179426 -0.0208395 8.7477e-05 0.00648239
-0.0176482 -0.0246896 0.00337395 -0.0265792 0.000115769 0.0429952
-0.0261544 -0.0187042 -0.0304868 -0.00895197 0.000369002 0.000646873
-0.0261544 -0.0187042 -0.0179426 -0.0208395 4.71539e-05 0.00623578
-0.0342233 -0.0231998 -0.0218692 -0.0369794 5.48315e-05 0.00673529
-0.0342233 -0.0231998 -0.0261849 -0.0239223 0.000126292 0.0471924
-0.0280952 0.0115966 -0.0279844 0.0115631 0.000314009 0.528484
-0.0279844 0.0115631 -0.0279297 0.0116474 8.58217e-05 0.033427
-0.0279844 0.0115631 -0.0269532 0.0112523 0.000314475 0.525162
-0.0269532 0.0112523 -0.0267553 0.0111722 0.000113139 0.0627631
-0.0277797 0.0118787 -0.025363 0.0156052 7.55644e-05 0.0258489
-0.0277797 0.0118787 -0.0241497 0.0151252 0.000198328 0.221275
-0.0205842 0.0137145 -0.0136158 0.0109574 0.00013914 0.102537
-0.0205842 0.0137145 -0.0205938 0.0138404 8.7918e-05 0.00902941
-0.0205938 0.0138404 -0.0174246 0.0184246 5.84129e-05 0.0173845
-0.0205938 0.0138404 -0.0209133 0.0180196 8.47499e-05 0.00909896
-0.0241497 0.0151252 -0.0206601 0.0137445 0.000138675 0.0992711
-0.0241497 0.0151252 -0.0209133 0.0180196 0.000199582 0.231715
-0.0231368 0.0471047 -0.00974227 0.0396923 0.000118996 0.0456504
-0.00974227 0.0396923 -0.00580815 0.0457587 7.52968e-05 0.0397815
-0.00466419 0.0368821 -0.00167286 0.0352268 0.00011704 0.0456981
-0.00167286 0.0352268 0.00223883 0.0387251 0.000198382 0.197521
0.0282438 0.00878432 0.0299248 0.00969347 0.000657038 0.534051
0.0282438 0.00878432 0.0290139 0.0107879 0.000102387 0.0320454
0.0338746 0.00337478 0.0350615 0.00352199 0.000124273 0.179268
0.0331377 0.0019409 0.0338746 0.00337478 4.24875e-05 0.0100076
0.0299248 0.00969347 0.0290139 0.0107879 4.22795e-05 0.00526895
0.0299248 0.00969347 0.0333401 0.0115405 0.000655595 0.533704
0.0343745 0.00434743 0.0350615 0.00352199 3.58598e-05 0.0187863
0.0350615 0.00352199 0.0363161 0.00367761 0.000125894 0.180038
-0.0367862 0.0469967 -0.0353736 0.0457372 0.00034235 0.0220319
-0.0353736 0.0457372 -0.0321437 0.0489277 9.57732e-05 0.0090152
0.0247164 -0.0198224 0.034296 -0.0224044 2.26653e-05 0.00980891
0.0234044 -0.0224804 0.0247164 -0.0198224 7.38485e-05 0.0999982
0.0242964 -0.0152629 0.0245446 -0.01478 3.35689e-05 0.0155586
0.0245446 -0.01478 0.0266737 -0.015857 3.15541e-05 0.00270142
0.0414853 -0.0196689 0.044282 -0.0203858 2.64383e-05 0.0142036
0.0411596 -0.021169 0.0414853 -0.0196689 8.40262e-05 0.0195869
0.0384951 -0.0218374 0.0399979 -0.0214604 0.000101176 0.235462
0.0384951 -0.0218374 0.0407652 -0.0229858 3.31609e-05 0.0195591
0.0312384 -0.0136508 0.0325395 -0.0173759 0.000269084 0.0811808
0.0325395 -0.0173759 0.0365775 -0.0184109 2.35035e-05 0.0108973
0.00699088 -0.00248235 0.00737671 8.81628e-05 8.92854e-05 0.0438748
0.00699088 -0.00248235 0.0124523 -0.00469219 9.0612e-05 0.047568
0.0124523 -0.00469219 0.0160235 -0.00571791 6.98267e-05 0.0324522
0.0124523 -0.00469219 0.0161591 -0.00619204 9.0038e-05 0.0478846
0.0087066 -0.0277688 0.0100032 -0.0289844 0.000151177 0.0626554
0.0087066 -0.0277688 0.0117229 -0.0285531 5.15827e-05 0.0106557
0.0153135 -0.0276524 0.0183164 -0.0268991 0.000106899 0.0510228
0.0153135 -0.0276524 0.0178138 -0.0278771 0.000110487 0.0611224
0.0142739 -0.0275589 0.0150887 -0.0254391 7.30035e-05 0.00271273
0.0142739 -0.0275589 0.0153135 -0.0276524 0.000110006 0.0580756
0.0117229 -0.0285531 0.0141232 -0.0279509 0.00010884 0.0515148
0.0117229 -0.0285531 0.0136947 -0.0290658 5.26197e-05 0.0111517
0.012593 -0.0314127 0.0127397 -0.0315502 0.000142825 0.0454739
0.012593 -0.0314127 0.0128093 -0.0313692 0.000125509 0.0754387
0.0124898 -0.0314334 0.0127054 -0.0316394 0.00010056 0.0223944
0.0124898 -0.0314334 0.012593 -0.0314127 0.000120827 0.058613
0.0194191 -0.0305542 0.0234218 -0.031595 4.83902e-05 0.0112054
0.0169698 -0.0355163 0.0194191 -0.0305542 7.78244e-05 0.0232696
0.0167894 -0.0298705 0.0183068 -0.030265 5.02071e-05 0.0123909
0.0163886 -0.0306503 0.0167894 -0.0298705 3.71363e-05 0.0034274
0.0128093 -0.0313692 0.0136947 -0.0290658 7.314e-05 0.011735
0.0128093 -0.0313692 0.0163886 -0.0306503 0.000124554 0.0776172
0.0169698 -0.0355163 0.0273164 -0.0452172 0.000140926 0.0394509
0.0169039 -0.0356497 0.0169698 -0.0355163 7.79609e-05 0.0152944
0.01489 -0.0335663 0.0169698 -0.0355163 0.000142411 0.0433833
0.014835 -0.0336735 0.01489 -0.0335663 3.47844e-05 0.00340843
0.0169039 -0.0356497 0.0274652 -0.0457378 9.54945e-05 0.0182155
0.0138245 -0.0418884 0.0169039 -0.0356497 7.37587e-05 0.0118673
0.014835 -0.0336735 0.0169039 -0.0356497 9.90031e-05 0.0207723
0.0123643 -0.038481 0.014835 -0.0336735 3.37999e-05 0.00245071
-0.0125074 0.0255371 -0.0113401 0.0272257 0.000127142 0.0769469
-0.0125074 0.0255371 -0.0107736 0.0270877 0.000438835 1.064
-0.0125871 0.0254219 -0.0125074 0.0255371 0.000239854 0.266617
-0.0126117 0.0254439 -0.0125871 0.0254219 0.000674585 1.61975
-0.0251044 -0.00260018 -0.0220197 0.00104 0.000279683 0.257783
-0.0220197 0.00104 -0.0194296 -0.00138849 0.000167078 0.0386285
0.0288249 -0.011499 0.0288998 -0.0113472 7.98276e-05 0.0380582
0.0288998 -0.0113472 0.0306862 -0.0120701 9.56436e-05 0.0736596
-0.00580815 0.0457587 -0.0103577 0.0497353 0.000161947 2.2066e-05
-0.00580815 0.0457587 -0.00346 0.0493795 6.53456e-05 0.000830643
0.000762129 0.0447311 0.00135499 0.0455887 5.02136e-05 0.00241645
-0.00309095 0.0493605 0.000762129 0.0447311 2.63309e-05 0.000543721
0.000762129 0.0447311 0.00203864 0.0431975 2.7091e-05 0.000945771
0.00135499 0.0455887 0.00203864 0.0431975 2.25375e-05 0.000321105
0.0198986 0.0232893 0.0313775 0.0169369 0.000106126 0.104734
0.0313775 0.0169369 0.0350957 0.0266099 7.03741e-05 0.0249911
-0.0125871 0.0254219 -0.00774825 0.0211078 0.000656007 1.57035
-0.0132999 0.0243908 -0.00774825 0.0211078 0.000326862 0.49242
-0.00517119 0.00243874 -0.00627716 0.00501956 0.000115587 0.00137224
-0.00517119 0.00243874 0.00221908 -0.000551554 9.93145e-05 0.0514576
-0.0191786 0.00439278 -0.017431 0.00645512 0.000271781 0.429609
-0.017431 0.00645512 -0.00570439 0.000522754 3.45989e-05 0.00556514
-0.017901 0.0271116 -0.0150123 0.0254034 0.000647956 1.78912
-0.0163121 0.0284364 -0.0150123 0.0254034 0.000311333 0.0396076
-0.0217839 0.0294078 -0.021812 0.0297757 0.000201418 0.0841382
-0.0228218 0.0300215 -0.0217839 0.0294078 0.000666245 1.7997
-0.017901 0.0271116 -0.0169423 0.0285899 0.000172758 0.155774
-0.0217839 0.0294078 -0.017901 0.0271116 0.000654747 1.80784
0.0131918 0.0485206 0.0145618 0.0497459 0.000161201 0.00734045
0.0117214 0.0485964 0.0131918 0.0485206 3.09266e-05 0.000239915
-0.0079627 0.0321109 -0.00642169 0.0309798 7.18656e-05 0.0191112
-0.00642169 0.0309798 -0.00167286 0.0352268 0.000197789 0.204713
0.0141243 0.000925088 0.0138625 0.00184068 2.45526e-05 0.00037787
0.0141243 0.000925088 0.0147961 0.00100841 0.000120141 0.110562
0.0194191 -0.0305542 0.0197 -0.0299852 7.85314e-05 0.0235717
0.0197 -0.0299852 0.021715 -0.0295804 0.000123238 0.0832203
0.021715 -0.0295804 0.0233188 -0.0312346 0.000256425 0.175338
0.021715 -0.0295804 0.0227844 -0.0293656 0.000133795 0.299274
-0.0078143 0.0297343 -0.00642169 0.0309798 0.000197171 0.20231
-0.0078143 0.0297343 -0.00193877 0.027689 0.000322458 0.512542
-0.0279297 0.0116474 -0.0269532 0.0112523 0.000107375 0.0576087
-0.0279297 0.0116474 -0.0278717 0.011737 7.63118e-05 0.0271538
-0.0346169 0.0135625 -0.0284738 0.0117107 0.000317054 0.488054
-0.0286934 0.0119564 -0.0284738 0.0117107 0.000299726 0.296322
-0.0218692 -0.0369794 -0.0168058 -0.0357093 0.000115155 0.045513
-0.0218692 -0.0369794 -0.0208395 -0.0381279 5.83741e-05 0.0109891
0.00786874 -0.0269832 0.00866106 -0.0277261 0.000149054 0.0811065
0.00786874 -0.0269832 0.0101681 -0.0271899 0.000108393 0.0502428
0.00714719 -0.0263067 0.00786874 -0.0269832 0.000152524 0.0641785
0.00714719 -0.0263067 0.00438304 -0.0198564 0.000117829 0.0119188
0.00651414 -0.00565849 0.00689861 -0.00309706 9.02397e-05 0.0548102
0.00651414 -0.00565849 0.0176116 -0.0112726 3.23365e-05 0.00471206
0.00221908 -0.000551554 0.00737671 8.81628e-05 0.00010621 0.0859485
0.00221908 -0.000551554 0.00699088 -0.00248235 9.11071e-05 0.0407832
-0.0209133 0.0180196 -0.0210423 0.0197074 8.80782e-05 0.00772984
-0.0209133 0.0180196 -0.0195985 0.0191954 0.000198443 0.2335
0.0290139 0.0107879 0.0303184 0.0141817 9.80063e-05 0.036314
0.0221123 0.0190799 0.0290139 0.0107879 3.56908e-05 0.00154635
0.0183068 -0.030265 0.0194191 -0.0305542 5.15524e-05 0.0112973
0.0183068 -0.030265 0.0197 -0.0299852 0.000123736 0.0787724
0.01489 -0.0335663 0.0163886 -0.0306503 3.51748e-05 0.00475029
0.0163886 -0.0306503 0.0183068 -0.030265 0.000124314 0.0780872
0.00135499 0.0455887 0.00371968 0.0490092 4.92075e-05 0.00235731
0.000327051 0.0491842 0.00135499 0.0455887 2.13905e-05 8.86011e-05
