# time=100000
x1 y1 x2 y2 aperture velocity
0.0443843 -0.00631477 0.05 -0.010437 5.00012e-05 0.065553
0.0440694 -0.0250904 0.05 -0.0303778 0.000149092 0.323577
-0.05 0.000316541 -0.04286 -0.00160796 2.22582e-05 0.00266315
-0.05 -0.0312056 -0.04959 -0.0314953 0.000278577 0.270892
0.0474957 0.00801726 0.05 0.0066314 0.000103504 0.137505
0.0458809 0.000579001 0.05 -0.00302134 0.000171897 0.409648
-0.05 0.0299759 -0.0423835 0.0272751 0.000125816 0.0865551
-0.05 -0.0125039 -0.0445168 -0.0139297 4.557e-05 0.010681
0.0450408 -0.0429945 0.05 -0.0416201 9.52168e-05 0.228155
0.0477065 0.0302897 0.05 0.0347524 3.3032e-05 0.0069044
-0.05 -0.043985 -0.0489825 -0.0437807 0.000109754 0.0479729
-0.05 0.0229315 -0.0399407 0.0178426 3.11145e-05 0.00487214
-0.05 0.0272741 -0.046455 0.0239504 0.000133165 0.0732302
-0.05 -0.00702845 -0.0488496 -0.00688577 9.29592e-05 0.047758
0.0497351 -0.0141077 0.05 -0.014426 2.71637e-05 0.0132355
0.0490599 0.0294953 0.05 0.0313998 7.23165e-05 0.0304091
-0.05 0.025353 -0.046455 0.0239504 0.000114656 0.0691987
-0.05 0.0444191 -0.0461801 0.0430894 0.000213181 0.627333
-0.05 0.0366396 -0.0456549 0.0355815 0.00011527 0.105885
-0.05 0.0132453 -0.0320246 0.00808241 6.46759e-05 0.0224098
-0.05 0.00378124 -0.039767 0.00115824 2.26532e-05 0.00276853
0.0487448 0.0137711 0.05 0.0195529 7.32959e-05 0.0148047
-0.05 -0.0286948 -0.0496576 -0.0281995 4.88291e-05 0.00639276
-0.05 -0.027879 -0.0496576 -0.0281995 0.000100879 0.0350258
-0.05 -0.00799343 -0.0488104 -0.00692954 0.000163767 0.111322
-0.05 -0.00560268 -0.0488496 -0.00688577 4.70573e-05 0.00823218
0.0487448 0.0137711 0.05 0.0125904 7.38647e-05 0.0516224
-0.05 -0.0440359 -0.0489825 -0.0437807 9.53803e-05 0.0358433
-0.05 -0.0299924 -0.048906 -0.0306882 0.000108842 0.045801
-0.05 0.0415005 -0.0461801 0.0430894 3.30736e-05 0.0147653
0.0453562 -0.0476437 0.05 -0.044689 8.1473e-05 0.155215
-0.05 -0.00877678 -0.043752 -0.0127503 2.93384e-05 0.00388323
-0.05 0.0282563 -0.0448113 0.0233 9.31163e-05 0.0355975
-0.05 0.0205776 -0.0374354 0.0154937 8.3847e-05 0.0367487
0.0490599 0.0294953 0.05 0.0289434 3.578e-05 0.0145039
0.0429283 0.0469867 0.05 0.046622 3.09266e-05 0.0204461
-0.05 0.0312895 -0.0478601 0.0334032 7.043e-05 0.0207653
-0.05 -0.0223847 -0.0496305 -0.0218149 6.2024e-05 0.0103887
-0.05 -0.0217817 -0.0496305 -0.0218149 9.74855e-05 0.0469767
-0.0228246 0.0430204 -0.0224412 0.042739 4.99034e-05 0.00841249
-0.0224412 0.042739 -0.0228816 0.0437668 0.00010563 0.0134006
0.0101839 0.0187903 0.0232593 0.00919225 5.01806e-05 0.0116957
0.019591 0.0196938 0.0232593 0.00919225 0.000277008 0.112139
0.0348415 0.000690202 0.0369482 -0.000856241 5.07445e-05 0.0281348
0.0369482 -0.000856241 0.0394415 -0.00174035 0.00012885 0.219909
0.0369482 -0.000856241 0.0414656 -0.00417222 5.04148e-05 0.00777823
0.0414656 -0.00417222 0.0394415 -0.00174035 2.67192e-05 0.00403736
0.0414656 -0.00417222 0.0443843 -0.00631477 4.99764e-05 0.00846777
0.0441494 -0.00739678 0.0443843 -0.00631477 7.28274e-05 0.204963
-0.0166485 0.0290429 -0.0165246 0.0289324 0.000153574 0.0682191
-0.0166024 0.029114 -0.0165246 0.0289324 0.00010666 0.00201628
0.0429468 -0.0240894 0.0439864 -0.0250164 0.000149058 0.291915
0.0439864 -0.0250164 0.0441792 -0.0250683 2.27609e-05 0.00936276
0.0439864 -0.0250164 0.0440694 -0.0250904 0.000149043 0.292088
0.0440694 -0.0250904 0.0441792 -0.0250683 0.000111755 0.239393
0.0017112 -0.0136216 -0.000285636 -0.00896189 0.000105668 0.0197768
0.0017112 -0.0136216 0.0051786 -0.0145562 2.24201e-05 0.00156776
0.00765677 -0.0274958 0.00787526 -0.0280057 0.000106376 0.0385286
0.00787526 -0.0280057 0.00861096 -0.0277439 0.000278948 0.287808
0.0111578 -0.0356656 0.0123643 -0.038481 0.000105883 0.00831362
0.00850765 -0.0459855 0.0123643 -0.038481 3.30298e-05 0.000277748
0.0123643 -0.038481 0.0138245 -0.0418884 0.00010561 0.00766573
0.011015 -0.0475801 0.0138245 -0.0418884 7.20998e-05 0.000483874
-0.0189195 -0.00806083 -0.00964767 -0.0105599 2.22682e-05 0.00146942
-0.0189195 -0.00806083 -0.0192217 -0.00410808 7.2656e-05 0.00656008
-0.0313376 -0.00471369 -0.0277213 -0.00568841 2.23615e-05 0.00155201
-0.0313376 -0.00471369 -0.0263736 -0.00409799 9.32306e-05 0.0330857
-0.0330937 -0.00424034 -0.0325101 -0.00439765 2.23291e-05 0.00224936
-0.0330937 -0.00424034 -0.032781 -0.00378792 4.93717e-05 0.0120575
-0.04286 -0.00160796 -0.0374684 -0.00306119 2.2486e-05 0.00281393
-0.04286 -0.00160796 -0.039767 0.00115824 0.000163114 0.110548
0.0241711 0.00658176 0.0253302 0.00326358 0.000274002 0.0753989
0.0253302 0.00326358 0.0260267 0.00301657 0.000134181 0.145095
0.0284573 -0.00568901 0.0287646 -0.00656861 0.000266794 0.148506
0.0275068 -0.0090161 0.0287646 -0.00656861 3.40179e-05 0.00426397
0.0344522 -0.0228515 0.0358135 -0.0267486 0.000262714 0.0440592
0.0358135 -0.0267486 0.0401368 -0.0258803 0.000112097 0.291849
-0.0336307 -0.0427735 -0.0312417 -0.0419235 0.000280064 0.254138
-0.0359186 -0.0411567 -0.0355098 -0.0414455 0.000271796 0.248956
-0.0359186 -0.0411567 -0.035836 -0.0411401 0.000113394 0.0460452
-0.04959 -0.0314953 -0.0366005 -0.0406747 0.000273333 0.247582
-0.05 -0.0319792 -0.04959 -0.0314953 0.000225043 0.139956
-0.0339645 -0.0428923 -0.0336307 -0.0427735 0.0002799 0.0145544
0.0179605 0.0243618 0.0198986 0.0232893 0.000100838 0.0733778
0.017648 0.0252564 0.0198986 0.0232893 0.000165406 0.162311
0.0354949 0.0146584 0.0387482 0.0128581 0.000102546 0.102749
0.0366047 0.00868707 0.0387482 0.0128581 3.50108e-05 0.0266361
0.0387482 0.0128581 0.0403972 0.0119455 0.000102374 0.106187
0.0381305 0.00735337 0.0403972 0.0119455 7.77768e-05 0.104256
0.0403972 0.0119455 0.0474957 0.00801726 0.000103612 0.128145
0.0468369 0.00498253 0.0474957 0.00801726 7.73622e-05 0.0376799
-0.0179426 -0.0208395 -0.0189195 -0.00806083 7.28118e-05 0.00650501
-0.0179426 -0.0208395 0.00340241 -0.0263896 4.58785e-05 0.00632003
-0.0162276 -0.043272 -0.0166847 -0.0372934 7.31647e-05 0.00267277
0.0257193 0.0182016 0.0259861 0.0179684 0.000169395 0.126445
0.0259861 0.0179684 0.031091 0.0161914 0.000204062 0.464786
0.0303184 0.0141817 0.0259861 0.0179684 0.000162674 0.0364652
0.0303184 0.0141817 0.031091 0.0161914 7.14967e-05 0.162054
0.0333401 0.0115405 0.0303184 0.0141817 0.000172685 0.0949585
0.0381305 0.00735337 0.0415878 0.00433147 0.000173062 0.441603
0.0415878 0.00433147 0.0468369 0.00498253 9.96438e-05 0.183672
0.0415878 0.00433147 0.0458809 0.000579001 0.000172328 0.407869
0.0449531 -0.0036948 0.0458809 0.000579001 7.36781e-05 0.0283237
0.0121161 0.00794934 0.0180793 0.00583476 0.000129895 0.123106
0.0121161 0.00794934 0.0116303 0.00964834 2.14142e-05 0.000437358
-0.00963023 0.0156607 0.0036393 0.0109552 0.000130516 0.105649
-0.0104318 0.0147147 -0.00963023 0.0156607 0.000229604 0.328011
-0.0423835 0.0272751 -0.0223923 0.0201861 0.000131436 0.110438
-0.0478601 0.0334032 -0.0423835 0.0272751 0.000261683 0.263231
-0.0405122 -0.0149709 -0.0400859 -0.0150818 4.56473e-05 0.00950762
-0.0405122 -0.0149709 -0.0404352 -0.0148596 4.88758e-05 0.00830127
-0.0419318 -0.0146018 -0.0405122 -0.0149709 4.56274e-05 0.0101073
-0.0419318 -0.0146018 -0.0409862 -0.0156566 4.71533e-05 0.00695079
-0.0445168 -0.0139297 -0.0419318 -0.0146018 4.56822e-05 0.0100828
-0.0445168 -0.0139297 -0.043752 -0.0127503 6.20921e-05 0.0116981
0.0291917 -0.0473869 0.0295304 -0.047293 9.43044e-05 0.0174151
0.0358697 -0.0455362 0.0369058 -0.045249 9.46949e-05 0.053555
0.0369058 -0.045249 0.0450408 -0.0429945 9.52097e-05 0.371273
0.0450408 -0.0429945 0.0453562 -0.0476437 0.000418903 0.030188
0.0390393 0.0134246 0.0397398 0.0147875 3.46067e-05 0.00893623
0.0397398 0.0147875 0.041579 0.0143397 0.000117165 0.168387
0.0397398 0.0147875 0.0423221 0.0198124 3.37806e-05 0.00684801
0.0350957 0.0266099 0.0423221 0.0198124 7.25993e-05 0.047982
0.0423221 0.0198124 0.0477065 0.0302897 3.30867e-05 0.00620034
0.0385714 0.0356521 0.0477065 0.0302897 3.56806e-05 0.0163934
-0.0489825 -0.0437807 -0.0359186 -0.0411567 0.000109724 0.047998
-0.0489825 -0.0437807 -0.0366005 -0.0406747 9.53439e-05 0.0358433
-0.0399407 0.0178426 -0.0381487 0.0169361 3.13474e-05 0.00496959
-0.0399407 0.0178426 -0.0374354 0.0154937 0.000133031 0.072743
-0.046455 0.0239504 -0.0399407 0.0178426 0.000133098 0.0727379
-0.046455 0.0239504 -0.0448113 0.0233 0.000114642 0.0698218
-0.0487472 -0.00687306 -0.0391701 -0.00568519 9.40063e-05 0.0493617
-0.0487472 -0.00687306 -0.04286 -0.00160796 0.000163199 0.110515
-0.0488496 -0.00688577 -0.0487472 -0.00687306 9.29267e-05 0.047734
-0.0488496 -0.00688577 -0.0488104 -0.00692954 4.72334e-05 0.00828157
0.0441494 -0.00739678 0.0414656 -0.00417222 2.67316e-05 0.00519707
0.0437291 -0.00933319 0.0441494 -0.00739678 7.28443e-05 0.213327
0.0441494 -0.00739678 0.0497351 -0.0141077 2.66721e-05 0.0177633
0.0497351 -0.0141077 0.05 -0.0142125 0.000117385 0.359226
0.041579 0.0143397 0.0436595 0.0185545 7.41963e-05 0.0322006
0.0423221 0.0198124 0.0436595 0.0185545 7.26404e-05 0.0483153
0.0436595 0.0185545 0.0490599 0.0294953 7.24027e-05 0.0297781
0.0477065 0.0302897 0.0490599 0.0294953 3.569e-05 0.0157469
0.0243782 0.0185281 0.0259861 0.0179684 0.000205973 0.327683
0.0243782 0.0185281 0.0257193 0.0182016 0.00012139 0.123725
-7.21369e-06 0.0270167 0.00740212 0.0244375 0.000211304 0.247695
-0.000396682 0.0265571 -7.21369e-06 0.0270167 0.00023837 0.281494
-0.0461801 0.0430894 -0.0431173 0.0420233 0.00021299 0.627153
-0.0461801 0.0430894 -0.0367862 0.0469967 3.60114e-05 0.0179595
0.0160235 -0.00571791 0.0147674 -0.00132426 2.14912e-05 0.000605778
0.0160235 -0.00571791 0.0220085 -0.00743691 6.53053e-05 0.0287343
0.018314 -0.0137295 0.0176116 -0.0112726 2.14121e-05 0.00213319
0.018314 -0.0137295 0.0194753 -0.0140272 2.27851e-05 0.00337547
0.0188582 -0.0156327 0.018314 -0.0137295 2.16361e-05 0.00233117
0.0188582 -0.0156327 0.0194753 -0.0140272 6.52214e-05 0.043654
0.0233188 -0.0312346 0.0227844 -0.0293656 2.18956e-05 0.00299837
0.0233188 -0.0312346 0.0237512 -0.0316807 0.000241625 0.152578
0.0273164 -0.0452172 0.0274652 -0.0457378 2.13983e-05 0.000498353
0.0274652 -0.0457378 0.0291917 -0.0473869 9.33196e-05 0.0173554
0.0274652 -0.0457378 0.0280288 -0.0477092 2.14434e-05 0.00105962
0.0106464 0.0218719 0.0173765 0.0202331 0.000121808 0.0722116
0.0106464 0.0218719 0.0108513 0.0232368 9.05339e-05 0.0248769
-0.0228218 0.0300215 -0.021812 0.0297757 0.000131919 0.107218
-0.0406253 0.0405496 -0.0228218 0.0300215 0.000274784 0.332651
-0.0456549 0.0355815 -0.0228218 0.0300215 0.000116404 0.0972567
-0.0456549 0.0355815 -0.0406253 0.0405496 7.12852e-05 0.0557302
-0.0228853 0.00545744 -0.0198871 0.00459629 6.71296e-05 0.0267006
-0.024861 0.00766809 -0.0228853 0.00545744 0.000257834 0.1875
-0.0275275 0.00679075 -0.0258088 0.00629711 6.61706e-05 0.0211671
-0.0275275 0.00679075 -0.0262868 0.00560566 9.42266e-05 0.0285958
-0.0320246 0.00808241 -0.0305216 0.00765072 6.52949e-05 0.0208079
-0.0320246 0.00808241 -0.0307483 0.00922386 0.000162926 0.111198
-0.0128852 -0.00573227 -0.000285636 -0.00896189 2.2828e-05 0.00301718
-0.015546 -0.00275501 -0.0128852 -0.00573227 0.000252351 0.068784
-0.0343629 -0.000226973 -0.0309279 -0.00110746 2.26532e-05 0.00119508
-0.039767 0.00115824 -0.0354497 5.1619e-05 2.27929e-05 0.00299662
-0.039767 0.00115824 -0.0320246 0.00808241 0.000163042 0.110562
0.0485023 0.0126538 0.0487448 0.0137711 7.45462e-05 0.0154991
0.0436595 0.0185545 0.0487448 0.0137711 7.36703e-05 0.0508047
-0.0496576 -0.0281995 -0.0455004 -0.0221862 4.89704e-05 0.00673456
-0.0496576 -0.0281995 -0.0480626 -0.0296929 0.000100787 0.0348829
0.00781914 0.0362525 0.0120593 0.0412562 0.000224515 0.142307
0.0103954 0.0460197 0.0120593 0.0412562 0.000259089 0.0407386
-0.00627716 0.00501956 0.00749381 0.000868339 0.000241741 0.354134
0.00749381 0.000868339 0.00773991 0.00250792 8.59783e-05 0.0296642
0.0147674 -0.00132426 0.0187637 -0.00252893 0.000240963 0.35767
0.017402 -0.00131493 0.0187637 -0.00252893 0.000150312 0.0781173
0.0259314 -0.00468961 0.0283644 -0.00542305 0.000240599 0.344565
0.0283644 -0.00542305 0.0260859 0.00110009 0.000266432 0.0280913
0.0283644 -0.00542305 0.0292206 -0.00568115 0.000240577 0.15281
0.0292206 -0.00568115 0.0290883 -0.00593867 3.42301e-05 0.00691588
0.0292206 -0.00568115 0.0313759 -0.00633085 0.000240536 0.151434
0.0313759 -0.00633085 0.0311641 -0.00675996 7.44011e-05 0.0914691
0.0313759 -0.00633085 0.0435821 -0.0100104 0.000240402 0.119085
0.0435821 -0.0100104 0.0432496 -0.0115417 7.42179e-05 0.40311
0.0158301 -0.0235104 0.0179489 -0.0179983 6.53125e-05 0.0421719
0.0158301 -0.0235104 0.0170303 -0.0247483 0.000239754 7.56599e-05
0.00744961 -0.0453126 0.0111578 -0.0356656 6.46561e-05 0.000835036
0.00744961 -0.0453126 0.00850765 -0.0459855 2.93384e-05 0.00150183
-0.0488104 -0.00692954 -0.0487472 -0.00687306 0.000163725 0.111409
-0.0488104 -0.00692954 -0.0436847 -0.0126466 4.76033e-05 0.00801584
-0.00300402 -0.016789 0.00371497 -0.0243073 0.00025152 0.0619954
0.00371497 -0.0243073 0.00387531 -0.023239 8.49159e-05 0.0631408
0.00371497 -0.0243073 0.00595249 -0.026811 0.00025026 0.0424373
0.00595249 -0.026811 0.00741981 -0.0269428 9.80877e-05 0.120009
-0.00187863 -0.00524458 0.00239031 -0.00964781 0.000240514 0.0141748
-0.00187863 -0.00524458 -0.00358144 -0.00127101 0.000107855 0.0204164
-0.00550027 -0.00150901 -0.00187863 -0.00524458 0.000245546 0.0142151
-0.00550027 -0.00150901 -0.00358144 -0.00127101 9.291e-05 0.0393499
0.0450408 -0.0429945 0.0446417 -0.0371126 0.000415883 0.00235339
0.0446417 -0.0371126 0.05 -0.0385058 4.6072e-05 0.0496212
0.0446417 -0.0371126 0.0441759 -0.0302466 0.000419914 0.00345628
0.0441759 -0.0302466 0.05 -0.0307701 0.00010019 0.221921
-0.0312417 -0.0419235 -0.0207753 -0.0381995 0.000279998 0.271126
-0.0332804 -0.0406268 -0.0312417 -0.0419235 0.000112616 0.0420867
-0.0332804 -0.0406268 -0.0208395 -0.0381279 0.000113889 0.0471861
-0.048906 -0.0306882 -0.0429602 -0.03447 0.000115086 0.0443418
-0.04959 -0.0314953 -0.048906 -0.0306882 0.000233626 0.168167
0.0203295 0.00450413 0.0209244 0.00482588 0.000444908 0.189122
0.0180793 0.00583476 0.0203295 0.00450413 0.000251755 0.392733
0.00116224 -0.0413141 0.00744961 -0.0453126 2.93937e-05 0.0033358
0.00233931 -0.0334722 0.00116224 -0.0413141 8.30702e-05 4.93685e-05
-0.0229115 -0.0260041 -0.0172736 -0.0295896 2.93947e-05 0.00328008
-0.0237386 -0.0241422 -0.0229115 -0.0260041 0.000356836 0.000116786
-0.0261849 -0.0239223 -0.0229115 -0.0260041 2.96471e-05 0.0018465
-0.0261849 -0.0239223 -0.0237386 -0.0241422 0.000100455 0.0334756
-0.0372237 -0.016902 -0.0261849 -0.0239223 2.9599e-05 0.00185073
-0.0385093 -0.0184192 -0.0372237 -0.016902 0.000228652 0.177309
-0.0400859 -0.0150818 -0.0372237 -0.016902 2.93663e-05 0.00330218
-0.0400859 -0.0150818 -0.0364765 -0.0160203 4.5639e-05 0.00944779
-0.0404352 -0.0148596 -0.0400859 -0.0150818 2.93649e-05 0.00320666
-0.0404352 -0.0148596 -0.0336164 -0.00499634 4.88595e-05 0.00851721
-0.043752 -0.0127503 -0.0433793 -0.0129873 2.93562e-05 0.00355111
-0.043752 -0.0127503 -0.0436847 -0.0126466 6.20721e-05 0.0118579
-0.0360532 0.0149344 -0.0346169 0.0135625 9.33474e-05 0.0354532
-0.0360532 0.0149344 -0.0286934 0.0119564 8.40654e-05 0.0373398
-0.0381487 0.0169361 -0.0360532 0.0149344 9.33782e-05 0.035531
-0.0381487 0.0169361 -0.0290135 0.0123146 3.12317e-05 0.00495305
-0.0448113 0.0233 -0.0381487 0.0169361 9.34633e-05 0.035487
-0.0448113 0.0233 -0.0355598 0.0196396 0.000114412 0.0699446
-0.0374354 0.0154937 -0.0360532 0.0149344 8.4097e-05 0.0372265
-0.0374354 0.0154937 -0.0357353 0.0138996 0.000132866 0.0724616
0.00544336 0.0312887 0.00770911 0.0300349 0.000104794 0.168219
0.0113219 0.0263719 0.0162766 0.0213483 0.000518625 0.049183
0.0162766 0.0213483 0.0193919 0.0202638 0.000209728 0.303818
0.0162766 0.0213483 0.0173765 0.0202331 0.00051272 0.0187385
0.0173765 0.0202331 0.019591 0.0196938 0.000121414 0.151576
-0.00346 0.0493795 -0.00309095 0.0493605 3.09428e-05 0.00109758
-0.00330532 0.049618 -0.00309095 0.0493605 2.62861e-05 0.000820518
0.000327051 0.0491842 0.00371968 0.0490092 3.09266e-05 0.00129087
0.0169823 0.0483251 0.0429283 0.0469867 3.09266e-05 0.00838033
0.0260859 0.00110009 0.0311627 -0.00190211 0.000241736 0.105524
0.0292206 -0.00568115 0.0311627 -0.00190211 3.38239e-05 0.00296842
0.0311627 -0.00190211 0.0330199 -0.00300032 0.00024158 0.102861
0.0313759 -0.00633085 0.0330199 -0.00300032 7.44228e-05 0.013324
0.0330199 -0.00300032 0.0437291 -0.00933319 0.000240656 0.0699311
0.0437291 -0.00933319 0.0435821 -0.0100104 7.28278e-05 0.0177093
-0.0478601 0.0334032 -0.0456549 0.0355815 7.46173e-05 0.0413912
-0.05 0.0357977 -0.0478601 0.0334032 0.000261999 0.26912
-0.0496305 -0.0218149 -0.0445168 -0.0139297 6.22313e-05 0.0112521
-0.0496305 -0.0218149 -0.0455004 -0.0221862 9.73837e-05 0.046452
-0.0313319 0.0492653 -0.0228246 0.0430204 4.94197e-05 0.0113077
-0.0228246 0.0430204 -0.0228816 0.0437668 7.31058e-05 0.0210591
-0.0228816 0.0437668 -0.0246774 0.0479573 0.000105523 0.0167289
-0.0228816 0.0437668 -0.0231368 0.0471047 7.30469e-05 0.0162875
-0.0124993 0.035441 -0.0079627 0.0321109 4.95926e-05 0.00703037
-0.0079627 0.0321109 -0.00466419 0.0368821 4.91784e-05 0.0126253
0.00367248 0.0235701 0.00870661 0.0198747 5.25418e-05 0.0132961
0.00794775 0.022529 0.00870661 0.0198747 2.24919e-05 0.000898501
0.00870661 0.0198747 0.0101839 0.0187903 5.18954e-05 0.0134445
0.0101839 0.0187903 0.0106464 0.0218719 8.68293e-05 0.00465913
0.0179605 0.0243618 0.0181373 0.0238556 0.000269179 0.116741
0.0175072 0.0246126 0.0181373 0.0238556 2.79656e-05 0.0017825
0.0181373 0.0238556 0.0193919 0.0202638 0.00026907 0.116641
0.0193919 0.0202638 0.0218346 0.0194136 0.000205861 0.328604
0.0193919 0.0202638 0.019591 0.0196938 0.000279173 0.0983502
0.019591 0.0196938 0.0221123 0.0190799 0.000122133 0.121153
0.0315732 0.00308933 0.0331377 0.0019409 5.2319e-05 0.0221573
0.0325092 0.000717867 0.0331377 0.0019409 3.37101e-05 0.00602
0.0331377 0.0019409 0.0348415 0.000690202 5.17324e-05 0.0220248
0.0345057 9.88431e-06 0.0348415 0.000690202 7.44595e-05 0.032752
0.0394415 -0.00174035 0.0449531 -0.0036948 0.000128795 0.222273
0.0358009 0.00263369 0.0394415 -0.00174035 2.71739e-05 0.00679163
-0.0235794 0.0352221 -0.0221296 0.0339296 0.000147734 0.0605017
-0.0221296 0.0339296 -0.0221915 0.034739 7.34782e-05 0.0134337
-0.0221296 0.0339296 -0.0166485 0.0290429 0.000150299 0.0649082
-0.0166485 0.0290429 -0.0166024 0.029114 6.85034e-05 0.0246562
-0.0184557 0.0334386 -0.0224412 0.042739 0.000105652 0.0123456
-0.0184557 0.0334386 -0.0146557 0.0321158 0.000194815 0.182838
-0.0166024 0.029114 -0.0184557 0.0334386 0.000104926 0.000429
-0.0166024 0.029114 -0.0146557 0.0321158 6.39295e-05 0.0223522
0.0253428 -0.00839457 0.0270459 -0.00991294 0.000149568 0.100663
0.0267548 -0.0104793 0.0270459 -0.00991294 3.3266e-05 0.0093929
0.0288249 -0.011499 0.0312384 -0.0136508 0.000148582 0.132035
0.0306862 -0.0120701 0.0312384 -0.0136508 0.000265607 0.132351
0.0365775 -0.0184109 0.0399979 -0.0214604 0.000150147 0.255931
0.0399979 -0.0214604 0.0411596 -0.021169 9.78102e-05 0.166111
0.0399979 -0.0214604 0.0409182 -0.0222809 0.000149104 0.279334
0.0407652 -0.0229858 0.0409182 -0.0222809 7.34835e-05 0.0502448
0.0409182 -0.0222809 0.0429468 -0.0240894 0.00014911 0.29163
0.0429468 -0.0240894 0.0446821 -0.0249673 3.18483e-05 0.0165535
0.0441792 -0.0250683 0.0456829 -0.0254736 2.29288e-05 0.00988323
0.0441792 -0.0250683 0.0446821 -0.0249673 0.000111746 0.239292
-0.000285636 -0.00896189 -0.00187863 -0.00524458 0.000105571 0.0200886
-0.000285636 -0.00896189 0.00239031 -0.00964781 2.28285e-05 0.00165868
0.034296 -0.0224044 0.0352305 -0.0226563 2.25244e-05 0.00935391
0.0331542 -0.0191354 0.034296 -0.0224044 0.000260756 0.0626967
0.0196669 -0.0184613 0.0222895 -0.0191682 2.2574e-05 0.000943768
0.0196669 -0.0184613 0.0188582 -0.0156327 2.15092e-05 0.00392346
0.0179489 -0.0179983 0.0196669 -0.0184613 2.22582e-05 0.00019574
0.0179489 -0.0179983 0.0188582 -0.0156327 6.52597e-05 0.0431081
0.0051786 -0.0145562 0.00784604 -0.0152752 2.25362e-05 0.0014863
0.0051786 -0.0145562 0.00544276 -0.0127963 8.37435e-05 0.0301346
0.00741981 -0.0269428 0.00765677 -0.0274958 0.000105761 0.0366413
0.00765677 -0.0274958 0.00861096 -0.0277439 4.60264e-05 0.0102646
0.0210549 -0.0233163 0.0234044 -0.0224804 0.000276758 0.0399315
0.0210549 -0.0233163 0.0207342 -0.0221945 2.18893e-05 0.00750076
0.00862282 -0.0277397 0.00866106 -0.0277261 0.000278687 0.289779
0.00862282 -0.0277397 0.00863331 -0.0277497 9.57021e-05 0.0260595
0.00861096 -0.0277439 0.00862282 -0.0277397 0.000278884 0.288132
0.00861096 -0.0277439 0.00863331 -0.0277497 4.72069e-05 0.00848363
0.00787526 -0.0280057 0.00846053 -0.0293714 0.000107936 0.0175114
0.00846053 -0.0293714 0.00994201 -0.0289998 9.76663e-05 0.0368652
0.00959347 -0.0320152 0.0111578 -0.0356656 0.000106743 0.0125578
0.0111578 -0.0356656 0.0127054 -0.0316394 6.60916e-05 0.00777977
0.00850765 -0.0459855 0.011015 -0.0475801 2.93384e-05 0.00118913
-0.0092509 -0.0106669 -0.00822913 -0.0109423 2.26933e-05 0.00183665
-0.0092509 -0.0106669 -0.00395127 -0.015729 9.4361e-05 0.0130252
-0.00964767 -0.0105599 -0.0092509 -0.0106669 2.27725e-05 0.00167914
-0.00964767 -0.0105599 -0.00300402 -0.016789 0.000134776 0.0270449
-0.0192896 -0.00321934 -0.0194296 -0.00138849 7.48212e-05 0.00730633
-0.0192896 -0.00321934 -0.0176886 -0.00302077 9.54785e-05 0.034993
-0.0192217 -0.00410808 -0.0192896 -0.00321934 7.27139e-05 0.0066251
-0.0192217 -0.00410808 -0.0155158 -0.00505798 2.27048e-05 0.00157255
-0.0277213 -0.00568841 -0.0189195 -0.00806083 2.24638e-05 0.0015896
-0.0304868 -0.00895197 -0.0277213 -0.00568841 0.000227883 0.184437
-0.0263736 -0.00409799 -0.0215804 -0.00350347 9.62737e-05 0.0354117
-0.0277213 -0.00568841 -0.0263736 -0.00409799 0.000227768 0.184526
-0.0325101 -0.00439765 -0.0313376 -0.00471369 2.24014e-05 0.00155076
-0.032781 -0.00378792 -0.0325101 -0.00439765 0.00036074 0.00125632
-0.0174246 0.0184246 -0.0140892 0.0232492 5.05919e-05 0.0152057
-0.0174246 0.0184246 -0.0110535 0.0161654 0.000129667 0.099013
-0.024861 0.00766809 -0.023557 0.00955423 5.05855e-05 0.0147475
-0.0281347 0.0113313 -0.024861 0.00766809 0.000257975 0.188464
-0.0258088 0.00629711 -0.024861 0.00766809 4.98031e-05 0.00945703
-0.0258088 0.00629711 -0.0228853 0.00545744 6.59015e-05 0.0210147
-0.0262868 0.00560566 -0.0258088 0.00629711 4.96921e-05 0.00916137
-0.0262868 0.00560566 -0.0217903 0.00131067 9.40471e-05 0.0282453
-0.0309279 -0.00110746 -0.0265237 0.00526295 4.88299e-05 0.00573476
-0.0309279 -0.00110746 -0.0251044 -0.00260018 2.26534e-05 0.00183835
-0.032781 -0.00378792 -0.0309279 -0.00110746 4.88304e-05 0.00603313
-0.0343629 -0.000226973 -0.032781 -0.00378792 0.000357021 0.000427171
-0.0374684 -0.00306119 -0.0330937 -0.00424034 2.25303e-05 0.00291491
-0.0374684 -0.00306119 -0.0354497 5.1619e-05 6.26739e-05 0.0125695
0.0232593 0.00919225 0.0241711 0.00658176 0.000275881 0.113672
0.0241711 0.00658176 0.0256937 0.00740522 0.000444535 0.234093
0.0260267 0.00301657 0.027312 0.0025608 0.000133011 0.158426
0.0260267 0.00301657 0.0272691 0.00624878 6.7747e-05 0.0017656
0.0283644 -0.00542305 0.0284573 -0.00568901 0.000266694 0.144942
0.0284573 -0.00568901 0.0290883 -0.00593867 0.000117902 0.0716032
0.0270459 -0.00991294 0.0275068 -0.0090161 3.38947e-05 0.0055034
0.0275068 -0.0090161 0.0297346 -0.00965597 6.64881e-05 0.030694
0.034296 -0.0224044 0.0344522 -0.0228515 0.000260731 0.0627486
0.0344522 -0.0228515 0.0352305 -0.0226563 9.65359e-05 0.202159
0.0401368 -0.0258803 0.0440694 -0.0250904 0.000112008 0.280895
0.0392844 -0.029807 0.0401368 -0.0258803 7.39257e-05 0.0336683
-0.0355098 -0.0414455 -0.0336307 -0.0427735 0.000271793 0.246884
-0.0355098 -0.0414455 -0.0339645 -0.0428923 0.000104189 0.0390999
-0.035836 -0.0411401 -0.0332804 -0.0406268 0.000113664 0.045964
-0.035836 -0.0411401 -0.0355098 -0.0414455 0.000104232 0.0336751
-0.0366005 -0.0406747 -0.0359186 -0.0411567 0.000272556 0.248095
-0.0366005 -0.0406747 -0.0363896 -0.0406218 9.90296e-05 0.0350387
0.0115525 0.027908 0.00770911 0.0300349 0.000102568 0.00280915
0.0119076 0.030274 0.0115525 0.027908 9.03083e-05 0.0450914
0.0175072 0.0246126 0.0179605 0.0243618 0.000103746 0.0286915
0.017648 0.0252564 0.0179605 0.0243618 0.00026873 0.133394
-0.00126987 0.0417919 0.00223883 0.0387251 0.000162384 0.0133623
0.00223883 0.0387251 0.00309769 0.0394932 0.000161769 0.0836756
0.00367658 0.0374684 0.00664838 0.0348709 0.000164051 0.0662077
0.00498158 0.0329039 0.00664838 0.0348709 0.000230876 0.197741
0.0119076 0.030274 0.015165 0.0274268 0.000172914 0.118987
0.0120432 0.0311774 0.015165 0.0274268 2.62948e-05 0.00246716
0.015165 0.0274268 0.017648 0.0252564 0.000172654 0.119109
0.0131062 0.0382591 0.017648 0.0252564 0.000262836 0.160287
0.0317427 0.0167348 0.0354949 0.0146584 0.000100179 0.101687
0.0354949 0.0146584 0.0390393 0.0134246 0.000204275 0.503094
0.0366047 0.00868707 0.0343745 0.00434743 3.39661e-05 0.000991753
0.0333401 0.0115405 0.0366047 0.00868707 0.000173204 0.492698
0.0363161 0.00367761 0.0381305 0.00735337 7.47559e-05 0.00217035
0.0366047 0.00868707 0.0381305 0.00735337 0.000173364 0.486672
0.0458809 0.000579001 0.0468369 0.00498253 7.66977e-05 0.0255108
0.0468369 0.00498253 0.05 0.00537486 9.93883e-05 0.174501
0.00340241 -0.0263896 0.0045319 -0.0266833 4.5972e-05 0.00351854
0.00340241 -0.0263896 0.00371497 -0.0243073 8.36419e-05 0.00465021
-0.0168058 -0.0357093 -0.0167256 -0.0367587 7.46871e-05 0.00273342
-0.0167256 -0.0367587 -0.00984838 -0.0343117 0.000279798 0.273559
-0.0166847 -0.0372934 -0.0167256 -0.0367587 7.36322e-05 0.00101302
-0.0166847 -0.0372934 -0.00792624 -0.0355342 0.000112695 0.0467115
0.0198986 0.0232893 0.0257193 0.0182016 0.000166346 0.155806
0.0257193 0.0182016 0.0313377 0.0168335 0.000117745 0.165761
0.031091 0.0161914 0.0354949 0.0146584 0.000204995 0.503031
0.031091 0.0161914 0.0313377 0.0168335 6.80155e-05 0.0486969
0.0443843 -0.00631477 0.0449531 -0.0036948 7.27719e-05 0.165893
0.0449531 -0.0036948 0.05 -0.00548444 0.000127969 0.30174
0.0209244 0.00482588 0.0253302 0.00326358 0.000132307 0.0279415
0.0209244 0.00482588 0.0241711 0.00658176 0.000444221 0.210169
0.0180793 0.00583476 0.0209244 0.00482588 0.000132288 0.0976432
0.0116303 0.00964834 0.0180793 0.00583476 0.000252713 0.379082
0.00870661 0.0198747 0.00978205 0.0161131 2.19189e-05 0.000962701
0.00978205 0.0161131 0.0101839 0.0187903 8.46935e-05 0.00346824
0.00978205 0.0161131 0.0116303 0.00964834 2.16222e-05 0.00107896
0.00904148 0.0111793 0.0116303 0.00964834 0.000252851 0.378746
0.00873655 0.00914773 0.0121161 0.00794934 0.00013014 0.122771
0.00873655 0.00914773 0.00904148 0.0111793 8.60991e-05 0.035576
0.0036393 0.0109552 0.00873655 0.00914773 0.000130171 0.117837
-0.0061909 0.0197194 0.0036393 0.0109552 0.000151547 0.0949517
-0.0198142 0.00364269 -0.0191786 0.00439278 0.000227573 0.323527
-0.0191786 0.00439278 -0.00570439 0.000522754 6.69543e-05 0.0260829
-0.0168351 0.00715826 -0.0161305 0.00798981 0.000227501 0.324448
-0.0202413 0.009229 -0.0161305 0.00798981 0.000244142 0.35334
-0.0136158 0.0109574 -0.0104318 0.0147147 0.000229426 0.327829
-0.0110535 0.0161654 -0.0104318 0.0147147 0.000108815 0.00857779
-0.0195985 0.0191954 -0.0174246 0.0184246 0.000129842 0.0990247
-0.0195985 0.0191954 -0.0143597 0.0238806 0.000168442 0.193655
-0.0210423 0.0197074 -0.0195985 0.0191954 0.000131039 0.106434
-0.0210423 0.0197074 -0.0212174 0.0219977 7.5645e-05 0.0112703
-0.0223923 0.0201861 -0.0210423 0.0197074 0.00013083 0.108814
-0.0223923 0.0201861 -0.0212174 0.0219977 6.50945e-05 0.0267495
-0.0409862 -0.0156566 -0.0385093 -0.0184192 4.71272e-05 0.00655229
-0.0409862 -0.0156566 -0.0405122 -0.0149709 4.89338e-05 0.00773617
0.0280288 -0.0477092 0.0291917 -0.0473869 9.38158e-05 0.000242196
0.0295304 -0.047293 0.0358697 -0.0455362 9.48204e-05 0.0677589
0.0387482 0.0128581 0.0390393 0.0134246 3.49719e-05 0.0171057
0.0390393 0.0134246 0.0408212 0.0128043 0.000204255 0.504558
0.041579 0.0143397 0.0485023 0.0126538 0.00011752 0.173757
0.0408212 0.0128043 0.041579 0.0143397 7.6384e-05 0.0403234
0.00945447 0.0487133 0.0117214 0.0485964 3.09266e-05 0.000854816
0.0124794 0.0478835 0.0142945 0.0461761 7.21898e-05 0.0250835
0.0146352 0.0484461 0.0142945 0.0461761 8.30702e-05 0.00798923
0.0142945 0.0461761 0.0350957 0.0266099 7.22185e-05 0.0379248
0.0350957 0.0266099 0.0385714 0.0356521 6.46494e-05 0.0089034
0.0148086 0.049601 0.0169823 0.0483251 3.56763e-05 0.0108977
0.0146352 0.0484461 0.0169823 0.0483251 3.09266e-05 0.00817625
0.0169823 0.0483251 0.0385714 0.0356521 3.56763e-05 0.0107208
0.0385714 0.0356521 0.0429283 0.0469867 6.4639e-05 0.00577287
-0.0323158 -0.00483502 -0.0313376 -0.00471369 9.32653e-05 0.033073
-0.0325101 -0.00439765 -0.0323158 -0.00483502 0.000359617 0.00130331
-0.0336164 -0.00499634 -0.0323158 -0.00483502 9.35725e-05 0.0478282
-0.0336164 -0.00499634 -0.0330937 -0.00424034 4.93757e-05 0.0117436
-0.0391701 -0.00568519 -0.0336164 -0.00499634 9.37246e-05 0.0494972
-0.0391701 -0.00568519 -0.0374684 -0.00306119 6.28712e-05 0.0125682
0.0108513 0.0232368 0.0162766 0.0213483 0.000210617 0.227046
0.0108513 0.0232368 0.0113219 0.0263719 9.13523e-05 0.0739894
0.00740212 0.0244375 0.0108513 0.0232368 0.000210996 0.247996
0.00740212 0.0244375 0.00544336 0.0312887 2.18333e-05 0.000544241
-0.00592698 0.0200308 -0.00179886 0.0249024 0.000237365 0.278422
-0.00179886 0.0249024 0.00367248 0.0235701 0.000123205 0.0869701
-0.00179886 0.0249024 -0.000396682 0.0265571 0.000238499 0.281645
-0.00193877 0.027689 -0.000396682 0.0265571 5.28987e-05 0.0108521
-0.0431173 0.0420233 -0.0401716 0.0409978 0.000192714 0.214874
-0.0321437 0.0489277 -0.0313319 0.0492653 3.32773e-05 0.00287254
-0.0321437 0.0489277 -0.0316015 0.0494632 7.06969e-05 0.00655241
-0.0367862 0.0469967 -0.0321437 0.0489277 3.30736e-05 0.00148209
0.0147674 -0.00132426 0.0144284 -0.000138394 2.19023e-05 0.000438963
0.00929331 0.000325885 0.0147674 -0.00132426 0.000241046 0.357534
0.0220085 -0.00743691 0.0253428 -0.00839457 6.51038e-05 0.0330411
0.0220085 -0.00743691 0.0225854 -0.0059362 6.51525e-05 0.0285302
0.0161591 -0.00619204 0.0160235 -0.00571791 2.14067e-05 0.00113145
0.0161591 -0.00619204 0.0216353 -0.00840786 8.42301e-05 0.042152
0.0176116 -0.0112726 0.0161591 -0.00619204 2.1429e-05 0.00207801
0.0176116 -0.0112726 0.0200584 -0.0125104 3.11379e-05 0.00449438
0.0194753 -0.0140272 0.0242964 -0.0152629 2.28844e-05 0.00256354
0.0194753 -0.0140272 0.0200584 -0.0125104 6.51924e-05 0.0439533
0.0210549 -0.0233163 0.0217653 -0.025801 2.1701e-05 0.00619054
0.0217653 -0.025801 0.0216341 -0.0260669 7.35539e-05 0.0463236
0.0218274 -0.0260184 0.0224787 -0.0282964 2.20396e-05 0.00212005
0.0224787 -0.0282964 0.0263675 -0.0286459 0.000100195 0.144235
0.0227844 -0.0293656 0.0224787 -0.0282964 2.19826e-05 0.00213009
0.0227844 -0.0293656 0.0263675 -0.0286459 0.000113341 0.214418
0.0237512 -0.0316807 0.0361102 -0.0444284 0.000241471 0.148805
0.0237512 -0.0316807 0.0380694 -0.0354037 4.63446e-05 0.0304085
0.0234218 -0.031595 0.0233188 -0.0312346 2.13905e-05 3.03703e-05
0.0234218 -0.031595 0.0237512 -0.0316807 4.6105e-05 0.010296
0.0273164 -0.0452172 0.0234218 -0.031595 2.13974e-05 0.000407337
0.0273164 -0.0452172 0.0295304 -0.047293 0.000133979 0.0356966
-0.0113401 0.0272257 -0.0107736 0.0270877 0.00011975 0.0781068
-0.0113401 0.0272257 -0.00925826 0.030237 5.07009e-05 0.0134199
-0.0158391 0.0283212 -0.0113401 0.0272257 0.000119044 0.0769406
-0.0165246 0.0289324 -0.0158391 0.0283212 0.000153553 0.0708012
-0.0163121 0.0284364 -0.0158391 0.0283212 0.00013034 0.0983703
-0.0163121 0.0284364 -0.0165246 0.0289324 0.000116576 0.00154377
-0.021812 0.0297757 -0.0169423 0.0285899 0.000131533 0.104399
-0.021812 0.0297757 -0.0221296 0.0339296 8.40803e-05 0.0214632
-0.0431173 0.0420233 -0.0406253 0.0405496 0.000277528 0.332103
-0.0406253 0.0405496 -0.0401716 0.0409978 8.15909e-05 0.058013
-0.0198871 0.00459629 -0.0191786 0.00439278 6.71136e-05 0.0269436
-0.0198871 0.00459629 -0.0201337 0.00782243 7.49828e-05 0.0101967
-0.0284296 0.00704984 -0.0275275 0.00679075 6.52146e-05 0.0203108
-0.0284296 0.00704984 -0.0265237 0.00526295 0.000133261 0.0581543
-0.0305216 0.00765072 -0.0284296 0.00704984 6.51395e-05 0.0196031
-0.0305216 0.00765072 -0.0299729 0.00849686 6.27754e-05 0.0120781
-0.0304004 0.00953495 -0.0282489 0.0114591 0.00016775 0.13136
-0.0304004 0.00953495 -0.0297207 0.0088857 9.58123e-05 0.0300607
-0.0307483 0.00922386 -0.0304004 0.00953495 0.000167217 0.12688
-0.0307483 0.00922386 -0.0299729 0.00849686 0.000133286 0.0593327
-0.0205196 0.00281026 -0.0196786 0.00186924 0.000252363 0.0839345
-0.0196786 0.00186924 -0.0198142 0.00364269 7.38418e-05 0.0156666
-0.0196786 0.00186924 -0.015546 -0.00275501 0.000252283 0.082017
-0.015546 -0.00275501 -0.00550027 -0.00150901 9.45141e-05 0.0756128
-0.0354497 5.1619e-05 -0.0343629 -0.000226973 2.2866e-05 0.00785364
-0.0354497 5.1619e-05 -0.0305216 0.00765072 6.24749e-05 0.0108283
0.0474957 0.00801726 0.047993 0.0103078 7.678e-05 0.0255271
0.047993 0.0103078 0.05 0.0096092 0.000204056 0.521122
0.047993 0.0103078 0.0485023 0.0126538 7.60524e-05 0.017122
0.0485023 0.0126538 0.05 0.0122891 0.000117605 0.174879
-0.0455004 -0.0221862 -0.0409862 -0.0156566 4.89564e-05 0.00734527
-0.0455004 -0.0221862 -0.0419703 -0.0225035 9.73483e-05 0.0461626
-0.0429602 -0.03447 -0.0363896 -0.0406218 0.000105864 0.03317
-0.0429602 -0.03447 -0.0341654 -0.0400639 0.000113837 0.0431534
-0.0480626 -0.0296929 -0.0429602 -0.03447 0.000106005 0.0313274
-0.048906 -0.0306882 -0.0480626 -0.0296929 0.000231766 0.169007
0.00664838 0.0348709 0.00781914 0.0362525 0.0002246 0.142442
0.00425806 0.0405309 0.00781914 0.0362525 2.62861e-05 0.00134749
0.00945447 0.0487133 0.0103954 0.0460197 0.000258041 0.000472894
0.0103954 0.0460197 0.0124794 0.0478835 0.000161201 0.0191665
-0.0161305 0.00798981 -0.00627716 0.00501956 0.000241871 0.350382
-0.00784293 0.00867334 -0.00627716 0.00501956 0.000109558 0.0075237
0.00837422 0.00673381 0.00873655 0.00914773 8.63856e-05 0.0428486
0.0036393 0.0109552 0.00837422 0.00673381 0.000151133 0.0849556
0.00773991 0.00250792 0.00837422 0.00673381 8.62689e-05 0.0313036
0.00773991 0.00250792 0.0123094 0.00069998 0.000118072 0.079888
0.0138625 0.00184068 0.0147961 0.00100841 0.000151164 0.0782391
0.0147961 0.00100841 0.0242566 0.00218183 9.58638e-05 0.0749308
0.0147961 0.00100841 0.017402 -0.00131493 0.000150446 0.0765989
0.017402 -0.00131493 0.023443 -0.00370508 0.000117606 0.0773689
0.0187637 -0.00252893 0.0233622 -0.00391516 0.000240738 0.348117
0.0233622 -0.00391516 0.023443 -0.00370508 6.69977e-05 0.0236662
0.0233622 -0.00391516 0.0259314 -0.00468961 0.000240682 0.346084
0.0259314 -0.00468961 0.0284573 -0.00568901 0.000117631 0.0799744
0.0260859 0.00110009 0.025707 0.00218477 0.000260833 0.012097
0.0254374 0.00148353 0.0260859 0.00110009 0.000240447 0.0880857
0.0287646 -0.00656861 0.0290883 -0.00593867 3.43294e-05 0.00258262
0.0290883 -0.00593867 0.0311641 -0.00675996 0.000117423 0.0746665
0.0266737 -0.015857 0.0288249 -0.011499 7.37009e-05 0.0913221
0.0284509 -0.0111656 0.0288249 -0.011499 0.000148583 0.103191
0.0297346 -0.00965597 0.0297981 -0.00952739 7.38063e-05 0.0228588
0.0287646 -0.00656861 0.0297981 -0.00952739 0.000266687 0.148777
0.0297981 -0.00952739 0.0311641 -0.00675996 7.43162e-05 0.0126828
0.0311641 -0.00675996 0.0432496 -0.0115417 0.000117291 0.140808
0.0409182 -0.0222809 0.0411596 -0.021169 7.35776e-05 0.0252407
0.0411596 -0.021169 0.044282 -0.0203858 9.7717e-05 0.173463
0.0428417 -0.0134206 0.0421297 -0.0167004 7.30211e-05 0.0210417
0.0428417 -0.0134206 0.05 -0.0154766 6.59613e-05 0.0971143
0.0432496 -0.0115417 0.0428417 -0.0134206 7.27607e-05 0.0601957
0.0432496 -0.0115417 0.0497351 -0.0141077 0.000117531 0.357809
0.0202784 -0.0280986 0.0205122 -0.0283397 0.000243482 0.23488
0.0202784 -0.0280986 0.0206162 -0.028129 0.000100088 0.119678
0.0185933 -0.0263604 0.0189592 -0.0267379 0.000243817 0.28186
0.0183164 -0.0268991 0.0185933 -0.0263604 3.35555e-05 0.000915295
0.0170303 -0.0247483 0.0185933 -0.0263604 0.000243846 0.281235
0.0170303 -0.0247483 0.0199569 -0.023707 0.000277065 0.0429173
-0.0433793 -0.0129873 -0.0419318 -0.0146018 4.7085e-05 0.00697284
-0.0433793 -0.0129873 -0.0404352 -0.0148596 2.93638e-05 0.00356151
-0.0436847 -0.0126466 -0.0433793 -0.0129873 4.70954e-05 0.00697837
-0.0436847 -0.0126466 -0.0391701 -0.00568519 6.22811e-05 0.012668
-0.0128852 -0.00573227 -0.00822913 -0.0109423 0.00025215 0.068738
-0.00822913 -0.0109423 0.0017112 -0.0136216 2.24648e-05 0.00288115
-0.00822913 -0.0109423 -0.00395127 -0.015729 0.000251962 0.0686976
-0.00395127 -0.015729 0.00387979 -0.0232092 9.4059e-05 0.0171902
-0.00395127 -0.015729 -0.00300402 -0.016789 0.000251731 0.0672201
-0.00300402 -0.016789 0.00387531 -0.023239 0.000134349 0.037018
0.00438304 -0.0198564 0.0051786 -0.0145562 8.38056e-05 0.0300926
0.00438304 -0.0198564 0.0017112 -0.0136216 0.00010591 0.0194524
0.00387979 -0.0232092 0.00438304 -0.0198564 8.39612e-05 0.0395521
0.00387979 -0.0232092 0.00581157 -0.0250544 9.40514e-05 0.0225484
0.00387531 -0.023239 0.00387979 -0.0232092 8.40837e-05 0.0454864
0.00387531 -0.023239 0.00581157 -0.0250544 0.000135126 0.0481798
0.00741981 -0.0269428 0.0078269 -0.0269794 9.80459e-05 0.0692967
0.00741981 -0.0269428 0.00716424 -0.0263465 0.000105646 0.0104302
0.00239031 -0.00964781 0.00544276 -0.0127963 0.000239912 0.0141228
0.00239031 -0.00964781 0.00578474 -0.0105179 2.28003e-05 0.00258263
-0.00397527 -0.000351996 -0.00358144 -0.00127101 0.000106101 0.000765868
-0.00358144 -0.00127101 -0.00243879 -0.00112928 9.3763e-05 0.0633436
-0.0202296 -0.0380054 -0.0167256 -0.0367587 0.000279938 0.272426
-0.0202296 -0.0380054 -0.0166847 -0.0372934 0.000113171 0.045446
-0.0207753 -0.0381995 -0.0202296 -0.0380054 0.000279911 0.271702
-0.0207753 -0.0381995 -0.0162276 -0.043272 4.82699e-05 0.00405123
-0.0208395 -0.0381279 -0.0202296 -0.0380054 0.000113436 0.047192
-0.0208395 -0.0381279 -0.0207753 -0.0381995 4.89767e-05 0.00680646
0.00337395 -0.0265792 0.00340241 -0.0263896 8.43324e-05 0.00309196
0.00337395 -0.0265792 0.0045319 -0.0266833 9.88808e-05 0.017041
0.00273943 -0.0308065 0.0028938 -0.0297781 8.55278e-05 0.0027198
0.00273943 -0.0308065 0.00846053 -0.0293714 9.74843e-05 0.0347584
0.00233931 -0.0334722 0.00273943 -0.0308065 8.49033e-05 0.00260406
0.00233931 -0.0334722 0.00959347 -0.0320152 0.000112001 0.044947
-0.0102404 -0.0340624 -0.00984838 -0.0343117 2.96681e-05 0.00297953
-0.0102404 -0.0340624 -0.00653594 -0.0331332 9.76116e-05 0.0346218
-0.0172736 -0.0295896 -0.0102404 -0.0340624 2.94138e-05 0.00278545
-0.0176482 -0.0246896 -0.0172736 -0.0295896 7.35894e-05 0.00182396
-0.0261544 -0.0187042 -0.0237386 -0.0241422 0.000357651 0.0014855
-0.0237386 -0.0241422 -0.0176482 -0.0246896 9.97841e-05 0.0386074
-0.0419703 -0.0225035 -0.0385093 -0.0184192 0.000228951 0.176326
-0.0385093 -0.0184192 -0.0342233 -0.0231998 4.81166e-05 0.00284343
-0.0364765 -0.0160203 -0.0261544 -0.0187042 4.68655e-05 0.00654594
-0.0372237 -0.016902 -0.0364765 -0.0160203 0.000228581 0.177549
-0.0346169 0.0135625 -0.0304004 0.00953495 9.83134e-05 0.0376292
-0.0357353 0.0138996 -0.0346169 0.0135625 0.000246657 0.33145
-0.0267553 0.0111722 -0.023382 0.00980732 8.78665e-05 0.0423209
-0.0267553 0.0111722 -0.023557 0.00955423 3.31652e-05 0.00556981
-0.0286934 0.0119564 -0.0280045 0.0116777 8.69175e-05 0.0441698
-0.0290135 0.0123146 -0.0286934 0.0119564 0.000257275 0.244508
-0.0268552 0.0112228 -0.0267553 0.0111722 3.26866e-05 0.00535024
-0.0269532 0.0112523 -0.0268552 0.0112228 0.000244263 0.352416
-0.0278717 0.011737 -0.0268552 0.0112228 3.23156e-05 0.00536653
-0.0278717 0.011737 -0.0277797 0.0118787 6.49997e-05 0.0227051
-0.0279142 0.0117585 -0.0278717 0.011737 3.2616e-05 0.00547637
-0.0279142 0.0117585 -0.0277797 0.0118787 0.000168428 0.181359
-0.0290135 0.0123146 -0.0279142 0.0117585 3.30212e-05 0.00610135
-0.0355598 0.0196396 -0.0290135 0.0123146 0.000257427 0.244545
-0.0206601 0.0137445 -0.0205842 0.0137145 0.00011868 0.0796893
-0.0206601 0.0137445 -0.0205938 0.0138404 5.06565e-05 0.0145819
-0.025363 0.0156052 -0.0241497 0.0151252 0.000118475 0.0864467
-0.025363 0.0156052 -0.0223923 0.0201861 6.45113e-05 0.0226624
-0.0355598 0.0196396 -0.025363 0.0156052 0.000118781 0.0867769
-0.0423835 0.0272751 -0.0355598 0.0196396 0.000259073 0.251889
-0.0357353 0.0138996 -0.0307483 0.00922386 0.000140821 0.0781671
-0.05 0.0181997 -0.0357353 0.0138996 0.000248818 0.334118
-0.0246774 0.0479573 -0.0231368 0.0471047 9.73469e-05 0.018134
-0.00974227 0.0396923 -0.00466419 0.0368821 9.70186e-05 0.0277332
-0.00466419 0.0368821 -0.00126987 0.0417919 4.89584e-05 0.0138949
-0.00167286 0.0352268 0.00419724 0.0319783 9.76568e-05 0.0390233
-7.21369e-06 0.0270167 0.00419724 0.0319783 0.000233827 0.254286
0.00419724 0.0319783 0.00544336 0.0312887 0.000105178 0.166335
0.00498158 0.0329039 0.00544336 0.0312887 2.29482e-05 0.0053013
0.00770911 0.0300349 0.0113219 0.0263719 0.000519557 0.0344839
0.0115525 0.027908 0.0113219 0.0263719 8.90566e-05 0.00934522
-0.0103577 0.0497353 -0.00346 0.0493795 3.09266e-05 0.000127613
-0.00346 0.0493795 -0.00330532 0.049618 6.2024e-05 0.00034774
-0.00309095 0.0493605 0.000327051 0.0491842 3.09266e-05 0.00135142
-0.0316015 0.0494632 -0.0313319 0.0492653 4.94456e-05 0.00936858
-0.0224412 0.042739 -0.0124993 0.035441 4.94079e-05 0.00624703
-0.0124993 0.035441 -0.00974227 0.0396923 6.23521e-05 0.0224554
-0.000396682 0.0265571 0.00367248 0.0235701 5.33204e-05 0.0121239
0.00367248 0.0235701 0.00794775 0.022529 0.000123068 0.0866426
0.00740212 0.0244375 0.00794775 0.022529 2.15896e-05 4.25864e-05
0.00794775 0.022529 0.0106464 0.0218719 0.000122771 0.0866952
0.015165 0.0274268 0.0175072 0.0246126 2.72355e-05 0.00274448
0.0115525 0.027908 0.0175072 0.0246126 0.000104635 0.0282099
0.0218346 0.0194136 0.0243782 0.0185281 0.000205893 0.328556
0.0181373 0.0238556 0.0218346 0.0194136 2.70398e-05 0.00331281
0.0221123 0.0190799 0.0243782 0.0185281 0.000122018 0.12183
0.0218346 0.0194136 0.0221123 0.0190799 2.78485e-05 0.00319328
0.0232593 0.00919225 0.0256937 0.00740522 5.21465e-05 0.00556594
0.0256937 0.00740522 0.0282438 0.00878432 0.000444259 0.233441
0.0256937 0.00740522 0.0272691 0.00624878 5.23677e-05 0.0123045
0.0282438 0.00878432 0.0272691 0.00624878 6.83957e-05 0.00919438
0.0272691 0.00624878 0.0315732 0.00308933 5.17693e-05 0.0269046
0.0315732 0.00308933 0.0338746 0.00337478 9.84878e-05 0.100124
0.0311627 -0.00190211 0.0325092 0.000717867 3.36797e-05 0.0225726
0.0325092 0.000717867 0.0345057 9.88431e-06 0.000129547 0.159996
0.0330199 -0.00300032 0.0345057 9.88431e-06 7.38838e-05 0.121968
0.0345057 9.88431e-06 0.0369482 -0.000856241 0.000128901 0.211788
0.0299248 0.00969347 0.0343745 0.00434743 2.76675e-05 0.00879696
0.0343745 0.00434743 0.0338746 0.00337478 3.33376e-05 0.000733286
0.0350615 0.00352199 0.0358009 0.00263369 2.76575e-05 0.00511467
0.0348415 0.000690202 0.0358009 0.00263369 7.45377e-05 0.02885
-0.0353736 0.0457372 -0.0235794 0.0352221 0.000146209 0.0283477
-0.0235794 0.0352221 -0.0221915 0.034739 0.000194888 0.191353
-0.0221915 0.034739 -0.0228246 0.0430204 7.35011e-05 0.0190545
-0.0221915 0.034739 -0.0184557 0.0334386 0.000194885 0.189235
-0.0146557 0.0321158 -0.00925826 0.030237 0.000194927 0.182676
-0.0146557 0.0321158 -0.0124993 0.035441 6.25098e-05 0.0230387
0.0225854 -0.0059362 0.0253428 -0.00839457 0.000150239 0.0992034
0.0253428 -0.00839457 0.0275068 -0.0090161 6.6805e-05 0.0299274
0.0207342 -0.0221945 0.0222895 -0.0191682 3.37282e-05 0.0145393
0.0247164 -0.0198224 0.0222895 -0.0191682 2.29373e-05 0.0010563
0.0245446 -0.01478 0.0267548 -0.0104793 3.34139e-05 0.0164111
0.0267548 -0.0104793 0.0284509 -0.0111656 8.42474e-05 0.0541911
0.0297981 -0.00952739 0.0298551 -0.00969057 0.000266496 0.151677
0.0298551 -0.00969057 0.0428417 -0.0134206 6.67836e-05 0.0533427
0.0298551 -0.00969057 0.0306862 -0.0120701 0.000266523 0.146811
0.0306862 -0.0120701 0.0421297 -0.0167004 8.65775e-05 0.103017
0.0312384 -0.0136508 0.0365775 -0.0184109 0.000150277 0.255521
0.0365775 -0.0184109 0.0414853 -0.0196689 2.335e-05 0.00830618
0.0401368 -0.0258803 0.0405268 -0.0240839 7.37005e-05 0.0507706
0.0405268 -0.0240839 0.0439864 -0.0250164 2.27663e-05 0.0102943
0.0405268 -0.0240839 0.0407652 -0.0229858 7.35731e-05 0.0505989
0.0407652 -0.0229858 0.0429468 -0.0240894 3.17525e-05 0.0174688
0.0456829 -0.0254736 0.05 -0.0276576 3.18498e-05 0.0176629
0.0456829 -0.0254736 0.05 -0.0266372 2.27157e-05 0.00972197
0.0446821 -0.0249673 0.0456829 -0.0254736 3.17849e-05 0.0175175
0.0446821 -0.0249673 0.05 -0.0238991 0.000111796 0.23892
0.0352305 -0.0226563 0.0405268 -0.0240839 2.24158e-05 0.0096034
0.0352305 -0.0226563 0.0384951 -0.0218374 9.65382e-05 0.202107
0.0325395 -0.0173759 0.0331542 -0.0191354 0.000260887 0.0627178
0.0331542 -0.0191354 0.0384951 -0.0218374 3.133e-05 0.0154196
0.00784604 -0.0152752 0.0179489 -0.0179983 2.22806e-05 0.00283796
0.00784604 -0.0152752 0.0158301 -0.0235104 0.000237813 0.00708065
0.00689861 -0.00309706 0.00699088 -0.00248235 8.38718e-05 0.0457253
0.00689861 -0.00309706 0.0124523 -0.00469219 6.52924e-05 0.0284972
0.00544276 -0.0127963 0.00578474 -0.0105179 8.39764e-05 0.0499925
0.00544276 -0.0127963 0.00784604 -0.0152752 0.000238182 0.00719452
0.0234044 -0.0224804 0.0217653 -0.025801 7.37e-05 0.0479206
0.0207342 -0.0221945 0.0196669 -0.0184613 2.17093e-05 0.00466795
0.0199569 -0.023707 0.0207342 -0.0221945 3.37641e-05 0.0126625
0.0150887 -0.0254391 0.0170303 -0.0247483 0.000278091 0.289297
0.0150887 -0.0254391 0.0158301 -0.0235104 6.63324e-05 0.0164115
0.00866106 -0.0277261 0.0101681 -0.0271899 0.000278391 0.294071
0.00866106 -0.0277261 0.0087066 -0.0277688 0.000136278 0.0529434
0.00863331 -0.0277497 0.00994201 -0.0289998 9.56295e-05 0.026074
0.00863331 -0.0277497 0.0087066 -0.0277688 4.72339e-05 0.00848947
0.0141232 -0.0279509 0.0153135 -0.0276524 9.76683e-05 0.044365
0.0141232 -0.0279509 0.0142739 -0.0275589 6.63617e-05 0.00671277
0.0100032 -0.0289844 0.0117229 -0.0285531 9.80063e-05 0.0424683
0.0100032 -0.0289844 0.012593 -0.0314127 0.000135797 0.05017
0.00994201 -0.0289998 0.0100032 -0.0289844 0.000104651 0.0362253
0.00994201 -0.0289998 0.0124898 -0.0314334 9.50916e-05 0.0242177
0.00846053 -0.0293714 0.00959347 -0.0320152 0.000106808 0.0157105
0.00959347 -0.0320152 0.0124898 -0.0314334 0.000111734 0.0480754
0.0136947 -0.0290658 0.0141232 -0.0279509 6.62897e-05 0.00930166
0.0136947 -0.0290658 0.0167894 -0.0298705 4.64791e-05 0.0102389
0.0127397 -0.0315502 0.0128093 -0.0313692 6.58036e-05 0.0136051
0.0127397 -0.0315502 0.01489 -0.0335663 0.000134722 0.0397215
0.0127054 -0.0316394 0.0127397 -0.0315502 6.59406e-05 0.00959995
0.0127054 -0.0316394 0.014835 -0.0336735 9.44523e-05 0.0192278
-0.0194662 -0.000909324 -0.0196786 0.00186924 7.43282e-05 0.00896544
-0.0194662 -0.000909324 -0.0173055 -0.00297324 9.48731e-05 0.0141334
-0.0194296 -0.00138849 -0.0194662 -0.000909324 7.43294e-05 0.00850078
-0.0194296 -0.00138849 -0.0176886 -0.00302077 0.000136229 0.02952
-0.0173055 -0.00297324 -0.015546 -0.00275501 9.52505e-05 0.0400277
-0.0173055 -0.00297324 -0.0149788 -0.00519563 9.57731e-05 0.0129027
-0.0176886 -0.00302077 -0.0173055 -0.00297324 9.56608e-05 0.0387568
-0.0176886 -0.00302077 -0.0155158 -0.00505798 0.000135658 0.0269431
-0.0149788 -0.00519563 -0.0128852 -0.00573227 2.31106e-05 0.0018804
-0.0149788 -0.00519563 -0.0092509 -0.0106669 9.49933e-05 0.0129747
-0.0155158 -0.00505798 -0.0149788 -0.00519563 2.31396e-05 0.00173911
-0.0155158 -0.00505798 -0.00964767 -0.0105599 0.000135287 0.0269835
-0.0364765 -0.0160203 -0.0304868 -0.00895197 0.000228385 0.178246
-0.0323158 -0.00483502 -0.0304868 -0.00895197 0.000360613 0.00515654
-0.0215804 -0.00350347 -0.0192896 -0.00321934 9.59851e-05 0.0354848
-0.0215804 -0.00350347 -0.0192217 -0.00410808 2.33821e-05 0.00174545
-0.0132999 0.0243908 -0.0125871 0.0254219 5.31789e-05 0.0150708
-0.0135945 0.024565 -0.0132999 0.0243908 0.000258881 0.319714
-0.0140892 0.0232492 -0.0132999 0.0243908 5.0672e-05 0.01511
-0.0143597 0.0238806 -0.0140892 0.0232492 0.000108804 0.00724362
-0.0110535 0.0161654 -0.00963023 0.0156607 0.00012936 0.0981534
-0.0140892 0.0232492 -0.0110535 0.0161654 0.000107085 0.00739383
-0.0231712 0.0101122 -0.0206601 0.0137445 5.11336e-05 0.0146388
-0.0268552 0.0112228 -0.0231712 0.0101122 0.000244395 0.352219
-0.023382 0.00980732 -0.0231712 0.0101122 5.1707e-05 0.0157504
-0.023382 0.00980732 -0.0201866 0.00851437 8.73447e-05 0.0420122
-0.023557 0.00955423 -0.023382 0.00980732 5.07888e-05 0.0150696
-0.023557 0.00955423 -0.0201337 0.00782243 3.19244e-05 0.00517994
-0.0282489 0.0114591 -0.0281347 0.0113313 0.000257984 0.190201
-0.0281347 0.0113313 -0.0279844 0.0115631 6.47136e-05 0.0220755
-0.0217903 0.00131067 -0.0194662 -0.000909324 9.53658e-05 0.0144225
-0.0220197 0.00104 -0.0217903 0.00131067 0.000225879 0.20017
-0.0265237 0.00526295 -0.0262868 0.00560566 4.92723e-05 0.00846622
-0.0265237 0.00526295 -0.0220197 0.00104 0.000133133 0.0571801
-0.0251044 -0.00260018 -0.0215804 -0.00350347 2.2847e-05 0.00164597
-0.0263736 -0.00409799 -0.0251044 -0.00260018 0.000227197 0.18356
0.027312 0.0025608 0.0325092 0.000717867 0.000129562 0.155676
0.027312 0.0025608 0.0315732 0.00308933 9.89188e-05 0.0973269
0.0297346 -0.00965597 0.0298551 -0.00969057 6.64181e-05 0.0341707
0.0288998 -0.0113472 0.0297346 -0.00965597 7.38484e-05 0.0259436
0.0380694 -0.0354037 0.0392844 -0.029807 7.30042e-05 0.0775099
0.0392844 -0.029807 0.0441759 -0.0302466 0.000100376 0.207052
-0.0168058 -0.0357093 -0.0102404 -0.0340624 9.78645e-05 0.0345984
-0.0172736 -0.0295896 -0.0168058 -0.0357093 7.26249e-05 0.00204765
-0.0363896 -0.0406218 -0.0341654 -0.0400639 9.95197e-05 0.0348488
-0.0363896 -0.0406218 -0.035836 -0.0411401 0.000104814 0.0335189
0.0120432 0.0311774 0.0119076 0.030274 8.33417e-05 0.00148775
0.00664838 0.0348709 0.0119076 0.030274 0.000173813 0.141087
-0.00580815 0.0457587 -0.00126987 0.0417919 0.000162607 0.00989512
-0.00126987 0.0417919 0.000762129 0.0447311 4.89148e-05 0.0024423
0.00425806 0.0405309 0.0103954 0.0460197 0.000161747 0.083603
0.00203864 0.0431975 0.00425806 0.0405309 2.62861e-05 0.0010034
0.00309769 0.0394932 0.00425806 0.0405309 0.000161764 0.0836502
0.00203864 0.0431975 0.00309769 0.0394932 2.13905e-05 7.33215e-06
0.00223883 0.0387251 0.00367658 0.0374684 0.000164104 0.0661597
0.00309769 0.0394932 0.00367658 0.0374684 2.13905e-05 0.000218875
0.00419724 0.0319783 0.00498158 0.0329039 0.00023096 0.198194
0.00367658 0.0374684 0.00498158 0.0329039 2.13905e-05 1.40625e-05
0.00781914 0.0362525 0.0120432 0.0311774 2.6574e-05 0.00292088
0.0131062 0.0382591 0.0120432 0.0311774 8.34938e-05 0.00133238
0.0120593 0.0412562 0.0131062 0.0382591 0.000262926 0.161662
0.0131062 0.0382591 0.0142945 0.0461761 8.40156e-05 0.00314743
0.0313775 0.0169369 0.0317427 0.0167348 9.89244e-05 0.0974748
0.0317427 0.0167348 0.0397398 0.0147875 0.000117333 0.167481
0.0358009 0.00263369 0.0363161 0.00367761 7.46623e-05 0.0282246
0.0363161 0.00367761 0.0415878 0.00433147 9.76948e-05 0.124514
0.0045319 -0.0266833 0.00765677 -0.0274958 4.66846e-05 0.0149033
0.0045319 -0.0266833 0.00595249 -0.026811 9.8234e-05 0.0117172
0.0028938 -0.0297781 0.00787526 -0.0280057 0.000279261 0.279577
0.00337395 -0.0265792 0.0028938 -0.0297781 8.47105e-05 0.0156119
-0.00984838 -0.0343117 -0.00653594 -0.0331332 0.000279656 0.273695
-0.00984838 -0.0343117 -0.00792624 -0.0355342 3.03695e-05 0.00293517
-0.00792624 -0.0355342 0.00233931 -0.0334722 0.000112395 0.046793
-0.00792624 -0.0355342 0.00116224 -0.0413141 2.96446e-05 0.00316922
0.0313377 0.0168335 0.0317427 0.0167348 0.000117916 0.171269
0.0313377 0.0168335 0.0313775 0.0169369 6.68707e-05 0.0393928
-0.00592698 0.0200308 0.00904148 0.0111793 0.000253374 0.367043
0.00904148 0.0111793 0.00978205 0.0161131 8.62316e-05 0.00343222
-0.0158391 0.0283212 -0.0126117 0.0254439 0.000165746 0.087688
-0.0126117 0.0254439 -0.0125074 0.0255371 0.000181544 0.193702
-0.00774825 0.0211078 -0.0061909 0.0197194 0.000158048 0.092186
-0.00963023 0.0156607 -0.0061909 0.0197194 0.000229013 0.324089
-0.0217903 0.00131067 -0.0205196 0.00281026 0.000225639 0.20606
-0.0228853 0.00545744 -0.0205196 0.00281026 0.000257431 0.18621
-0.0205196 0.00281026 -0.0198142 0.00364269 0.000227665 0.321743
-0.0198142 0.00364269 -0.0198871 0.00459629 7.55216e-05 0.0103343
-0.00416004 7.91886e-05 -0.00070239 -0.000913913 6.62271e-05 0.0256975
-0.00517119 0.00243874 -0.00416004 7.91886e-05 0.000105521 0.000382555
-0.00570439 0.000522754 -0.00416004 7.91886e-05 6.63691e-05 0.026168
-0.00570439 0.000522754 -0.00397527 -0.000351996 3.21918e-05 0.0051215
-0.017431 0.00645512 -0.0168351 0.00715826 0.000227678 0.323708
-0.0168351 0.00715826 -0.00517119 0.00243874 8.64984e-05 0.0406577
-0.0231712 0.0101122 -0.0202413 0.009229 0.000244196 0.352776
-0.0202413 0.009229 -0.0205842 0.0137145 7.57621e-05 0.00903306
-0.0161305 0.00798981 -0.0136158 0.0109574 0.00022989 0.327679
-0.0136158 0.0109574 -0.00784293 0.00867334 0.000119275 0.0802643
-0.0135945 0.024565 -0.0126117 0.0254439 0.000181555 0.204724
-0.0150123 0.0254034 -0.0135945 0.024565 0.000267184 0.327599
-0.0143597 0.0238806 -0.0135945 0.024565 0.000168503 0.192325
-0.0150123 0.0254034 -0.0143597 0.0238806 0.000116314 0.00495005
-0.0212174 0.0219977 -0.0217839 0.0294078 7.5652e-05 0.0126212
-0.0212174 0.0219977 -0.017901 0.0271116 6.46454e-05 0.0253532
0.0408212 0.0128043 0.047993 0.0103078 0.000204109 0.517765
0.0403972 0.0119455 0.0408212 0.0128043 7.56412e-05 0.0753827
0.00371968 0.0490092 0.00945447 0.0487133 3.09352e-05 0.00479914
0.0117214 0.0485964 0.0124794 0.0478835 7.21898e-05 0.000268832
0.0124794 0.0478835 0.0131918 0.0485206 0.000161201 0.00805388
0.0145618 0.0497459 0.0148086 0.049601 3.56763e-05 0.0314019
0.0148086 0.049601 0.0146352 0.0484461 8.30702e-05 0.00880599
0.0131918 0.0485206 0.0146352 0.0484461 3.09266e-05 0.00598242
-0.0061909 0.0197194 -0.00592698 0.0200308 0.000230511 0.322764
-0.00774825 0.0211078 -0.00592698 0.0200308 0.000260135 0.325547
-0.00642169 0.0309798 -0.00193877 0.027689 4.96478e-05 0.00947002
-0.00193877 0.027689 -7.21369e-06 0.0270167 0.000206362 0.216602
-0.0401716 0.0409978 -0.0235794 0.0352221 0.000195297 0.215497
-0.0401716 0.0409978 -0.0353736 0.0457372 7.04298e-05 0.0575999
0.0144284 -0.000138394 0.0141243 0.000925088 2.16172e-05 0.000505835
0.0144284 -0.000138394 0.017402 -0.00131493 0.000117696 0.0791626
0.00749381 0.000868339 0.00929331 0.000325885 0.000241435 0.357075
0.00929331 0.000325885 0.0123094 0.00069998 9.59177e-05 0.0705432
0.0225854 -0.0059362 0.0233622 -0.00391516 6.68661e-05 0.016101
0.0187637 -0.00252893 0.0225854 -0.0059362 0.000150875 0.0936003
0.0216353 -0.00840786 0.0267548 -0.0104793 8.42533e-05 0.0513875
0.0216353 -0.00840786 0.0220085 -0.00743691 6.5019e-05 0.0328121
0.0267349 -0.015888 0.0331542 -0.0191354 3.17571e-05 0.0147794
0.0267349 -0.015888 0.0325395 -0.0173759 2.30497e-05 0.00919486
0.0200584 -0.0125104 0.0245446 -0.01478 3.13135e-05 0.00296559
0.0200584 -0.0125104 0.0216353 -0.00840786 6.51457e-05 0.0447075
0.026667 -0.0158706 0.0267349 -0.015888 2.31598e-05 0.00957418
0.0247164 -0.0198224 0.026667 -0.0158706 7.37085e-05 0.0986689
0.0242964 -0.0152629 0.026667 -0.0158706 2.29688e-05 0.0028146
0.0222895 -0.0191682 0.0242964 -0.0152629 3.3618e-05 0.0159414
0.0197 -0.0299852 0.0205122 -0.0283397 7.38778e-05 0.0142903
0.0205122 -0.0283397 0.021715 -0.0295804 0.000243413 0.219903
0.0205122 -0.0283397 0.0206162 -0.028129 7.41339e-05 0.0636335
0.0206162 -0.028129 0.0224787 -0.0282964 0.000100089 0.143453
0.0206162 -0.028129 0.0216341 -0.0260669 7.39078e-05 0.0316277
0.0216341 -0.0260669 0.0218274 -0.0260184 9.74698e-05 0.148949
0.0217653 -0.025801 0.0218274 -0.0260184 2.17783e-05 0.0118839
0.0218274 -0.0260184 0.0344522 -0.0228515 9.74124e-05 0.151213
0.0263675 -0.0286459 0.0392844 -0.029807 0.00010107 0.174271
0.0263675 -0.0286459 0.0358135 -0.0267486 0.000112358 0.188151
0.0361102 -0.0444284 0.0369058 -0.045249 0.000241154 0.125552
0.0358697 -0.0455362 0.0361102 -0.0444284 7.29405e-05 0.0185568
0.0380694 -0.0354037 0.0446417 -0.0371126 4.66907e-05 0.0590883
0.0361102 -0.0444284 0.0380694 -0.0354037 7.33228e-05 0.0955803
-0.0107736 0.0270877 -0.00179886 0.0249024 0.000128392 0.0919046
-0.0107736 0.0270877 -0.0078143 0.0297343 0.00017724 0.184264
-0.00925826 0.030237 -0.0079627 0.0321109 4.93706e-05 0.0128143
-0.00925826 0.030237 -0.0078143 0.0297343 0.00019498 0.182871
-0.0169423 0.0285899 -0.0163121 0.0284364 0.000130361 0.102838
-0.0169423 0.0285899 -0.0166485 0.0290429 7.18562e-05 0.0335404
-0.0201866 0.00851437 -0.0202413 0.009229 7.60851e-05 0.0105549
-0.0201866 0.00851437 -0.0168351 0.00715826 8.69854e-05 0.0417045
-0.0201337 0.00782243 -0.0201866 0.00851437 7.44238e-05 0.010228
-0.0201337 0.00782243 -0.017431 0.00645512 3.20989e-05 0.00525666
-0.0297207 0.0088857 -0.0281347 0.0113313 6.4007e-05 0.0152902
-0.0297207 0.0088857 -0.0275275 0.00679075 9.50014e-05 0.0291634
-0.0299729 0.00849686 -0.0297207 0.0088857 6.25395e-05 0.0138965
-0.0299729 0.00849686 -0.0284296 0.00704984 0.000133296 0.0584962
-0.0280045 0.0116777 -0.0279142 0.0117585 0.000168443 0.181207
-0.0280045 0.0116777 -0.0279297 0.0116474 8.73609e-05 0.042254
-0.0280952 0.0115966 -0.0280045 0.0116777 0.000168558 0.180207
-0.0284738 0.0117107 -0.0280952 0.0115966 0.000243148 0.353223
-0.0282489 0.0114591 -0.0280952 0.0115966 0.000171054 0.17919
-0.0284738 0.0117107 -0.0282489 0.0114591 0.000260638 0.22132
-0.0419703 -0.0225035 -0.0342233 -0.0231998 0.000101572 0.0343461
-0.0480626 -0.0296929 -0.0419703 -0.0225035 0.000230501 0.17078
-0.0341654 -0.0400639 -0.0332804 -0.0406268 0.000113362 0.0431292
-0.0341654 -0.0400639 -0.0218692 -0.0369794 9.91062e-05 0.0352289
-0.0104318 0.0147147 -0.00784293 0.00867334 0.000107955 0.00771956
-0.00784293 0.00867334 0.00773991 0.00250792 0.000118584 0.0808089
0.0123094 0.00069998 0.0144284 -0.000138394 0.000117749 0.0791375
0.0123094 0.00069998 0.0141243 0.000925088 9.60459e-05 0.0716368
0.00837422 0.00673381 0.0138625 0.00184068 0.00015082 0.0784948
0.0138625 0.00184068 0.0121161 0.00794934 2.14498e-05 0.00105973
0.0257784 0.00237058 0.027312 0.0025608 9.34351e-05 0.093379
0.0257784 0.00237058 0.0260267 0.00301657 6.51273e-05 0.0264557
0.0256477 0.00235438 0.0257784 0.00237058 9.32051e-05 0.0907121
0.0253302 0.00326358 0.0256477 0.00235438 0.00026079 0.0187406
0.0242566 0.00218183 0.0256477 0.00235438 9.25934e-05 0.0204949
0.0203295 0.00450413 0.0242566 0.00218183 0.000237403 0.0620502
0.023443 -0.00370508 0.0259314 -0.00468961 0.000117567 0.0766671
0.023443 -0.00370508 0.0254374 0.00148353 6.65202e-05 0.0251219
0.025707 0.00218477 0.0256477 0.00235438 0.000259084 0.00644493
0.025707 0.00218477 0.0257784 0.00237058 6.58068e-05 0.0302862
0.0242566 0.00218183 0.0254374 0.00148353 0.000240194 0.083334
0.0254374 0.00148353 0.025707 0.00218477 6.55759e-05 0.0077394
0.026667 -0.0158706 0.0266737 -0.015857 7.36722e-05 0.0965851
0.0266737 -0.015857 0.0267349 -0.015888 3.17801e-05 0.0144604
0.0270459 -0.00991294 0.0284509 -0.0111656 0.000149432 0.101597
0.0284509 -0.0111656 0.0288998 -0.0113472 8.5783e-05 0.0514673
0.0485758 -0.0193087 0.05 -0.0189514 9.78065e-05 0.176624
0.0485758 -0.0193087 0.05 -0.0198849 8.60737e-05 0.130723
0.044282 -0.0203858 0.0485758 -0.0193087 9.78342e-05 0.173347
0.044282 -0.0203858 0.05 -0.0218515 2.32051e-05 0.00978701
0.0414853 -0.0196689 0.0421297 -0.0167004 7.38132e-05 0.015066
0.0421297 -0.0167004 0.0485758 -0.0193087 8.61295e-05 0.134304
0.0189592 -0.0267379 0.0202784 -0.0280986 0.000243769 0.262984
0.0189592 -0.0267379 0.0216341 -0.0260669 9.79374e-05 0.0895794
0.0167894 -0.0298705 0.0178138 -0.0278771 3.37111e-05 0.00289547
0.0178138 -0.0278771 0.0202784 -0.0280986 9.97488e-05 0.0507265
0.0178138 -0.0278771 0.0183164 -0.0268991 3.36643e-05 0.00128158
0.0183164 -0.0268991 0.0189592 -0.0267379 9.73765e-05 0.042703
0.0199569 -0.023707 0.0210549 -0.0233163 0.000276892 0.0409903
0.0199569 -0.023707 0.0185933 -0.0263604 3.36487e-05 0.00337173
0.00581157 -0.0250544 0.00716424 -0.0263465 9.47842e-05 0.0230295
0.00581157 -0.0250544 0.00714719 -0.0263067 0.000134649 0.0478891
0.0101681 -0.0271899 0.0142739 -0.0275589 9.98859e-05 0.0452046
0.0101681 -0.0271899 0.0150887 -0.0254391 0.000278012 0.292783
0.0078269 -0.0269794 0.00786874 -0.0269832 9.8108e-05 0.0614896
0.0078269 -0.0269794 0.00862282 -0.0277397 9.39161e-05 0.0308367
0.00716424 -0.0263465 0.00714719 -0.0263067 0.000106743 0.0107763
0.00716424 -0.0263465 0.0078269 -0.0269794 9.41984e-05 0.022659
0.00578474 -0.0105179 0.018314 -0.0137295 2.27332e-05 0.00317374
0.00578474 -0.0105179 0.00651414 -0.00565849 8.39346e-05 0.0498594
-0.00416004 7.91886e-05 -0.00397527 -0.000351996 0.000107105 0.000702391
-0.00397527 -0.000351996 -0.00243879 -0.00112928 3.19781e-05 0.00496718
0.00737671 8.81628e-05 0.00929331 0.000325885 9.41443e-05 0.0715683
0.00737671 8.81628e-05 0.00749381 0.000868339 8.47749e-05 0.0371789
-0.00070239 -0.000913913 0.00221908 -0.000551554 9.40301e-05 0.0654088
-0.00070239 -0.000913913 0.00689861 -0.00309706 6.5409e-05 0.0234658
-0.00243879 -0.00112928 -0.00070239 -0.000913913 9.37893e-05 0.0637963
-0.00243879 -0.00112928 0.00651414 -0.00565849 3.12249e-05 0.00367366
-0.00653594 -0.0331332 0.00273943 -0.0308065 9.78548e-05 0.0347449
-0.00653594 -0.0331332 0.0028938 -0.0297781 0.00027947 0.273804
-0.0176482 -0.0246896 -0.0179426 -0.0208395 7.40298e-05 0.00607731
-0.0176482 -0.0246896 0.00337395 -0.0265792 9.9315e-05 0.0329082
-0.0304868 -0.00895197 -0.0261544 -0.0187042 0.000359959 0.00149519
-0.0261544 -0.0187042 -0.0179426 -0.0208395 4.56051e-05 0.00687847
-0.0342233 -0.0231998 -0.0218692 -0.0369794 4.81752e-05 0.00545221
-0.0342233 -0.0231998 -0.0261849 -0.0239223 0.000100806 0.0333587
-0.0280952 0.0115966 -0.0279844 0.0115631 0.000244396 0.352548
-0.0279844 0.0115631 -0.0279297 0.0116474 6.52844e-05 0.0227134
-0.0279844 0.0115631 -0.0269532 0.0112523 0.000244349 0.352393
-0.0269532 0.0112523 -0.0267553 0.0111722 8.80688e-05 0.0423354
-0.0277797 0.0118787 -0.025363 0.0156052 6.44636e-05 0.0216601
-0.0277797 0.0118787 -0.0241497 0.0151252 0.000168482 0.181773
-0.0205842 0.0137145 -0.0136158 0.0109574 0.000118587 0.0797388
-0.0205842 0.0137145 -0.0205938 0.0138404 7.55993e-05 0.00907232
-0.0205938 0.0138404 -0.0174246 0.0184246 5.07432e-05 0.0147907
-0.0205938 0.0138404 -0.0209133 0.0180196 7.48264e-05 0.00900753
-0.0241497 0.0151252 -0.0206601 0.0137445 0.000118752 0.0795575
-0.0241497 0.0151252 -0.0209133 0.0180196 0.000168382 0.186597
-0.0231368 0.0471047 -0.00974227 0.0396923 9.71973e-05 0.0304025
-0.00974227 0.0396923 -0.00580815 0.0457587 6.24371e-05 0.0266597
-0.00466419 0.0368821 -0.00167286 0.0352268 9.70532e-05 0.0271115
-0.00167286 0.0352268 0.00223883 0.0387251 0.000162614 0.136663
0.0282438 0.00878432 0.0299248 0.00969347 0.000444134 0.229774
0.0282438 0.00878432 0.0290139 0.0107879 6.88526e-05 0.0149411
0.0338746 0.00337478 0.0350615 0.00352199 9.84063e-05 0.10272
0.0331377 0.0019409 0.0338746 0.00337478 3.52037e-05 0.00632852
0.0299248 0.00969347 0.0290139 0.0107879 2.8195e-05 0.00253694
0.0299248 0.00969347 0.0333401 0.0115405 0.000443904 0.229183
0.0343745 0.00434743 0.0350615 0.00352199 2.72486e-05 0.00927129
0.0350615 0.00352199 0.0363161 0.00367761 9.82574e-05 0.104007
-0.0367862 0.0469967 -0.0353736 0.0457372 0.000155152 0.00385252
-0.0353736 0.0457372 -0.0321437 0.0489277 7.0843e-05 0.0071963
0.0247164 -0.0198224 0.034296 -0.0224044 2.26583e-05 0.0098268
0.0234044 -0.0224804 0.0247164 -0.0198224 7.38215e-05 0.101862
0.0242964 -0.0152629 0.0245446 -0.01478 3.35086e-05 0.0158149
0.0245446 -0.01478 0.0266737 -0.015857 3.15111e-05 0.00236231
0.0414853 -0.0196689 0.044282 -0.0203858 2.32667e-05 0.010147
0.0411596 -0.021169 0.0414853 -0.0196689 7.40435e-05 0.0155883
0.0384951 -0.0218374 0.0399979 -0.0214604 9.64961e-05 0.201769
0.0384951 -0.0218374 0.0407652 -0.0229858 3.15764e-05 0.0165988
0.0312384 -0.0136508 0.0325395 -0.0173759 0.000260815 0.0627749
0.0325395 -0.0173759 0.0365775 -0.0184109 2.28872e-05 0.00971303
0.00699088 -0.00248235 0.00737671 8.81628e-05 8.39716e-05 0.0395678
0.00699088 -0.00248235 0.0124523 -0.00469219 8.44445e-05 0.0418597
0.0124523 -0.00469219 0.0160235 -0.00571791 6.53893e-05 0.0285261
0.0124523 -0.00469219 0.0161591 -0.00619204 8.42901e-05 0.0418811
0.0087066 -0.0277688 0.0100032 -0.0289844 0.000135965 0.0528377
0.0087066 -0.0277688 0.0117229 -0.0285531 4.70559e-05 0.00917927
0.0153135 -0.0276524 0.0183164 -0.0268991 9.74493e-05 0.0425437
0.0153135 -0.0276524 0.0178138 -0.0278771 9.98334e-05 0.050138
0.0142739 -0.0275589 0.0150887 -0.0254391 6.64523e-05 0.00214421
0.0142739 -0.0275589 0.0153135 -0.0276524 9.97563e-05 0.0483003
0.0117229 -0.0285531 0.0141232 -0.0279509 9.77894e-05 0.04256
0.0117229 -0.0285531 0.0136947 -0.0290658 4.699e-05 0.00919727
0.012593 -0.0314127 0.0127397 -0.0315502 0.000134703 0.0416738
0.012593 -0.0314127 0.0128093 -0.0313692 0.000112641 0.0616017
0.0124898 -0.0314334 0.0127054 -0.0316394 9.45703e-05 0.0204605
0.0124898 -0.0314334 0.012593 -0.0314127 0.000111877 0.0513025
0.0194191 -0.0305542 0.0234218 -0.031595 4.6182e-05 0.0101041
0.0169698 -0.0355163 0.0194191 -0.0305542 7.33677e-05 0.0206089
0.0167894 -0.0298705 0.0183068 -0.030265 4.63203e-05 0.010394
0.0163886 -0.0306503 0.0167894 -0.0298705 3.37542e-05 0.00305655
0.0128093 -0.0313692 0.0136947 -0.0290658 6.62834e-05 0.00996202
0.0128093 -0.0313692 0.0163886 -0.0306503 0.000112495 0.0637703
0.0169698 -0.0355163 0.0273164 -0.0452172 0.00013421 0.0357798
0.0169039 -0.0356497 0.0169698 -0.0355163 7.33056e-05 0.0137856
0.01489 -0.0335663 0.0169698 -0.0355163 0.000134566 0.0394118
0.014835 -0.0336735 0.01489 -0.0335663 3.34785e-05 0.00293364
0.0169039 -0.0356497 0.0274652 -0.0457378 9.35086e-05 0.0174493
0.0138245 -0.0418884 0.0169039 -0.0356497 7.26069e-05 0.0116306
0.014835 -0.0336735 0.0169039 -0.0356497 9.4274e-05 0.0190695
0.0123643 -0.038481 0.014835 -0.0336735 3.32365e-05 0.002403
-0.0125074 0.0255371 -0.0113401 0.0272257 5.54757e-05 0.0157608
-0.0125074 0.0255371 -0.0107736 0.0270877 0.000181376 0.193551
-0.0125871 0.0254219 -0.0125074 0.0255371 5.46297e-05 0.0149066
-0.0126117 0.0254439 -0.0125871 0.0254219 0.00016483 0.100329
-0.0251044 -0.00260018 -0.0220197 0.00104 0.000227024 0.183718
-0.0220197 0.00104 -0.0194296 -0.00138849 0.00013637 0.0301141
0.0288249 -0.011499 0.0288998 -0.0113472 7.34296e-05 0.0332939
0.0288998 -0.0113472 0.0306862 -0.0120701 8.56727e-05 0.0577066
-0.00580815 0.0457587 -0.0103577 0.0497353 0.000161947 2.43699e-05
-0.00580815 0.0457587 -0.00346 0.0493795 6.21537e-05 0.000829937
0.000762129 0.0447311 0.00135499 0.0455887 4.88826e-05 0.0022898
-0.00309095 0.0493605 0.000762129 0.0447311 2.62911e-05 0.000522439
0.000762129 0.0447311 0.00203864 0.0431975 2.62861e-05 0.000809117
0.00135499 0.0455887 0.00203864 0.0431975 2.13905e-05 0.000246085
0.0198986 0.0232893 0.0313775 0.0169369 9.87002e-05 0.0843829
0.0313775 0.0169369 0.0350957 0.0266099 6.5864e-05 0.0200441
-0.0125871 0.0254219 -0.00774825 0.0211078 0.000164313 0.100566
-0.0132999 0.0243908 -0.00774825 0.0211078 0.000258666 0.319841
-0.00517119 0.00243874 -0.00627716 0.00501956 0.000105212 0.000355844
-0.00517119 0.00243874 0.00221908 -0.000551554 8.61062e-05 0.0399389
-0.0191786 0.00439278 -0.017431 0.00645512 0.000227532 0.323857
-0.017431 0.00645512 -0.00570439 0.000522754 3.15995e-05 0.00491449
-0.017901 0.0271116 -0.0150123 0.0254034 0.000267597 0.327734
-0.0163121 0.0284364 -0.0150123 0.0254034 0.000115243 0.00351002
-0.0217839 0.0294078 -0.021812 0.0297757 8.27857e-05 0.0168204
-0.0228218 0.0300215 -0.0217839 0.0294078 0.000268837 0.329508
-0.017901 0.0271116 -0.0169423 0.0285899 7.03227e-05 0.0296396
-0.0217839 0.0294078 -0.017901 0.0271116 0.00026832 0.328511
0.0131918 0.0485206 0.0145618 0.0497459 0.000161201 0.00694975
0.0117214 0.0485964 0.0131918 0.0485206 3.09266e-05 0.000227302
-0.0079627 0.0321109 -0.00642169 0.0309798 4.98745e-05 0.00722633
-0.00642169 0.0309798 -0.00167286 0.0352268 0.000162784 0.143768
0.0141243 0.000925088 0.0138625 0.00184068 2.20729e-05 0.000501488
0.0141243 0.000925088 0.0147961 0.00100841 9.60138e-05 0.0716593
0.0194191 -0.0305542 0.0197 -0.0299852 7.35345e-05 0.020192
0.0197 -0.0299852 0.021715 -0.0295804 0.000112097 0.068582
0.021715 -0.0295804 0.0233188 -0.0312346 0.000241652 0.15283
0.021715 -0.0295804 0.0227844 -0.0293656 0.000113353 0.214228
-0.0078143 0.0297343 -0.00642169 0.0309798 0.000162829 0.144402
-0.0078143 0.0297343 -0.00193877 0.027689 0.000206752 0.216695
-0.0279297 0.0116474 -0.0269532 0.0112523 8.75135e-05 0.0423197
-0.0279297 0.0116474 -0.0278717 0.011737 6.49565e-05 0.0226402
-0.0346169 0.0135625 -0.0284738 0.0117107 0.000245979 0.330778
-0.0286934 0.0119564 -0.0284738 0.0117107 0.000256811 0.242223
-0.0218692 -0.0369794 -0.0168058 -0.0357093 9.82987e-05 0.0350095
-0.0218692 -0.0369794 -0.0208395 -0.0381279 4.85377e-05 0.00644169
0.00786874 -0.0269832 0.00866106 -0.0277261 0.000134315 0.0619759
0.00786874 -0.0269832 0.0101681 -0.0271899 9.84058e-05 0.041111
0.00714719 -0.0263067 0.00786874 -0.0269832 0.000134651 0.0470641
0.00714719 -0.0263067 0.00438304 -0.0198564 0.000106265 0.0118692
0.00651414 -0.00565849 0.00689861 -0.00309706 8.38808e-05 0.0496042
0.00651414 -0.00565849 0.0176116 -0.0112726 3.12536e-05 0.00444107
0.00221908 -0.000551554 0.00737671 8.81628e-05 9.46728e-05 0.0693655
0.00221908 -0.000551554 0.00699088 -0.00248235 8.46674e-05 0.0356966
-0.0209133 0.0180196 -0.0210423 0.0197074 7.54232e-05 0.00746953
-0.0209133 0.0180196 -0.0195985 0.0191954 0.000168052 0.187621
0.0290139 0.0107879 0.0303184 0.0141817 6.83738e-05 0.0163863
0.0221123 0.0190799 0.0290139 0.0107879 2.66036e-05 0.000758284
0.0183068 -0.030265 0.0194191 -0.0305542 4.69293e-05 0.00936337
0.0183068 -0.030265 0.0197 -0.0299852 0.000112433 0.0645606
0.01489 -0.0335663 0.0163886 -0.0306503 3.36609e-05 0.0043394
0.0163886 -0.0306503 0.0183068 -0.030265 0.000112386 0.0642138
0.00135499 0.0455887 0.00371968 0.0490092 4.88598e-05 0.00222146
0.000327051 0.0491842 0.00135499 0.0455887 2.13905e-05 8.75418e-05
