# time=400000
x1 y1 x2 y2 aperture velocity
0.0443843 -0.00631477 0.05 -0.010437 5.25066e-05 0.0765731
0.0440694 -0.0250904 0.05 -0.0303778 0.00016019 0.392722
-0.05 0.000316541 -0.04286 -0.00160796 2.22582e-05 0.00242818
-0.05 -0.0312056 -0.04959 -0.0314953 0.000330696 0.343231
0.0474957 0.00801726 0.05 0.0066314 0.000143259 0.286632
0.0458809 0.000579001 0.05 -0.00302134 0.00021852 0.705035
-0.05 0.0299759 -0.0423835 0.0272751 0.000128357 0.0818617
-0.05 -0.0125039 -0.0445168 -0.0139297 4.557e-05 0.00955371
0.0450408 -0.0429945 0.05 -0.0416201 9.8998e-05 0.256174
0.0477065 0.0302897 0.05 0.0347524 3.30357e-05 0.00739467
-0.05 -0.043985 -0.0489825 -0.0437807 0.000111059 0.0448378
-0.05 0.0229315 -0.0399407 0.0178426 3.11145e-05 0.00444945
-0.05 0.0272741 -0.046455 0.0239504 0.000135527 0.0691444
-0.05 -0.00702845 -0.0488496 -0.00688577 9.41008e-05 0.044423
0.0497351 -0.0141077 0.05 -0.014426 2.99523e-05 0.017086
0.0490599 0.0294953 0.05 0.0313998 7.28522e-05 0.033259
-0.05 0.025353 -0.046455 0.0239504 0.000116249 0.0648446
-0.05 0.0444191 -0.0461801 0.0430894 0.000325503 1.32468
-0.05 0.0366396 -0.0456549 0.0355815 0.000117938 0.100081
-0.05 0.0132453 -0.0320246 0.00808241 6.46759e-05 0.0205054
-0.05 0.00378124 -0.039767 0.00115824 2.26532e-05 0.00252708
0.0487448 0.0137711 0.05 0.0195529 7.61311e-05 0.0173108
-0.05 -0.0286948 -0.0496576 -0.0281995 4.88291e-05 0.00564601
-0.05 -0.027879 -0.0496576 -0.0281995 0.00010176 0.0314768
-0.05 -0.00799343 -0.0488104 -0.00692954 0.000169482 0.108233
-0.05 -0.00560268 -0.0488496 -0.00688577 4.70573e-05 0.00747263
0.0487448 0.0137711 0.05 0.0125904 7.90621e-05 0.0640997
-0.05 -0.0440359 -0.0489825 -0.0437807 9.59352e-05 0.0331003
-0.05 -0.0299924 -0.048906 -0.0306882 0.000110135 0.041639
-0.05 0.0415005 -0.0461801 0.0430894 3.30736e-05 0.0133756
0.0453562 -0.0476437 0.05 -0.044689 8.44335e-05 0.173151
-0.05 -0.00877678 -0.043752 -0.0127503 2.93384e-05 0.00347592
-0.05 0.0282563 -0.0448113 0.0233 9.34728e-05 0.0327069
-0.05 0.0205776 -0.0374354 0.0154937 8.40817e-05 0.0337707
0.0490599 0.0294953 0.05 0.0289434 3.5984e-05 0.0158095
0.0429283 0.0469867 0.05 0.046622 3.09266e-05 0.0217412
-0.05 0.0312895 -0.0478601 0.0334032 7.043e-05 0.0187917
-0.05 -0.0223847 -0.0496305 -0.0218149 6.2024e-05 0.00920306
-0.05 -0.0217817 -0.0496305 -0.0218149 9.88202e-05 0.0427628
-0.0228246 0.0430204 -0.0224412 0.042739 5.48576e-05 0.010013
-0.0224412 0.042739 -0.0228816 0.0437668 0.000113947 0.0141597
0.0101839 0.0187903 0.0232593 0.00919225 5.18828e-05 0.0130603
0.019591 0.0196938 0.0232593 0.00919225 0.00042794 0.292664
0.0348415 0.000690202 0.0369482 -0.000856241 5.42374e-05 0.0342072
0.0369482 -0.000856241 0.0394415 -0.00174035 0.000140956 0.27868
0.0369482 -0.000856241 0.0414656 -0.00417222 5.45673e-05 0.00961066
0.0414656 -0.00417222 0.0394415 -0.00174035 2.78106e-05 0.00464909
0.0414656 -0.00417222 0.0443843 -0.00631477 5.25197e-05 0.010512
0.0441494 -0.00739678 0.0443843 -0.00631477 7.57573e-05 0.233481
-0.0166485 0.0290429 -0.0165246 0.0289324 0.000216371 0.132169
-0.0166024 0.029114 -0.0165246 0.0289324 0.000130138 0.00328015
0.0429468 -0.0240894 0.0439864 -0.0250164 0.000159568 0.352846
0.0439864 -0.0250164 0.0441792 -0.0250683 2.43733e-05 0.0113212
0.0439864 -0.0250164 0.0440694 -0.0250904 0.000159532 0.35308
0.0440694 -0.0250904 0.0441792 -0.0250683 0.000118612 0.284225
0.0017112 -0.0136216 -0.000285636 -0.00896189 0.000109496 0.0205937
0.0017112 -0.0136216 0.0051786 -0.0145562 2.30086e-05 0.00167145
0.00765677 -0.0274958 0.00787526 -0.0280057 0.000111804 0.0448429
0.00787526 -0.0280057 0.00861096 -0.0277439 0.000302309 0.328711
0.0111578 -0.0356656 0.0123643 -0.038481 0.000108529 0.00841852
0.00850765 -0.0459855 0.0123643 -0.038481 3.30298e-05 0.000269683
0.0123643 -0.038481 0.0138245 -0.0418884 0.000107676 0.00780098
0.011015 -0.0475801 0.0138245 -0.0418884 7.20998e-05 0.000471925
-0.0189195 -0.00806083 -0.00964767 -0.0105599 2.2318e-05 0.00142354
-0.0189195 -0.00806083 -0.0192217 -0.00410808 7.34478e-05 0.00678304
-0.0313376 -0.00471369 -0.0277213 -0.00568841 2.24449e-05 0.00146837
-0.0313376 -0.00471369 -0.0263736 -0.00409799 9.46408e-05 0.0320546
-0.0330937 -0.00424034 -0.0325101 -0.00439765 2.31187e-05 0.00221143
-0.0330937 -0.00424034 -0.032781 -0.00378792 5.04953e-05 0.0115671
-0.04286 -0.00160796 -0.0374684 -0.00306119 2.28715e-05 0.00259343
-0.04286 -0.00160796 -0.039767 0.00115824 0.000167542 0.106735
0.0241711 0.00658176 0.0253302 0.00326358 0.000316905 0.114937
0.0253302 0.00326358 0.0260267 0.00301657 0.000160091 0.212497
0.0284573 -0.00568901 0.0287646 -0.00656861 0.000296054 0.197933
0.0275068 -0.0090161 0.0287646 -0.00656861 3.7366e-05 0.00506248
0.0344522 -0.0228515 0.0358135 -0.0267486 0.000275942 0.0549364
0.0358135 -0.0267486 0.0401368 -0.0258803 0.000119504 0.347117
-0.0336307 -0.0427735 -0.0312417 -0.0419235 0.000304204 0.278977
-0.0359186 -0.0411567 -0.0355098 -0.0414455 0.000295371 0.272808
-0.0359186 -0.0411567 -0.035836 -0.0411401 0.000123762 0.0485998
-0.04959 -0.0314953 -0.0366005 -0.0406747 0.000300516 0.273834
-0.05 -0.0319792 -0.04959 -0.0314953 0.000239274 0.142257
-0.0339645 -0.0428923 -0.0336307 -0.0427735 0.000302582 0.0159211
0.0179605 0.0243618 0.0198986 0.0232893 0.000119814 0.108014
0.017648 0.0252564 0.0198986 0.0232893 0.000171235 0.180919
0.0354949 0.0146584 0.0387482 0.0128581 0.000144215 0.214835
0.0366047 0.00868707 0.0387482 0.0128581 4.64812e-05 0.0490615
0.0387482 0.0128581 0.0403972 0.0119455 0.00014274 0.220512
0.0381305 0.00735337 0.0403972 0.0119455 0.000105313 0.199611
0.0403972 0.0119455 0.0474957 0.00801726 0.000144812 0.267159
0.0468369 0.00498253 0.0474957 0.00801726 0.000105949 0.0744507
-0.0179426 -0.0208395 -0.0189195 -0.00806083 7.44447e-05 0.00661505
-0.0179426 -0.0208395 0.00340241 -0.0263896 4.76451e-05 0.00667095
-0.0162276 -0.043272 -0.0166847 -0.0372934 7.43953e-05 0.00279229
0.0257193 0.0182016 0.0259861 0.0179684 0.000217188 0.221671
0.0259861 0.0179684 0.031091 0.0161914 0.000285528 0.952187
0.0303184 0.0141817 0.0259861 0.0179684 0.000165928 0.0367764
0.0303184 0.0141817 0.031091 0.0161914 0.000101481 0.338734
0.0333401 0.0115405 0.0303184 0.0141817 0.000226994 0.167193
0.0381305 0.00735337 0.0415878 0.00433147 0.000226737 0.801455
0.0415878 0.00433147 0.0468369 0.00498253 0.000134947 0.356023
0.0415878 0.00433147 0.0458809 0.000579001 0.000220063 0.70651
0.0449531 -0.0036948 0.0458809 0.000579001 7.83791e-05 0.033951
0.0121161 0.00794934 0.0180793 0.00583476 0.000149549 0.164723
0.0121161 0.00794934 0.0116303 0.00964834 2.31969e-05 0.000506796
-0.00963023 0.0156607 0.0036393 0.0109552 0.00015218 0.14044
-0.0104318 0.0147147 -0.00963023 0.0156607 0.000269149 0.421443
-0.0423835 0.0272751 -0.0223923 0.0201861 0.000153944 0.139235
-0.0478601 0.0334032 -0.0423835 0.0272751 0.000305024 0.32553
-0.0405122 -0.0149709 -0.0400859 -0.0150818 4.5856e-05 0.00863086
-0.0405122 -0.0149709 -0.0404352 -0.0148596 4.9024e-05 0.00760521
-0.0419318 -0.0146018 -0.0405122 -0.0149709 4.57688e-05 0.00916545
-0.0419318 -0.0146018 -0.0409862 -0.0156566 4.74324e-05 0.00631251
-0.0445168 -0.0139297 -0.0419318 -0.0146018 4.59707e-05 0.00917503
-0.0445168 -0.0139297 -0.043752 -0.0127503 6.22726e-05 0.0105845
0.0291917 -0.0473869 0.0295304 -0.047293 9.55286e-05 0.0181275
0.0358697 -0.0455362 0.0369058 -0.045249 9.70759e-05 0.0574532
0.0369058 -0.045249 0.0450408 -0.0429945 9.90329e-05 0.41118
0.0450408 -0.0429945 0.0453562 -0.0476437 0.000434886 0.0336174
0.0390393 0.0134246 0.0397398 0.0147875 4.88099e-05 0.0183287
0.0397398 0.0147875 0.041579 0.0143397 0.00012736 0.212238
0.0397398 0.0147875 0.0423221 0.0198124 3.67065e-05 0.008689
0.0350957 0.0266099 0.0423221 0.0198124 7.31047e-05 0.0513773
0.0423221 0.0198124 0.0477065 0.0302897 3.31983e-05 0.00672005
0.0385714 0.0356521 0.0477065 0.0302897 3.56912e-05 0.0174322
-0.0489825 -0.0437807 -0.0359186 -0.0411567 0.000110532 0.0445725
-0.0489825 -0.0437807 -0.0366005 -0.0406747 9.63794e-05 0.0334975
-0.0399407 0.0178426 -0.0381487 0.0169361 3.18108e-05 0.00467372
-0.0399407 0.0178426 -0.0374354 0.0154937 0.000134725 0.0683561
-0.046455 0.0239504 -0.0399407 0.0178426 0.000134924 0.0683312
-0.046455 0.0239504 -0.0448113 0.0233 0.000116634 0.0659285
-0.0487472 -0.00687306 -0.0391701 -0.00568519 9.72038e-05 0.0475409
-0.0487472 -0.00687306 -0.04286 -0.00160796 0.000167788 0.10661
-0.0488496 -0.00688577 -0.0487472 -0.00687306 9.39264e-05 0.0443275
-0.0488496 -0.00688577 -0.0488104 -0.00692954 4.77958e-05 0.00770691
0.0441494 -0.00739678 0.0414656 -0.00417222 2.76214e-05 0.00568229
0.0437291 -0.00933319 0.0441494 -0.00739678 7.58e-05 0.242682
0.0441494 -0.00739678 0.0497351 -0.0141077 2.75188e-05 0.0200041
0.0497351 -0.0141077 0.05 -0.0142125 0.00012971 0.465731
0.041579 0.0143397 0.0436595 0.0185545 7.97855e-05 0.0399982
0.0423221 0.0198124 0.0436595 0.0185545 7.34198e-05 0.0524623
0.0436595 0.0185545 0.0490599 0.0294953 7.31116e-05 0.032702
0.0477065 0.0302897 0.0490599 0.0294953 3.57234e-05 0.0168233
0.0243782 0.0185281 0.0259861 0.0179684 0.000298962 0.727951
0.0243782 0.0185281 0.0257193 0.0182016 0.000164956 0.240575
-7.21369e-06 0.0270167 0.00740212 0.0244375 0.000361885 0.709173
-0.000396682 0.0265571 -7.21369e-06 0.0270167 0.000376581 0.679303
-0.0461801 0.0430894 -0.0431173 0.0420233 0.000324817 1.32274
-0.0461801 0.0430894 -0.0367862 0.0469967 5.4094e-05 0.0366643
0.0160235 -0.00571791 0.0147674 -0.00132426 2.16178e-05 0.000598425
0.0160235 -0.00571791 0.0220085 -0.00743691 6.78562e-05 0.0312678
0.018314 -0.0137295 0.0176116 -0.0112726 2.14814e-05 0.00206099
0.018314 -0.0137295 0.0194753 -0.0140272 2.29573e-05 0.00351426
0.0188582 -0.0156327 0.018314 -0.0137295 2.19608e-05 0.00227754
0.0188582 -0.0156327 0.0194753 -0.0140272 6.68913e-05 0.0451109
0.0233188 -0.0312346 0.0227844 -0.0293656 2.24549e-05 0.00314671
0.0233188 -0.0312346 0.0237512 -0.0316807 0.000253227 0.169634
0.0273164 -0.0452172 0.0274652 -0.0457378 2.1707e-05 0.000527787
0.0274652 -0.0457378 0.0291917 -0.0473869 9.46069e-05 0.0180585
0.0274652 -0.0457378 0.0280288 -0.0477092 2.15159e-05 0.00107999
0.0106464 0.0218719 0.0173765 0.0202331 0.000163301 0.132484
0.0106464 0.0218719 0.0108513 0.0232368 0.000133103 0.0577095
-0.0228218 0.0300215 -0.021812 0.0297757 0.000228812 0.295099
-0.0406253 0.0405496 -0.0228218 0.0300215 0.000450364 0.82908
-0.0456549 0.0355815 -0.0228218 0.0300215 0.000123963 0.101394
-0.0456549 0.0355815 -0.0406253 0.0405496 7.29113e-05 0.0530067
-0.0228853 0.00545744 -0.0198871 0.00459629 7.51023e-05 0.0311806
-0.024861 0.00766809 -0.0228853 0.00545744 0.000289695 0.22048
-0.0275275 0.00679075 -0.0258088 0.00629711 7.28098e-05 0.0237953
-0.0275275 0.00679075 -0.0262868 0.00560566 9.86099e-05 0.0289646
-0.0320246 0.00808241 -0.0305216 0.00765072 6.68746e-05 0.0199353
-0.0320246 0.00808241 -0.0307483 0.00922386 0.000166703 0.107184
-0.0128852 -0.00573227 -0.000285636 -0.00896189 2.33182e-05 0.00305487
-0.015546 -0.00275501 -0.0128852 -0.00573227 0.000270979 0.0753248
-0.0343629 -0.000226973 -0.0309279 -0.00110746 2.26532e-05 0.00114074
-0.039767 0.00115824 -0.0354497 5.1619e-05 2.33106e-05 0.00278892
-0.039767 0.00115824 -0.0320246 0.00808241 0.000167289 0.10685
0.0485023 0.0126538 0.0487448 0.0137711 8.32874e-05 0.0208146
0.0436595 0.0185545 0.0487448 0.0137711 7.73128e-05 0.0601732
-0.0496576 -0.0281995 -0.0455004 -0.0221862 4.93057e-05 0.0060799
-0.0496576 -0.0281995 -0.0480626 -0.0296929 0.000101577 0.0312963
0.00781914 0.0362525 0.0120593 0.0412562 0.000234372 0.156433
0.0103954 0.0460197 0.0120593 0.0412562 0.000263247 0.0419912
-0.00627716 0.00501956 0.00749381 0.000868339 0.000270676 0.436524
0.00749381 0.000868339 0.00773991 0.00250792 9.6159e-05 0.03196
0.0147674 -0.00132426 0.0187637 -0.00252893 0.000267495 0.440082
0.017402 -0.00131493 0.0187637 -0.00252893 0.000168427 0.104123
0.0259314 -0.00468961 0.0283644 -0.00542305 0.000267253 0.430043
0.0283644 -0.00542305 0.0260859 0.00110009 0.000293805 0.0192547
0.0283644 -0.00542305 0.0292206 -0.00568115 0.00026707 0.193905
0.0292206 -0.00568115 0.0290883 -0.00593867 3.82875e-05 0.0091262
0.0292206 -0.00568115 0.0313759 -0.00633085 0.000267016 0.192174
0.0313759 -0.00633085 0.0311641 -0.00675996 8.27721e-05 0.118131
0.0313759 -0.00633085 0.0435821 -0.0100104 0.000266231 0.151246
0.0435821 -0.0100104 0.0432496 -0.0115417 8.18591e-05 0.514823
0.0158301 -0.0235104 0.0179489 -0.0179983 6.72157e-05 0.0435697
0.0158301 -0.0235104 0.0170303 -0.0247483 0.000244779 0.00438765
0.00744961 -0.0453126 0.0111578 -0.0356656 6.46852e-05 0.000821111
0.00744961 -0.0453126 0.00850765 -0.0459855 2.93384e-05 0.00146338
-0.0488104 -0.00692954 -0.0487472 -0.00687306 0.000169335 0.108338
-0.0488104 -0.00692954 -0.0436847 -0.0126466 4.8783e-05 0.00750963
-0.00300402 -0.016789 0.00371497 -0.0243073 0.000266861 0.0696366
0.00371497 -0.0243073 0.00387531 -0.023239 9.26567e-05 0.0740745
0.00371497 -0.0243073 0.00595249 -0.026811 0.000260574 0.0464983
0.00595249 -0.026811 0.00741981 -0.0269428 0.000102106 0.131156
-0.00187863 -0.00524458 0.00239031 -0.00964781 0.000253942 0.0182923
-0.00187863 -0.00524458 -0.00358144 -0.00127101 0.000121392 0.0239592
-0.00550027 -0.00150901 -0.00187863 -0.00524458 0.000277818 0.0189587
-0.00550027 -0.00150901 -0.00358144 -0.00127101 9.29303e-05 0.0371025
0.0450408 -0.0429945 0.0446417 -0.0371126 0.000424886 0.00174126
0.0446417 -0.0371126 0.05 -0.0385058 4.73777e-05 0.054511
0.0446417 -0.0371126 0.0441759 -0.0302466 0.000439804 0.0035745
0.0441759 -0.0302466 0.05 -0.0307701 0.000111811 0.287164
-0.0312417 -0.0419235 -0.0207753 -0.0381995 0.000303669 0.298204
-0.0332804 -0.0406268 -0.0312417 -0.0419235 0.000120845 0.047082
-0.0332804 -0.0406268 -0.0208395 -0.0381279 0.00013647 0.0636806
-0.048906 -0.0306882 -0.0429602 -0.03447 0.000142249 0.0597323
-0.04959 -0.0314953 -0.048906 -0.0306882 0.000288512 0.226168
0.0203295 0.00450413 0.0209244 0.00482588 0.000532178 0.271864
0.0180793 0.00583476 0.0203295 0.00450413 0.000295052 0.546444
0.00116224 -0.0413141 0.00744961 -0.0453126 2.94899e-05 0.00325695
0.00233931 -0.0334722 0.00116224 -0.0413141 8.31211e-05 7.08943e-06
-0.0229115 -0.0260041 -0.0172736 -0.0295896 2.98817e-05 0.00319159
-0.0237386 -0.0241422 -0.0229115 -0.0260041 0.000359822 7.90011e-05
-0.0261849 -0.0239223 -0.0229115 -0.0260041 3.20345e-05 0.00208974
-0.0261849 -0.0239223 -0.0237386 -0.0241422 0.000114496 0.0421568
-0.0372237 -0.016902 -0.0261849 -0.0239223 3.08629e-05 0.00181123
-0.0385093 -0.0184192 -0.0372237 -0.016902 0.000267437 0.219366
-0.0400859 -0.0150818 -0.0372237 -0.016902 2.94639e-05 0.00298821
-0.0400859 -0.0150818 -0.0364765 -0.0160203 4.58188e-05 0.00857846
-0.0404352 -0.0148596 -0.0400859 -0.0150818 2.94732e-05 0.00289491
-0.0404352 -0.0148596 -0.0336164 -0.00499634 4.89412e-05 0.00780826
-0.043752 -0.0127503 -0.0433793 -0.0129873 2.94323e-05 0.0032036
-0.043752 -0.0127503 -0.0436847 -0.0126466 6.22204e-05 0.010717
-0.0360532 0.0149344 -0.0346169 0.0135625 9.44895e-05 0.0333567
-0.0360532 0.0149344 -0.0286934 0.0119564 8.52015e-05 0.0354242
-0.0381487 0.0169361 -0.0360532 0.0149344 9.47212e-05 0.03363
-0.0381487 0.0169361 -0.0290135 0.0123146 3.15112e-05 0.00465189
-0.0448113 0.0233 -0.0381487 0.0169361 9.49848e-05 0.0335147
-0.0448113 0.0233 -0.0355598 0.0196396 0.000115703 0.0653684
-0.0374354 0.0154937 -0.0360532 0.0149344 8.51668e-05 0.035044
-0.0374354 0.0154937 -0.0357353 0.0138996 0.000134101 0.0675922
0.00544336 0.0312887 0.00770911 0.0300349 0.000139861 0.298069
0.0113219 0.0263719 0.0162766 0.0213483 0.000753211 0.111159
0.0162766 0.0213483 0.0193919 0.0202638 0.00033558 0.819203
0.0162766 0.0213483 0.0173765 0.0202331 0.000760474 0.0440823
0.0173765 0.0202331 0.019591 0.0196938 0.000172069 0.320558
-0.00346 0.0493795 -0.00309095 0.0493605 3.10412e-05 0.00110436
-0.00330532 0.049618 -0.00309095 0.0493605 2.62861e-05 0.000820361
0.000327051 0.0491842 0.00371968 0.0490092 3.09311e-05 0.00129956
0.0169823 0.0483251 0.0429283 0.0469867 3.09266e-05 0.00880159
0.0260859 0.00110009 0.0311627 -0.00190211 0.000256377 0.124975
0.0292206 -0.00568115 0.0311627 -0.00190211 3.7034e-05 0.00333292
0.0311627 -0.00190211 0.0330199 -0.00300032 0.000255948 0.121957
0.0313759 -0.00633085 0.0330199 -0.00300032 8.2894e-05 0.0153081
0.0330199 -0.00300032 0.0437291 -0.00933319 0.000250912 0.0807925
0.0437291 -0.00933319 0.0435821 -0.0100104 7.59843e-05 0.0246954
-0.0478601 0.0334032 -0.0456549 0.0355815 8.83966e-05 0.052383
-0.05 0.0357977 -0.0478601 0.0334032 0.000306942 0.33427
-0.0496305 -0.0218149 -0.0445168 -0.0139297 6.28477e-05 0.0102716
-0.0496305 -0.0218149 -0.0455004 -0.0221862 9.83693e-05 0.0421991
-0.0313319 0.0492653 -0.0228246 0.0430204 5.1518e-05 0.011834
-0.0228246 0.0430204 -0.0228816 0.0437668 7.87726e-05 0.0232263
-0.0228816 0.0437668 -0.0246774 0.0479573 0.000114283 0.0183355
-0.0228816 0.0437668 -0.0231368 0.0471047 7.76485e-05 0.0173554
-0.0124993 0.035441 -0.0079627 0.0321109 5.44415e-05 0.00860668
-0.0079627 0.0321109 -0.00466419 0.0368821 5.26364e-05 0.0140942
0.00367248 0.0235701 0.00870661 0.0198747 7.25888e-05 0.024402
0.00794775 0.022529 0.00870661 0.0198747 2.65143e-05 0.00102914
0.00870661 0.0198747 0.0101839 0.0187903 6.84119e-05 0.02575
0.0101839 0.0187903 0.0106464 0.0218719 0.000125616 0.00911135
0.0179605 0.0243618 0.0181373 0.0238556 0.000316919 0.16538
0.0175072 0.0246126 0.0181373 0.0238556 3.51474e-05 0.0030472
0.0181373 0.0238556 0.0193919 0.0202638 0.000316346 0.16558
0.0193919 0.0202638 0.0218346 0.0194136 0.00028136 0.640654
0.0193919 0.0202638 0.019591 0.0196938 0.000480285 0.30614
0.019591 0.0196938 0.0221123 0.0190799 0.000208516 0.369033
0.0315732 0.00308933 0.0331377 0.0019409 6.23438e-05 0.0327411
0.0325092 0.000717867 0.0331377 0.0019409 3.59826e-05 0.00680445
0.0331377 0.0019409 0.0348415 0.000690202 6.01064e-05 0.0317439
0.0345057 9.88431e-06 0.0348415 0.000690202 7.94482e-05 0.0377792
0.0394415 -0.00174035 0.0449531 -0.0036948 0.000140692 0.281914
0.0358009 0.00263369 0.0394415 -0.00174035 2.94955e-05 0.0085427
-0.0235794 0.0352221 -0.0221296 0.0339296 0.000169024 0.0737805
-0.0221296 0.0339296 -0.0221915 0.034739 8.09089e-05 0.0161549
-0.0221296 0.0339296 -0.0166485 0.0290429 0.000192136 0.101137
-0.0166485 0.0290429 -0.0166024 0.029114 8.35334e-05 0.0354697
-0.0184557 0.0334386 -0.0224412 0.042739 0.000114485 0.0121377
-0.0184557 0.0334386 -0.0146557 0.0321158 0.000216632 0.218138
-0.0166024 0.029114 -0.0184557 0.0334386 0.000112345 0.000716318
-0.0166024 0.029114 -0.0146557 0.0321158 7.73645e-05 0.0317402
0.0253428 -0.00839457 0.0270459 -0.00991294 0.000163056 0.123501
0.0267548 -0.0104793 0.0270459 -0.00991294 3.41841e-05 0.00978768
0.0288249 -0.011499 0.0312384 -0.0136508 0.000155813 0.149006
0.0306862 -0.0120701 0.0312384 -0.0136508 0.000291488 0.17414
0.0365775 -0.0184109 0.0399979 -0.0214604 0.000165431 0.326783
0.0399979 -0.0214604 0.0411596 -0.021169 0.000107685 0.209019
0.0399979 -0.0214604 0.0409182 -0.0222809 0.00015991 0.337852
0.0407652 -0.0229858 0.0409182 -0.0222809 7.76079e-05 0.0583073
0.0409182 -0.0222809 0.0429468 -0.0240894 0.000159758 0.352243
0.0429468 -0.0240894 0.0446821 -0.0249673 3.39665e-05 0.0198569
0.0441792 -0.0250683 0.0456829 -0.0254736 2.40703e-05 0.0114017
0.0441792 -0.0250683 0.0446821 -0.0249673 0.000118612 0.284236
-0.000285636 -0.00896189 -0.00187863 -0.00524458 0.000108996 0.0209788
-0.000285636 -0.00896189 0.00239031 -0.00964781 2.30862e-05 0.00171356
0.034296 -0.0224044 0.0352305 -0.0226563 2.29437e-05 0.0101276
0.0331542 -0.0191354 0.034296 -0.0224044 0.000266056 0.0744336
0.0196669 -0.0184613 0.0222895 -0.0191682 2.2574e-05 0.00100718
0.0196669 -0.0184613 0.0188582 -0.0156327 2.15099e-05 0.00378802
0.0179489 -0.0179983 0.0196669 -0.0184613 2.25561e-05 0.000248689
0.0179489 -0.0179983 0.0188582 -0.0156327 6.7183e-05 0.0444467
0.0051786 -0.0145562 0.00784604 -0.0152752 2.31116e-05 0.00158412
0.0051786 -0.0145562 0.00544276 -0.0127963 8.63484e-05 0.0315621
0.00741981 -0.0269428 0.00765677 -0.0274958 0.00010995 0.0416041
0.00765677 -0.0274958 0.00861096 -0.0277439 4.77806e-05 0.0111119
0.0210549 -0.0233163 0.0234044 -0.0224804 0.00027679 0.0395521
0.0210549 -0.0233163 0.0207342 -0.0221945 2.18893e-05 0.00736546
0.00862282 -0.0277397 0.00866106 -0.0277261 0.000301503 0.33082
0.00862282 -0.0277397 0.00863331 -0.0277497 0.000103658 0.0294251
0.00861096 -0.0277439 0.00862282 -0.0277397 0.000302135 0.329009
0.00861096 -0.0277439 0.00863331 -0.0277497 5.13212e-05 0.00970579
0.00787526 -0.0280057 0.00846053 -0.0293714 0.000116806 0.0192576
0.00846053 -0.0293714 0.00994201 -0.0289998 0.000105059 0.0416921
0.00959347 -0.0320152 0.0111578 -0.0356656 0.000111822 0.0131144
0.0111578 -0.0356656 0.0127054 -0.0316394 6.98776e-05 0.00867112
0.00850765 -0.0459855 0.011015 -0.0475801 2.93384e-05 0.00115976
-0.0092509 -0.0106669 -0.00822913 -0.0109423 2.40587e-05 0.00227848
-0.0092509 -0.0106669 -0.00395127 -0.015729 0.000101223 0.0152347
-0.00964767 -0.0105599 -0.0092509 -0.0106669 2.4584e-05 0.00162347
-0.00964767 -0.0105599 -0.00300402 -0.016789 0.000144852 0.0310667
-0.0192896 -0.00321934 -0.0194296 -0.00138849 8.53094e-05 0.00955586
-0.0192896 -0.00321934 -0.0176886 -0.00302077 0.000107146 0.0421054
-0.0192217 -0.00410808 -0.0192896 -0.00321934 7.38374e-05 0.00704784
-0.0192217 -0.00410808 -0.0155158 -0.00505798 2.28428e-05 0.00151757
-0.0277213 -0.00568841 -0.0189195 -0.00806083 2.35122e-05 0.00159672
-0.0304868 -0.00895197 -0.0277213 -0.00568841 0.000262706 0.230167
-0.0263736 -0.00409799 -0.0215804 -0.00350347 0.000110942 0.043461
-0.0277213 -0.00568841 -0.0263736 -0.00409799 0.000262297 0.230508
-0.0325101 -0.00439765 -0.0313376 -0.00471369 2.26724e-05 0.00148866
-0.032781 -0.00378792 -0.0325101 -0.00439765 0.000370059 0.00121715
-0.0174246 0.0184246 -0.0140892 0.0232492 5.59216e-05 0.0172467
-0.0174246 0.0184246 -0.0110535 0.0161654 0.000144283 0.117719
-0.024861 0.00766809 -0.023557 0.00955423 5.75408e-05 0.017948
-0.0281347 0.0113313 -0.024861 0.00766809 0.000290575 0.221295
-0.0258088 0.00629711 -0.024861 0.00766809 5.4858e-05 0.010979
-0.0258088 0.00629711 -0.0228853 0.00545744 7.0707e-05 0.0227977
-0.0262868 0.00560566 -0.0258088 0.00629711 5.17849e-05 0.00930221
-0.0262868 0.00560566 -0.0217903 0.00131067 9.77737e-05 0.0283684
-0.0309279 -0.00110746 -0.0265237 0.00526295 4.88313e-05 0.00549169
-0.0309279 -0.00110746 -0.0251044 -0.00260018 2.2654e-05 0.00171843
-0.032781 -0.00378792 -0.0309279 -0.00110746 4.88332e-05 0.00575948
-0.0343629 -0.000226973 -0.032781 -0.00378792 0.000358805 0.000411327
-0.0374684 -0.00306119 -0.0330937 -0.00424034 2.29398e-05 0.00275378
-0.0374684 -0.00306119 -0.0354497 5.1619e-05 6.41638e-05 0.0121721
0.0232593 0.00919225 0.0241711 0.00658176 0.000421088 0.296466
0.0241711 0.00658176 0.0256937 0.00740522 0.000587658 0.421286
0.0260267 0.00301657 0.027312 0.0025608 0.000156239 0.228741
0.0260267 0.00301657 0.0272691 0.00624878 7.56338e-05 0.00124562
0.0283644 -0.00542305 0.0284573 -0.00568901 0.000296136 0.194123
0.0284573 -0.00568901 0.0290883 -0.00593867 0.000130739 0.0909214
0.0270459 -0.00991294 0.0275068 -0.0090161 3.75189e-05 0.00634499
0.0275068 -0.0090161 0.0297346 -0.00965597 7.23424e-05 0.0372111
0.034296 -0.0224044 0.0344522 -0.0228515 0.000265884 0.0744445
0.0344522 -0.0228515 0.0352305 -0.0226563 9.99812e-05 0.225748
0.0401368 -0.0258803 0.0440694 -0.0250904 0.000119959 0.335907
0.0392844 -0.029807 0.0401368 -0.0258803 8.3313e-05 0.0418063
-0.0355098 -0.0414455 -0.0336307 -0.0427735 0.000295421 0.270964
-0.0355098 -0.0414455 -0.0339645 -0.0428923 0.000112932 0.0426581
-0.035836 -0.0411401 -0.0332804 -0.0406268 0.000123604 0.0486333
-0.035836 -0.0411401 -0.0355098 -0.0414455 0.000113847 0.0376496
-0.0366005 -0.0406747 -0.0359186 -0.0411567 0.000297958 0.274091
-0.0366005 -0.0406747 -0.0363896 -0.0406218 0.000109018 0.0353353
0.0115525 0.027908 0.00770911 0.0300349 0.000127176 0.00398467
0.0119076 0.030274 0.0115525 0.027908 0.000121692 0.0801327
0.0175072 0.0246126 0.0179605 0.0243618 0.000134877 0.0543124
0.017648 0.0252564 0.0179605 0.0243618 0.000313964 0.184824
-0.00126987 0.0417919 0.00223883 0.0387251 0.000167632 0.0150405
0.00223883 0.0387251 0.00309769 0.0394932 0.000164005 0.086256
0.00367658 0.0374684 0.00664838 0.0348709 0.000180139 0.0797784
0.00498158 0.0329039 0.00664838 0.0348709 0.000271041 0.272035
0.0119076 0.030274 0.015165 0.0274268 0.0002173 0.192115
0.0120432 0.0311774 0.015165 0.0274268 2.63026e-05 0.00251848
0.015165 0.0274268 0.017648 0.0252564 0.00021658 0.192503
0.0131062 0.0382591 0.017648 0.0252564 0.00027206 0.173916
0.0317427 0.0167348 0.0354949 0.0146584 0.00011497 0.141503
0.0354949 0.0146584 0.0390393 0.0134246 0.000280252 1.00898
0.0366047 0.00868707 0.0343745 0.00434743 3.7261e-05 0.000948917
0.0333401 0.0115405 0.0366047 0.00868707 0.000228058 0.89768
0.0363161 0.00367761 0.0381305 0.00735337 8.31666e-05 0.0040225
0.0366047 0.00868707 0.0381305 0.00735337 0.000227811 0.888487
0.0458809 0.000579001 0.0468369 0.00498253 9.68471e-05 0.04206
0.0468369 0.00498253 0.05 0.00537486 0.000132511 0.333782
0.00340241 -0.0263896 0.0045319 -0.0266833 4.88936e-05 0.00390423
0.00340241 -0.0263896 0.00371497 -0.0243073 8.67644e-05 0.00456938
-0.0168058 -0.0357093 -0.0167256 -0.0367587 8.33333e-05 0.00636727
-0.0167256 -0.0367587 -0.00984838 -0.0343117 0.000305111 0.30866
-0.0166847 -0.0372934 -0.0167256 -0.0367587 7.99311e-05 0.00235912
-0.0166847 -0.0372934 -0.00792624 -0.0355342 0.00012093 0.0504908
0.0198986 0.0232893 0.0257193 0.0182016 0.000180033 0.190619
0.0257193 0.0182016 0.0313377 0.0168335 0.000127268 0.203174
0.031091 0.0161914 0.0354949 0.0146584 0.000286426 1.0386
0.031091 0.0161914 0.0313377 0.0168335 9.20978e-05 0.0952017
0.0443843 -0.00631477 0.0449531 -0.0036948 7.55201e-05 0.188286
0.0449531 -0.0036948 0.05 -0.00548444 0.000137736 0.37188
0.0209244 0.00482588 0.0253302 0.00326358 0.000154827 0.0408833
0.0209244 0.00482588 0.0241711 0.00658176 0.000529844 0.300386
0.0180793 0.00583476 0.0209244 0.00482588 0.000154421 0.134746
0.0116303 0.00964834 0.0180793 0.00583476 0.00029717 0.529672
0.00870661 0.0198747 0.00978205 0.0161131 2.44487e-05 0.00150665
0.00978205 0.0161131 0.0101839 0.0187903 8.805e-05 0.000689433
0.00978205 0.0161131 0.0116303 0.00964834 2.19567e-05 0.001263
0.00904148 0.0111793 0.0116303 0.00964834 0.000297816 0.528391
0.00873655 0.00914773 0.0121161 0.00794934 0.000150123 0.164009
0.00873655 0.00914773 0.00904148 0.0111793 9.78349e-05 0.0458584
0.0036393 0.0109552 0.00873655 0.00914773 0.00015049 0.157067
-0.0061909 0.0197194 0.0036393 0.0109552 0.000173878 0.12465
-0.0198142 0.00364269 -0.0191786 0.00439278 0.000257128 0.392918
-0.0191786 0.00439278 -0.00570439 0.000522754 7.4359e-05 0.0308678
-0.0168351 0.00715826 -0.0161305 0.00798981 0.000256671 0.395101
-0.0202413 0.009229 -0.0161305 0.00798981 0.000285822 0.457399
-0.0136158 0.0109574 -0.0104318 0.0147147 0.000268714 0.42174
-0.0110535 0.0161654 -0.0104318 0.0147147 0.000120779 0.012655
-0.0195985 0.0191954 -0.0174246 0.0184246 0.000144738 0.117397
-0.0195985 0.0191954 -0.0143597 0.0238806 0.000192069 0.23526
-0.0210423 0.0197074 -0.0195985 0.0191954 0.000151146 0.134945
-0.0210423 0.0197074 -0.0212174 0.0219977 8.71908e-05 0.0125591
-0.0223923 0.0201861 -0.0210423 0.0197074 0.000151401 0.137652
-0.0223923 0.0201861 -0.0212174 0.0219977 7.56938e-05 0.0328867
-0.0409862 -0.0156566 -0.0385093 -0.0184192 4.73075e-05 0.00592738
-0.0409862 -0.0156566 -0.0405122 -0.0149709 4.92004e-05 0.00709594
0.0280288 -0.0477092 0.0291917 -0.0473869 9.38443e-05 0.000247612
0.0295304 -0.047293 0.0358697 -0.0455362 9.74205e-05 0.0728402
0.0387482 0.0128581 0.0390393 0.0134246 4.88084e-05 0.0366109
0.0390393 0.0134246 0.0408212 0.0128043 0.000280122 1.01264
0.041579 0.0143397 0.0485023 0.0126538 0.000133701 0.241761
0.0408212 0.0128043 0.041579 0.0143397 0.000106005 0.0800372
0.00945447 0.0487133 0.0117214 0.0485964 3.09266e-05 0.000886181
0.0124794 0.0478835 0.0142945 0.0461761 7.21898e-05 0.0259803
0.0146352 0.0484461 0.0142945 0.0461761 8.30702e-05 0.00821555
0.0142945 0.0461761 0.0350957 0.0266099 7.2278e-05 0.0397337
0.0350957 0.0266099 0.0385714 0.0356521 6.46798e-05 0.00960621
0.0148086 0.049601 0.0169823 0.0483251 3.56763e-05 0.0114291
0.0146352 0.0484461 0.0169823 0.0483251 3.09266e-05 0.00858431
0.0169823 0.0483251 0.0385714 0.0356521 3.56763e-05 0.0112408
0.0385714 0.0356521 0.0429283 0.0469867 6.4639e-05 0.00619099
-0.0323158 -0.00483502 -0.0313376 -0.00471369 9.47713e-05 0.0320021
-0.0325101 -0.00439765 -0.0323158 -0.00483502 0.000367272 0.00127369
-0.0336164 -0.00499634 -0.0323158 -0.00483502 9.57302e-05 0.0457753
-0.0336164 -0.00499634 -0.0330937 -0.00424034 5.06721e-05 0.011289
-0.0391701 -0.00568519 -0.0336164 -0.00499634 9.62405e-05 0.0475057
-0.0391701 -0.00568519 -0.0374684 -0.00306119 6.47667e-05 0.0121183
0.0108513 0.0232368 0.0162766 0.0213483 0.00035126 0.639715
0.0108513 0.0232368 0.0113219 0.0263719 0.000164111 0.241292
0.00740212 0.0244375 0.0108513 0.0232368 0.000359145 0.714542
0.00740212 0.0244375 0.00544336 0.0312887 2.37113e-05 0.000672816
-0.00592698 0.0200308 -0.00179886 0.0249024 0.000346549 0.563898
-0.00179886 0.0249024 0.00367248 0.0235701 0.000171724 0.16105
-0.00179886 0.0249024 -0.000396682 0.0265571 0.000375745 0.683224
-0.00193877 0.027689 -0.000396682 0.0265571 7.1844e-05 0.0196394
-0.0431173 0.0420233 -0.0401716 0.0409978 0.000192714 0.194751
-0.0321437 0.0489277 -0.0313319 0.0492653 3.53524e-05 0.0030059
-0.0321437 0.0489277 -0.0316015 0.0494632 7.46312e-05 0.00674517
-0.0367862 0.0469967 -0.0321437 0.0489277 3.30736e-05 0.00132345
0.0147674 -0.00132426 0.0144284 -0.000138394 2.2337e-05 0.000213916
0.00929331 0.000325885 0.0147674 -0.00132426 0.000267887 0.439408
0.0220085 -0.00743691 0.0253428 -0.00839457 6.72092e-05 0.0356273
0.0220085 -0.00743691 0.0225854 -0.0059362 6.71482e-05 0.0299837
0.0161591 -0.00619204 0.0160235 -0.00571791 2.20061e-05 0.00113943
0.0161591 -0.00619204 0.0216353 -0.00840786 8.72431e-05 0.0457363
0.0176116 -0.0112726 0.0161591 -0.00619204 2.15405e-05 0.00205
0.0176116 -0.0112726 0.0200584 -0.0125104 3.12993e-05 0.00467947
0.0194753 -0.0140272 0.0242964 -0.0152629 2.3362e-05 0.00273373
0.0194753 -0.0140272 0.0200584 -0.0125104 6.68333e-05 0.0454016
0.0210549 -0.0233163 0.0217653 -0.025801 2.1701e-05 0.00615159
0.0217653 -0.025801 0.0216341 -0.0260669 7.35679e-05 0.0460527
0.0218274 -0.0260184 0.0224787 -0.0282964 2.35965e-05 0.00250075
0.0224787 -0.0282964 0.0263675 -0.0286459 0.000109992 0.174247
0.0227844 -0.0293656 0.0224787 -0.0282964 2.51707e-05 0.00275914
0.0227844 -0.0293656 0.0263675 -0.0286459 0.000127608 0.27215
0.0237512 -0.0316807 0.0361102 -0.0444284 0.000252715 0.165675
0.0237512 -0.0316807 0.0380694 -0.0354037 4.82805e-05 0.0335127
0.0234218 -0.031595 0.0233188 -0.0312346 2.13905e-05 4.57255e-05
0.0234218 -0.031595 0.0237512 -0.0316807 4.75415e-05 0.0111625
0.0273164 -0.0452172 0.0234218 -0.031595 2.14267e-05 0.000418111
0.0273164 -0.0452172 0.0295304 -0.047293 0.000138551 0.0387183
-0.0113401 0.0272257 -0.0107736 0.0270877 0.00014954 0.119329
-0.0113401 0.0272257 -0.00925826 0.030237 5.91923e-05 0.0177804
-0.0158391 0.0283212 -0.0113401 0.0272257 0.000141655 0.105427
-0.0165246 0.0289324 -0.0158391 0.0283212 0.000216481 0.1366
-0.0163121 0.0284364 -0.0158391 0.0283212 0.000215553 0.260042
-0.0163121 0.0284364 -0.0165246 0.0289324 0.000184738 0.00296073
-0.021812 0.0297757 -0.0169423 0.0285899 0.000224457 0.284579
-0.021812 0.0297757 -0.0221296 0.0339296 0.0001438 0.0575013
-0.0431173 0.0420233 -0.0406253 0.0405496 0.000463481 0.846024
-0.0406253 0.0405496 -0.0401716 0.0409978 0.000142812 0.158202
-0.0198871 0.00459629 -0.0191786 0.00439278 7.48843e-05 0.0322253
-0.0198871 0.00459629 -0.0201337 0.00782243 8.24573e-05 0.0119379
-0.0284296 0.00704984 -0.0275275 0.00679075 6.63704e-05 0.0192807
-0.0284296 0.00704984 -0.0265237 0.00526295 0.000135533 0.0554697
-0.0305216 0.00765072 -0.0284296 0.00704984 6.62597e-05 0.018757
-0.0305216 0.00765072 -0.0299729 0.00849686 6.43111e-05 0.011863
-0.0304004 0.00953495 -0.0282489 0.0114591 0.000191653 0.160034
-0.0304004 0.00953495 -0.0297207 0.0088857 0.00010839 0.0350586
-0.0307483 0.00922386 -0.0304004 0.00953495 0.00018933 0.151733
-0.0307483 0.00922386 -0.0299729 0.00849686 0.00013557 0.0563535
-0.0205196 0.00281026 -0.0196786 0.00186924 0.000270197 0.0894015
-0.0196786 0.00186924 -0.0198142 0.00364269 7.90889e-05 0.0169013
-0.0196786 0.00186924 -0.015546 -0.00275501 0.000269724 0.0878797
-0.015546 -0.00275501 -0.00550027 -0.00150901 0.000102042 0.0854066
-0.0354497 5.1619e-05 -0.0343629 -0.000226973 2.33811e-05 0.00741742
-0.0354497 5.1619e-05 -0.0305216 0.00765072 6.35331e-05 0.0105864
0.0474957 0.00801726 0.047993 0.0103078 0.000104631 0.0526897
0.047993 0.0103078 0.05 0.0096092 0.000278233 1.04557
0.047993 0.0103078 0.0485023 0.0126538 0.000104238 0.0344046
0.0485023 0.0126538 0.05 0.0122891 0.000135672 0.251904
-0.0455004 -0.0221862 -0.0409862 -0.0156566 4.92572e-05 0.00670185
-0.0455004 -0.0221862 -0.0419703 -0.0225035 9.82511e-05 0.041941
-0.0429602 -0.03447 -0.0363896 -0.0406218 0.000130394 0.0476063
-0.0429602 -0.03447 -0.0341654 -0.0400639 0.00013354 0.0552734
-0.0480626 -0.0296929 -0.0429602 -0.03447 0.000127433 0.0399581
-0.048906 -0.0306882 -0.0480626 -0.0296929 0.000281119 0.218204
0.00664838 0.0348709 0.00781914 0.0362525 0.00023472 0.156405
0.00425806 0.0405309 0.00781914 0.0362525 2.64316e-05 0.00135723
0.00945447 0.0487133 0.0103954 0.0460197 0.000258098 0.000477591
0.0103954 0.0460197 0.0124794 0.0478835 0.000161201 0.0198746
-0.0161305 0.00798981 -0.00627716 0.00501956 0.000271462 0.428177
-0.00784293 0.00867334 -0.00627716 0.00501956 0.000127001 0.0140776
0.00837422 0.00673381 0.00873655 0.00914773 9.94419e-05 0.055018
0.0036393 0.0109552 0.00837422 0.00673381 0.000172639 0.112425
0.00773991 0.00250792 0.00837422 0.00673381 9.97791e-05 0.0387921
0.00773991 0.00250792 0.0123094 0.00069998 0.000135349 0.104783
0.0138625 0.00184068 0.0147961 0.00100841 0.000170766 0.104211
0.0147961 0.00100841 0.0242566 0.00218183 0.000108036 0.0951059
0.0147961 0.00100841 0.017402 -0.00131493 0.000171302 0.103801
0.017402 -0.00131493 0.023443 -0.00370508 0.000133124 0.100416
0.0187637 -0.00252893 0.0233622 -0.00391516 0.000267339 0.431936
0.0233622 -0.00391516 0.023443 -0.00370508 7.44365e-05 0.0267919
0.0233622 -0.00391516 0.0259314 -0.00468961 0.000267054 0.430212
0.0259314 -0.00468961 0.0284573 -0.00568901 0.000130403 0.0996834
0.0260859 0.00110009 0.025707 0.00218477 0.000270935 0.00109445
0.0254374 0.00148353 0.0260859 0.00110009 0.000252503 0.105663
0.0287646 -0.00656861 0.0290883 -0.00593867 3.78725e-05 0.00304956
0.0290883 -0.00593867 0.0311641 -0.00675996 0.000130124 0.094924
0.0266737 -0.015857 0.0288249 -0.011499 7.37078e-05 0.0903008
0.0284509 -0.0111656 0.0288249 -0.011499 0.000158757 0.12211
0.0297346 -0.00965597 0.0297981 -0.00952739 7.94765e-05 0.0261748
0.0287646 -0.00656861 0.0297981 -0.00952739 0.000295905 0.198282
0.0297981 -0.00952739 0.0311641 -0.00675996 8.1243e-05 0.0148097
0.0311641 -0.00675996 0.0432496 -0.0115417 0.000129593 0.180048
0.0409182 -0.0222809 0.0411596 -0.021169 7.87881e-05 0.0289069
0.0411596 -0.021169 0.044282 -0.0203858 0.000106861 0.21835
0.0428417 -0.0134206 0.0421297 -0.0167004 7.66724e-05 0.0247157
0.0428417 -0.0134206 0.05 -0.0154766 7.04646e-05 0.117438
0.0432496 -0.0115417 0.0428417 -0.0134206 7.56218e-05 0.0675035
0.0432496 -0.0115417 0.0497351 -0.0141077 0.000130154 0.463844
0.0202784 -0.0280986 0.0205122 -0.0283397 0.000265343 0.275248
0.0202784 -0.0280986 0.0206162 -0.028129 0.000109762 0.143409
0.0185933 -0.0263604 0.0189592 -0.0267379 0.000265545 0.334686
0.0183164 -0.0268991 0.0185933 -0.0263604 3.50209e-05 0.00102243
0.0170303 -0.0247483 0.0185933 -0.0263604 0.000265681 0.333952
0.0170303 -0.0247483 0.0199569 -0.023707 0.000277101 0.042499
-0.0433793 -0.0129873 -0.0419318 -0.0146018 4.72025e-05 0.00629474
-0.0433793 -0.0129873 -0.0404352 -0.0148596 2.94151e-05 0.00321703
-0.0436847 -0.0126466 -0.0433793 -0.0129873 4.72379e-05 0.00629721
-0.0436847 -0.0126466 -0.0391701 -0.00568519 6.27979e-05 0.0117152
-0.0128852 -0.00573227 -0.00822913 -0.0109423 0.000269966 0.0755565
-0.00822913 -0.0109423 0.0017112 -0.0136216 2.33838e-05 0.00303406
-0.00822913 -0.0109423 -0.00395127 -0.015729 0.000268835 0.0758143
-0.00395127 -0.015729 0.00387979 -0.0232092 9.91622e-05 0.0189314
-0.00395127 -0.015729 -0.00300402 -0.016789 0.000268 0.0747998
-0.00300402 -0.016789 0.00387531 -0.023239 0.000143123 0.0416639
0.00438304 -0.0198564 0.0051786 -0.0145562 8.66189e-05 0.0314423
0.00438304 -0.0198564 0.0017112 -0.0136216 0.000110667 0.0200822
0.00387979 -0.0232092 0.00438304 -0.0198564 8.72051e-05 0.0413126
0.00387979 -0.0232092 0.00581157 -0.0250544 9.87399e-05 0.0252974
0.00387531 -0.023239 0.00387979 -0.0232092 8.76836e-05 0.0481649
0.00387531 -0.023239 0.00581157 -0.0250544 0.000147469 0.05834
0.00741981 -0.0269428 0.0078269 -0.0269794 0.000102693 0.075575
0.00741981 -0.0269428 0.00716424 -0.0263465 0.00010989 0.00961269
0.00239031 -0.00964781 0.00544276 -0.0127963 0.000250916 0.0184088
0.00239031 -0.00964781 0.00578474 -0.0105179 2.38388e-05 0.00275324
-0.00397527 -0.000351996 -0.00358144 -0.00127101 0.000113227 0.00252873
-0.00358144 -0.00127101 -0.00243879 -0.00112928 9.84001e-05 0.0675074
-0.0202296 -0.0380054 -0.0167256 -0.0367587 0.000305323 0.306091
-0.0202296 -0.0380054 -0.0166847 -0.0372934 0.000122356 0.0497454
-0.0207753 -0.0381995 -0.0202296 -0.0380054 0.000303305 0.299971
-0.0207753 -0.0381995 -0.0162276 -0.043272 5.06699e-05 0.00409973
-0.0208395 -0.0381279 -0.0202296 -0.0380054 0.000133916 0.0639255
-0.0208395 -0.0381279 -0.0207753 -0.0381995 5.7064e-05 0.0111268
0.00337395 -0.0265792 0.00340241 -0.0263896 9.45696e-05 0.00284989
0.00337395 -0.0265792 0.0045319 -0.0266833 0.000106691 0.0192593
0.00273943 -0.0308065 0.0028938 -0.0297781 9.21379e-05 0.00402881
0.00273943 -0.0308065 0.00846053 -0.0293714 0.000104384 0.0386045
0.00233931 -0.0334722 0.00273943 -0.0308065 8.85288e-05 0.00317998
0.00233931 -0.0334722 0.00959347 -0.0320152 0.000118709 0.0490893
-0.0102404 -0.0340624 -0.00984838 -0.0343117 3.21488e-05 0.00397936
-0.0102404 -0.0340624 -0.00653594 -0.0331332 0.000106444 0.0401113
-0.0172736 -0.0295896 -0.0102404 -0.0340624 2.97606e-05 0.00286532
-0.0176482 -0.0246896 -0.0172736 -0.0295896 7.82851e-05 0.0028544
-0.0261544 -0.0187042 -0.0237386 -0.0241422 0.000363367 0.000425278
-0.0237386 -0.0241422 -0.0176482 -0.0246896 0.000111936 0.0442472
-0.0419703 -0.0225035 -0.0385093 -0.0184192 0.00026757 0.218693
-0.0385093 -0.0184192 -0.0342233 -0.0231998 5.1021e-05 0.00253531
-0.0364765 -0.0160203 -0.0261544 -0.0187042 5.17871e-05 0.00732903
-0.0372237 -0.016902 -0.0364765 -0.0160203 0.000267028 0.219822
-0.0346169 0.0135625 -0.0304004 0.00953495 0.00011704 0.0490739
-0.0357353 0.0138996 -0.0346169 0.0135625 0.00029411 0.434296
-0.0267553 0.0111722 -0.023382 0.00980732 0.000102916 0.0545934
-0.0267553 0.0111722 -0.023557 0.00955423 3.7924e-05 0.00679976
-0.0286934 0.0119564 -0.0280045 0.0116777 9.74203e-05 0.0514407
-0.0290135 0.0123146 -0.0286934 0.0119564 0.00028794 0.283687
-0.0268552 0.0112228 -0.0267553 0.0111722 3.87649e-05 0.00694451
-0.0269532 0.0112523 -0.0268552 0.0112228 0.000286047 0.4544
-0.0278717 0.011737 -0.0268552 0.0112228 3.65541e-05 0.00641924
-0.0278717 0.011737 -0.0277797 0.0118787 7.30357e-05 0.0260927
-0.0279142 0.0117585 -0.0278717 0.011737 3.62692e-05 0.006253
-0.0279142 0.0117585 -0.0277797 0.0118787 0.000190084 0.210917
-0.0290135 0.0123146 -0.0279142 0.0117585 3.73652e-05 0.00723327
-0.0355598 0.0196396 -0.0290135 0.0123146 0.000288108 0.283951
-0.0206601 0.0137445 -0.0205842 0.0137145 0.000133134 0.0953615
-0.0206601 0.0137445 -0.0205938 0.0138404 5.65608e-05 0.0166074
-0.025363 0.0156052 -0.0241497 0.0151252 0.0001344 0.104508
-0.025363 0.0156052 -0.0223923 0.0201861 7.24459e-05 0.0261656
-0.0355598 0.0196396 -0.025363 0.0156052 0.000135585 0.104158
-0.0423835 0.0272751 -0.0355598 0.0196396 0.00029489 0.299662
-0.0357353 0.0138996 -0.0307483 0.00922386 0.000172175 0.107446
-0.05 0.0181997 -0.0357353 0.0138996 0.000302954 0.452762
-0.0246774 0.0479573 -0.0231368 0.0471047 0.000104469 0.0200579
-0.00974227 0.0396923 -0.00466419 0.0368821 0.00010275 0.031453
-0.00466419 0.0368821 -0.00126987 0.0417919 5.10528e-05 0.015088
-0.00167286 0.0352268 0.00419724 0.0319783 0.000103637 0.0434581
-7.21369e-06 0.0270167 0.00419724 0.0319783 0.000288969 0.38378
0.00419724 0.0319783 0.00544336 0.0312887 0.000140857 0.294561
0.00498158 0.0329039 0.00544336 0.0312887 2.63513e-05 0.00688366
0.00770911 0.0300349 0.0113219 0.0263719 0.000686016 0.0615072
0.0115525 0.027908 0.0113219 0.0263719 0.000119603 0.016159
-0.0103577 0.0497353 -0.00346 0.0493795 3.09266e-05 0.00012269
-0.00346 0.0493795 -0.00330532 0.049618 6.2024e-05 0.000347674
-0.00309095 0.0493605 0.000327051 0.0491842 3.09437e-05 0.00135892
-0.0316015 0.0494632 -0.0313319 0.0492653 5.20825e-05 0.00966545
-0.0224412 0.042739 -0.0124993 0.035441 5.07076e-05 0.00641752
-0.0124993 0.035441 -0.00974227 0.0396923 6.73121e-05 0.0255368
-0.000396682 0.0265571 0.00367248 0.0235701 8.32543e-05 0.0278154
0.00367248 0.0235701 0.00794775 0.022529 0.000170718 0.165188
0.00794775 0.022529 0.00740212 0.0244375 2.42124e-05 5.89403e-05
0.00794775 0.022529 0.0106464 0.0218719 0.000169926 0.165788
0.015165 0.0274268 0.0175072 0.0246126 3.17685e-05 0.0037941
0.0115525 0.027908 0.0175072 0.0246126 0.000139275 0.0525009
0.0218346 0.0194136 0.0243782 0.0185281 0.000281232 0.640544
0.0181373 0.0238556 0.0218346 0.0194136 3.08726e-05 0.00449046
0.0221123 0.0190799 0.0243782 0.0185281 0.000208383 0.370342
0.0218346 0.0194136 0.0221123 0.0190799 3.85306e-05 0.00653245
0.0232593 0.00919225 0.0256937 0.00740522 7.85532e-05 0.0137678
0.0256937 0.00740522 0.0282438 0.00878432 0.000586673 0.421206
0.0256937 0.00740522 0.0272691 0.00624878 6.9997e-05 0.0220433
0.0282438 0.00878432 0.0272691 0.00624878 9.03335e-05 0.0157193
0.0272691 0.00624878 0.0315732 0.00308933 6.62056e-05 0.0461751
0.0315732 0.00308933 0.0338746 0.00337478 0.000119273 0.154291
0.0311627 -0.00190211 0.0325092 0.000717867 3.58578e-05 0.0264746
0.0325092 0.000717867 0.0345057 9.88431e-06 0.000142015 0.202376
0.0330199 -0.00300032 0.0345057 9.88431e-06 8.07408e-05 0.151248
0.0345057 9.88431e-06 0.0369482 -0.000856241 0.000141211 0.268754
0.0299248 0.00969347 0.0343745 0.00434743 3.51534e-05 0.0147304
0.0343745 0.00434743 0.0338746 0.00337478 3.85765e-05 0.0019986
0.0350615 0.00352199 0.0358009 0.00263369 3.34887e-05 0.00753517
0.0348415 0.000690202 0.0358009 0.00263369 8.29107e-05 0.036837
-0.0353736 0.0457372 -0.0235794 0.0352221 0.000155282 0.0324645
-0.0235794 0.0352221 -0.0221915 0.034739 0.000217271 0.22565
-0.0221915 0.034739 -0.0228246 0.0430204 8.20476e-05 0.0215634
-0.0221915 0.034739 -0.0184557 0.0334386 0.000216952 0.223852
-0.0146557 0.0321158 -0.00925826 0.030237 0.000217306 0.220193
-0.0146557 0.0321158 -0.0124993 0.035441 7.00764e-05 0.0265722
0.0225854 -0.0059362 0.0253428 -0.00839457 0.000165313 0.123318
0.0253428 -0.00839457 0.0275068 -0.0090161 7.32454e-05 0.0360848
0.0207342 -0.0221945 0.0222895 -0.0191682 3.37356e-05 0.014312
0.0247164 -0.0198224 0.0222895 -0.0191682 2.29373e-05 0.000975877
0.0245446 -0.01478 0.0267548 -0.0104793 3.34968e-05 0.0163251
0.0267548 -0.0104793 0.0284509 -0.0111656 8.63891e-05 0.0578099
0.0297981 -0.00952739 0.0298551 -0.00969057 0.000295065 0.201819
0.0298551 -0.00969057 0.0428417 -0.0134206 7.40489e-05 0.068408
0.0298551 -0.00969057 0.0306862 -0.0120701 0.000294647 0.194966
0.0306862 -0.0120701 0.0421297 -0.0167004 9.67912e-05 0.134342
0.0312384 -0.0136508 0.0365775 -0.0184109 0.000165932 0.325925
0.0365775 -0.0184109 0.0414853 -0.0196689 2.55344e-05 0.0103711
0.0401368 -0.0258803 0.0405268 -0.0240839 7.86636e-05 0.0593618
0.0405268 -0.0240839 0.0439864 -0.0250164 2.43665e-05 0.0123374
0.0405268 -0.0240839 0.0407652 -0.0229858 7.8656e-05 0.0586756
0.0407652 -0.0229858 0.0429468 -0.0240894 3.38169e-05 0.020812
0.0456829 -0.0254736 0.05 -0.0276576 3.35183e-05 0.0205959
0.0456829 -0.0254736 0.05 -0.0266372 2.39996e-05 0.0114255
0.0446821 -0.0249673 0.0456829 -0.0254736 3.36665e-05 0.0204984
0.0446821 -0.0249673 0.05 -0.0238991 0.000118816 0.283617
0.0352305 -0.0226563 0.0405268 -0.0240839 2.30914e-05 0.010662
0.0352305 -0.0226563 0.0384951 -0.0218374 9.99386e-05 0.225706
0.0325395 -0.0173759 0.0331542 -0.0191354 0.000266432 0.0745558
0.0331542 -0.0191354 0.0384951 -0.0218374 3.18618e-05 0.0166759
0.00784604 -0.0152752 0.0179489 -0.0179983 2.23475e-05 0.00282387
0.00784604 -0.0152752 0.0158301 -0.0235104 0.000240245 0.0111473
0.00689861 -0.00309706 0.00699088 -0.00248235 8.72218e-05 0.0485279
0.00689861 -0.00309706 0.0124523 -0.00469219 6.80574e-05 0.030644
0.00544276 -0.0127963 0.00578474 -0.0105179 8.79871e-05 0.0527327
0.00544276 -0.0127963 0.00784604 -0.0152752 0.000241891 0.011181
0.0234044 -0.0224804 0.0217653 -0.025801 7.37138e-05 0.0476435
0.0207342 -0.0221945 0.0196669 -0.0184613 2.17093e-05 0.00454212
0.0199569 -0.023707 0.0207342 -0.0221945 3.37712e-05 0.0124427
0.0150887 -0.0254391 0.0170303 -0.0247483 0.000299962 0.331466
0.0150887 -0.0254391 0.0158301 -0.0235104 7.15686e-05 0.0185066
0.00866106 -0.0277261 0.0101681 -0.0271899 0.000300764 0.336985
0.00866106 -0.0277261 0.0087066 -0.0277688 0.000147883 0.0595227
0.00863331 -0.0277497 0.00994201 -0.0289998 0.000103607 0.0295007
0.00863331 -0.0277497 0.0087066 -0.0277688 5.11734e-05 0.00961023
0.0141232 -0.0279509 0.0153135 -0.0276524 0.000105044 0.0512119
0.0141232 -0.0279509 0.0142739 -0.0275589 7.12559e-05 0.00806249
0.0100032 -0.0289844 0.0117229 -0.0285531 0.000106498 0.0488643
0.0100032 -0.0289844 0.012593 -0.0314127 0.000146296 0.0566326
0.00994201 -0.0289998 0.0100032 -0.0289844 0.000113142 0.041656
0.00994201 -0.0289998 0.0124898 -0.0314334 0.00010152 0.0268276
0.00846053 -0.0293714 0.00959347 -0.0320152 0.000113046 0.0167979
0.00959347 -0.0320152 0.0124898 -0.0314334 0.000118324 0.0529039
0.0136947 -0.0290658 0.0141232 -0.0279509 7.09896e-05 0.0108684
0.0136947 -0.0290658 0.0167894 -0.0298705 4.94233e-05 0.0115054
0.0127397 -0.0315502 0.0128093 -0.0313692 6.88342e-05 0.0149439
0.0127397 -0.0315502 0.01489 -0.0335663 0.000141256 0.0427039
0.0127054 -0.0316394 0.0127397 -0.0315502 7.00384e-05 0.0108656
0.0127054 -0.0316394 0.014835 -0.0336735 9.89164e-05 0.0205278
-0.0194662 -0.000909324 -0.0196786 0.00186924 8.11782e-05 0.010889
-0.0194662 -0.000909324 -0.0173055 -0.00297324 0.000105569 0.0162746
-0.0194296 -0.00138849 -0.0194662 -0.000909324 8.44708e-05 0.010824
-0.0194296 -0.00138849 -0.0176886 -0.00302077 0.000153206 0.034476
-0.0173055 -0.00297324 -0.015546 -0.00275501 0.000107532 0.0504345
-0.0173055 -0.00297324 -0.0149788 -0.00519563 0.00010743 0.0145483
-0.0176886 -0.00302077 -0.0173055 -0.00297324 0.000108639 0.0484922
-0.0176886 -0.00302077 -0.0155158 -0.00505798 0.00014921 0.0303276
-0.0149788 -0.00519563 -0.0128852 -0.00573227 2.51843e-05 0.00228064
-0.0149788 -0.00519563 -0.0092509 -0.0106669 0.000104379 0.0149175
-0.0155158 -0.00505798 -0.0149788 -0.00519563 2.62294e-05 0.00196939
-0.0155158 -0.00505798 -0.00964767 -0.0105599 0.000147361 0.0305929
-0.0364765 -0.0160203 -0.0304868 -0.00895197 0.000265165 0.221417
-0.0323158 -0.00483502 -0.0304868 -0.00895197 0.000370216 0.00490792
-0.0215804 -0.00350347 -0.0192896 -0.00321934 0.000109599 0.0438531
-0.0215804 -0.00350347 -0.0192217 -0.00410808 2.67001e-05 0.0021299
-0.0132999 0.0243908 -0.0125871 0.0254219 6.62217e-05 0.0217889
-0.0135945 0.024565 -0.0132999 0.0243908 0.000323736 0.487761
-0.0140892 0.0232492 -0.0132999 0.0243908 5.75708e-05 0.018404
-0.0143597 0.0238806 -0.0140892 0.0232492 0.000124115 0.0100526
-0.0110535 0.0161654 -0.00963023 0.0156607 0.000142964 0.116176
-0.0140892 0.0232492 -0.0110535 0.0161654 0.000114757 0.0100439
-0.0231712 0.0101122 -0.0206601 0.0137445 5.92287e-05 0.0179609
-0.0268552 0.0112228 -0.0231712 0.0101122 0.000286163 0.454096
-0.023382 0.00980732 -0.0231712 0.0101122 6.30073e-05 0.0220797
-0.023382 0.00980732 -0.0201866 0.00851437 0.000101099 0.0526503
-0.023557 0.00955423 -0.023382 0.00980732 5.70646e-05 0.0191984
-0.023557 0.00955423 -0.0201337 0.00782243 3.44617e-05 0.00566042
-0.0282489 0.0114591 -0.0281347 0.0113313 0.000290771 0.223084
-0.0281347 0.0113313 -0.0279844 0.0115631 7.27457e-05 0.0261555
-0.0217903 0.00131067 -0.0194662 -0.000909324 0.000105974 0.015926
-0.0220197 0.00104 -0.0217903 0.00131067 0.000252938 0.239889
-0.0265237 0.00526295 -0.0262868 0.00560566 5.00116e-05 0.00798218
-0.0265237 0.00526295 -0.0220197 0.00104 0.000135208 0.054634
-0.0251044 -0.00260018 -0.0215804 -0.00350347 2.4327e-05 0.00170469
-0.0263736 -0.00409799 -0.0251044 -0.00260018 0.000259717 0.225914
0.027312 0.0025608 0.0325092 0.000717867 0.000142532 0.1967
0.027312 0.0025608 0.0315732 0.00308933 0.00011903 0.146072
0.0297346 -0.00965597 0.0298551 -0.00969057 7.19947e-05 0.041143
0.0288998 -0.0113472 0.0297346 -0.00965597 7.97662e-05 0.0294665
0.0380694 -0.0354037 0.0392844 -0.029807 7.57716e-05 0.0850908
0.0392844 -0.029807 0.0441759 -0.0302466 0.00011258 0.271238
-0.0168058 -0.0357093 -0.0102404 -0.0340624 0.000107677 0.040048
-0.0172736 -0.0295896 -0.0168058 -0.0357093 7.36729e-05 0.00317014
-0.0363896 -0.0406218 -0.0341654 -0.0400639 0.000123087 0.0469349
-0.0363896 -0.0406218 -0.035836 -0.0411401 0.000113882 0.0376065
0.0120432 0.0311774 0.0119076 0.030274 8.40647e-05 0.00125638
0.00664838 0.0348709 0.0119076 0.030274 0.000222613 0.23086
-0.00580815 0.0457587 -0.00126987 0.0417919 0.00016906 0.0110869
-0.00126987 0.0417919 0.000762129 0.0447311 4.99383e-05 0.00247037
0.00425806 0.0405309 0.0103954 0.0460197 0.000163896 0.0862415
0.00203864 0.0431975 0.00425806 0.0405309 2.6388e-05 0.00105577
0.00309769 0.0394932 0.00425806 0.0405309 0.000163981 0.0862457
0.00203864 0.0431975 0.00309769 0.0394932 2.13905e-05 3.17321e-05
0.00223883 0.0387251 0.00367658 0.0374684 0.000180602 0.0795507
0.00309769 0.0394932 0.00367658 0.0374684 2.13905e-05 0.000209075
0.00419724 0.0319783 0.00498158 0.0329039 0.000271263 0.27248
0.00367658 0.0374684 0.00498158 0.0329039 2.13905e-05 1.50871e-05
0.00781914 0.0362525 0.0120432 0.0311774 2.72821e-05 0.00307022
0.0131062 0.0382591 0.0120432 0.0311774 8.40161e-05 0.00104857
0.0120593 0.0412562 0.0131062 0.0382591 0.000272401 0.175174
0.0131062 0.0382591 0.0142945 0.0461761 8.55797e-05 0.0036679
0.0313775 0.0169369 0.0317427 0.0167348 0.000103136 0.111724
0.0317427 0.0167348 0.0397398 0.0147875 0.000127151 0.20806
0.0358009 0.00263369 0.0363161 0.00367761 8.33765e-05 0.036635
0.0363161 0.00367761 0.0415878 0.00433147 0.000116112 0.187762
0.0045319 -0.0266833 0.00765677 -0.0274958 5.20018e-05 0.0186568
0.0045319 -0.0266833 0.00595249 -0.026811 0.00010286 0.0124003
0.0028938 -0.0297781 0.00787526 -0.0280057 0.00030329 0.318534
0.00337395 -0.0265792 0.0028938 -0.0297781 9.15969e-05 0.020549
-0.00984838 -0.0343117 -0.00653594 -0.0331332 0.000304498 0.309376
-0.00984838 -0.0343117 -0.00792624 -0.0355342 3.27203e-05 0.0030281
-0.00792624 -0.0355342 0.00233931 -0.0334722 0.000119732 0.0510261
-0.00792624 -0.0355342 0.00116224 -0.0413141 3.02134e-05 0.00315945
0.0313377 0.0168335 0.0317427 0.0167348 0.000133846 0.23311
0.0313377 0.0168335 0.0313775 0.0169369 7.14781e-05 0.0479115
-0.00592698 0.0200308 0.00904148 0.0111793 0.000299202 0.511121
0.00904148 0.0111793 0.00978205 0.0161131 9.46454e-05 0.000545194
-0.0158391 0.0283212 -0.0126117 0.0254439 0.00028259 0.250149
-0.0126117 0.0254439 -0.0125074 0.0255371 0.000306172 0.526673
-0.00774825 0.0211078 -0.0061909 0.0197194 0.000193606 0.138208
-0.00963023 0.0156607 -0.0061909 0.0197194 0.000264956 0.410135
-0.0217903 0.00131067 -0.0205196 0.00281026 0.000251666 0.245417
-0.0228853 0.00545744 -0.0205196 0.00281026 0.000289042 0.218454
-0.0205196 0.00281026 -0.0198142 0.00364269 0.000258636 0.389541
-0.0198142 0.00364269 -0.0198871 0.00459629 8.56497e-05 0.012327
-0.00416004 7.91886e-05 -0.00070239 -0.000913913 7.15968e-05 0.029316
-0.00517119 0.00243874 -0.00416004 7.91886e-05 0.0001095 0.000927277
-0.00570439 0.000522754 -0.00416004 7.91886e-05 7.22677e-05 0.0313468
-0.00570439 0.000522754 -0.00397527 -0.000351996 3.48224e-05 0.00608427
-0.017431 0.00645512 -0.0168351 0.00715826 0.000256908 0.393782
-0.0168351 0.00715826 -0.00517119 0.00243874 9.66125e-05 0.0490097
-0.0231712 0.0101122 -0.0202413 0.009229 0.000285676 0.456016
-0.0202413 0.009229 -0.0205842 0.0137145 8.67071e-05 0.009927
-0.0161305 0.00798981 -0.0136158 0.0109574 0.000271288 0.427264
-0.0136158 0.0109574 -0.00784293 0.00867334 0.000141328 0.108563
-0.0135945 0.024565 -0.0126117 0.0254439 0.000323995 0.612897
-0.0150123 0.0254034 -0.0135945 0.024565 0.00041256 0.752054
-0.0143597 0.0238806 -0.0135945 0.024565 0.000193374 0.238987
-0.0150123 0.0254034 -0.0143597 0.0238806 0.000173764 0.0130939
-0.0212174 0.0219977 -0.0217839 0.0294078 8.73779e-05 0.0155155
-0.0212174 0.0219977 -0.017901 0.0271116 7.31711e-05 0.0304576
0.0408212 0.0128043 0.047993 0.0103078 0.000279081 1.03549
0.0403972 0.0119455 0.0408212 0.0128043 9.87696e-05 0.139815
0.00371968 0.0490092 0.00945447 0.0487133 3.09628e-05 0.00486623
0.0117214 0.0485964 0.0124794 0.0478835 7.21898e-05 0.000278547
0.0124794 0.0478835 0.0131918 0.0485206 0.000161201 0.00836474
0.0145618 0.0497459 0.0148086 0.049601 3.56763e-05 0.0326178
0.0148086 0.049601 0.0146352 0.0484461 8.30702e-05 0.00909994
0.0131918 0.0485206 0.0146352 0.0484461 3.09266e-05 0.00620879
-0.0061909 0.0197194 -0.00592698 0.0200308 0.000269818 0.421588
-0.00774825 0.0211078 -0.00592698 0.0200308 0.000366845 0.639494
-0.00642169 0.0309798 -0.00193877 0.027689 5.24769e-05 0.0103556
-0.00193877 0.027689 -7.21369e-06 0.0270167 0.000282227 0.395875
-0.0401716 0.0409978 -0.0235794 0.0352221 0.000220869 0.255613
-0.0401716 0.0409978 -0.0353736 0.0457372 7.04298e-05 0.0520731
0.0144284 -0.000138394 0.0141243 0.000925088 2.19473e-05 0.000382551
0.0144284 -0.000138394 0.017402 -0.00131493 0.000131521 0.0997829
0.00749381 0.000868339 0.00929331 0.000325885 0.00026981 0.441057
0.00929331 0.000325885 0.0123094 0.00069998 0.000107622 0.0855654
0.0225854 -0.0059362 0.0233622 -0.00391516 7.38858e-05 0.0190973
0.0187637 -0.00252893 0.0225854 -0.0059362 0.00016776 0.117929
0.0216353 -0.00840786 0.0267548 -0.0104793 8.66665e-05 0.0551758
0.0216353 -0.00840786 0.0220085 -0.00743691 6.689e-05 0.0341773
0.0267349 -0.015888 0.0331542 -0.0191354 3.17571e-05 0.0148241
0.0267349 -0.015888 0.0325395 -0.0173759 2.30497e-05 0.00920181
0.0200584 -0.0125104 0.0245446 -0.01478 3.18839e-05 0.00322909
0.0200584 -0.0125104 0.0216353 -0.00840786 6.66211e-05 0.0461993
0.026667 -0.0158706 0.0267349 -0.015888 2.31598e-05 0.00957578
0.0247164 -0.0198224 0.026667 -0.0158706 7.37142e-05 0.0975499
0.0242964 -0.0152629 0.026667 -0.0158706 2.29688e-05 0.00290284
0.0222895 -0.0191682 0.0242964 -0.0152629 3.36223e-05 0.0157022
0.0197 -0.0299852 0.0205122 -0.0283397 7.85907e-05 0.0161462
0.0205122 -0.0283397 0.021715 -0.0295804 0.000263282 0.258908
0.0205122 -0.0283397 0.0206162 -0.028129 8.08988e-05 0.0758737
0.0206162 -0.028129 0.0224787 -0.0282964 0.00010993 0.173176
0.0206162 -0.028129 0.0216341 -0.0260669 7.94139e-05 0.0357823
0.0216341 -0.0260669 0.0218274 -0.0260184 0.00010435 0.169982
0.0217653 -0.025801 0.0218274 -0.0260184 2.17783e-05 0.0118225
0.0218274 -0.0260184 0.0344522 -0.0228515 0.000104104 0.17229
0.0263675 -0.0286459 0.0392844 -0.029807 0.000116528 0.23661
0.0263675 -0.0286459 0.0358135 -0.0267486 0.000121043 0.217465
0.0361102 -0.0444284 0.0369058 -0.045249 0.000251531 0.139717
0.0358697 -0.0455362 0.0361102 -0.0444284 7.53089e-05 0.0201677
0.0380694 -0.0354037 0.0446417 -0.0371126 4.96159e-05 0.0688268
0.0361102 -0.0444284 0.0380694 -0.0354037 7.70207e-05 0.107041
-0.0107736 0.0270877 -0.00179886 0.0249024 0.000253976 0.350256
-0.0107736 0.0270877 -0.0078143 0.0297343 0.000252668 0.36333
-0.00925826 0.030237 -0.0079627 0.0321109 5.45834e-05 0.0145587
-0.00925826 0.030237 -0.0078143 0.0297343 0.000217711 0.220967
-0.0169423 0.0285899 -0.0163121 0.0284364 0.00021537 0.273194
-0.0169423 0.0285899 -0.0166485 0.0290429 0.000124453 0.0974544
-0.0201866 0.00851437 -0.0202413 0.009229 8.77456e-05 0.0150742
-0.0201866 0.00851437 -0.0168351 0.00715826 9.83893e-05 0.0506154
-0.0201337 0.00782243 -0.0201866 0.00851437 8.08055e-05 0.012126
-0.0201337 0.00782243 -0.017431 0.00645512 3.45194e-05 0.00578191
-0.0297207 0.0088857 -0.0281347 0.0113313 7.25418e-05 0.0184572
-0.0297207 0.0088857 -0.0275275 0.00679075 0.000103726 0.031902
-0.0299729 0.00849686 -0.0297207 0.0088857 6.36866e-05 0.0133148
-0.0299729 0.00849686 -0.0284296 0.00704984 0.000135625 0.0557036
-0.0280045 0.0116777 -0.0279142 0.0117585 0.000189747 0.211063
-0.0280045 0.0116777 -0.0279297 0.0116474 9.80973e-05 0.0496685
-0.0280952 0.0115966 -0.0280045 0.0116777 0.000189906 0.210153
-0.0284738 0.0117107 -0.0280952 0.0115966 0.00027595 0.422097
-0.0282489 0.0114591 -0.0280952 0.0115966 0.000211723 0.255795
-0.0284738 0.0117107 -0.0282489 0.0114591 0.000308573 0.286328
-0.0419703 -0.0225035 -0.0342233 -0.0231998 0.000120087 0.0419148
-0.0480626 -0.0296929 -0.0419703 -0.0225035 0.000274581 0.216432
-0.0341654 -0.0400639 -0.0332804 -0.0406268 0.000137282 0.0609614
-0.0341654 -0.0400639 -0.0218692 -0.0369794 0.000113079 0.0423546
-0.0104318 0.0147147 -0.00784293 0.00867334 0.000123477 0.0115384
-0.00784293 0.00867334 0.00773991 0.00250792 0.000138304 0.10831
0.0123094 0.00069998 0.0144284 -0.000138394 0.000131731 0.0996512
0.0123094 0.00069998 0.0141243 0.000925088 0.000110364 0.0930004
0.00837422 0.00673381 0.0138625 0.00184068 0.000171046 0.104115
0.0138625 0.00184068 0.0121161 0.00794934 2.25683e-05 0.00108287
0.0257784 0.00237058 0.027312 0.0025608 9.57358e-05 0.101161
0.0257784 0.00237058 0.0260267 0.00301657 6.64515e-05 0.0272917
0.0256477 0.00235438 0.0257784 0.00237058 9.50966e-05 0.0972584
0.0253302 0.00326358 0.0256477 0.00235438 0.000268488 0.0325348
0.0242566 0.00218183 0.0256477 0.00235438 9.25934e-05 0.0208767
0.0203295 0.00450413 0.0242566 0.00218183 0.000237403 0.0697089
0.023443 -0.00370508 0.0259314 -0.00468961 0.000132213 0.0986235
0.023443 -0.00370508 0.0254374 0.00148353 7.49285e-05 0.0309997
0.0256477 0.00235438 0.025707 0.00218477 0.000260655 0.00544512
0.025707 0.00218477 0.0257784 0.00237058 6.83607e-05 0.0329045
0.0242566 0.00218183 0.0254374 0.00148353 0.0002509 0.0992065
0.0254374 0.00148353 0.025707 0.00218477 6.8163e-05 0.00782759
0.026667 -0.0158706 0.0266737 -0.015857 7.3678e-05 0.0954927
0.0266737 -0.015857 0.0267349 -0.015888 3.17801e-05 0.0145089
0.0270459 -0.00991294 0.0284509 -0.0111656 0.00016272 0.124349
0.0284509 -0.0111656 0.0288998 -0.0113472 9.35902e-05 0.0624248
0.0485758 -0.0193087 0.05 -0.0189514 0.000107605 0.225551
0.0485758 -0.0193087 0.05 -0.0198849 9.38358e-05 0.16393
0.044282 -0.0203858 0.0485758 -0.0193087 0.000106963 0.21838
0.044282 -0.0203858 0.05 -0.0218515 2.48977e-05 0.0118778
0.0414853 -0.0196689 0.0421297 -0.0167004 7.98829e-05 0.0174803
0.0421297 -0.0167004 0.0485758 -0.0193087 9.46909e-05 0.172081
0.0189592 -0.0267379 0.0202784 -0.0280986 0.000264884 0.31138
0.0189592 -0.0267379 0.0216341 -0.0260669 0.000107571 0.106981
0.0167894 -0.0298705 0.0178138 -0.0278771 3.5478e-05 0.00324782
0.0178138 -0.0278771 0.0202784 -0.0280986 0.000107132 0.0587699
0.0178138 -0.0278771 0.0183164 -0.0268991 3.62805e-05 0.00150802
0.0183164 -0.0268991 0.0189592 -0.0267379 0.000104141 0.0491017
0.0199569 -0.023707 0.0210549 -0.0233163 0.000276924 0.0405973
0.0199569 -0.023707 0.0185933 -0.0263604 3.36703e-05 0.00338382
0.00581157 -0.0250544 0.00716424 -0.0263465 0.000103847 0.0283025
0.00581157 -0.0250544 0.00714719 -0.0263067 0.000144574 0.0564559
0.0101681 -0.0271899 0.0142739 -0.0275589 0.000107696 0.05156
0.0101681 -0.0271899 0.0150887 -0.0254391 0.000299898 0.335365
0.0078269 -0.0269794 0.00786874 -0.0269832 0.000102745 0.0683177
0.0078269 -0.0269794 0.00862282 -0.0277397 9.7811e-05 0.0346393
0.00716424 -0.0263465 0.00714719 -0.0263067 0.000117471 0.0114847
0.00716424 -0.0263465 0.0078269 -0.0269794 0.00010017 0.0264186
0.00578474 -0.0105179 0.018314 -0.0137295 2.31193e-05 0.0032412
0.00578474 -0.0105179 0.00651414 -0.00565849 8.77877e-05 0.0527464
-0.00416004 7.91886e-05 -0.00397527 -0.000351996 0.000116811 0.00229396
-0.00397527 -0.000351996 -0.00243879 -0.00112928 3.43448e-05 0.00563433
0.00737671 8.81628e-05 0.00929331 0.000325885 9.96186e-05 0.0794925
0.00737671 8.81628e-05 0.00749381 0.000868339 9.11474e-05 0.0429898
-0.00070239 -0.000913913 0.00221908 -0.000551554 9.94278e-05 0.0714192
-0.00070239 -0.000913913 0.00689861 -0.00309706 6.81806e-05 0.0251363
-0.00243879 -0.00112928 -0.00070239 -0.000913913 9.85694e-05 0.068134
-0.00243879 -0.00112928 0.00651414 -0.00565849 3.18697e-05 0.00377543
-0.00653594 -0.0331332 0.00273943 -0.0308065 0.000106007 0.0388598
-0.00653594 -0.0331332 0.0028938 -0.0297781 0.000304145 0.310229
-0.0176482 -0.0246896 -0.0179426 -0.0208395 8.19445e-05 0.006381
-0.0176482 -0.0246896 0.00337395 -0.0265792 0.000109074 0.0385658
-0.0304868 -0.00895197 -0.0261544 -0.0187042 0.000367811 0.000170265
-0.0261544 -0.0187042 -0.0179426 -0.0208395 4.58797e-05 0.00626607
-0.0342233 -0.0231998 -0.0218692 -0.0369794 5.23847e-05 0.00620304
-0.0342233 -0.0231998 -0.0261849 -0.0239223 0.000116455 0.0415423
-0.0280952 0.0115966 -0.0279844 0.0115631 0.00028689 0.455666
-0.0279844 0.0115631 -0.0279297 0.0116474 7.70865e-05 0.028638
-0.0279844 0.0115631 -0.0269532 0.0112523 0.000287539 0.453576
-0.0269532 0.0112523 -0.0267553 0.0111722 0.000103309 0.0542761
-0.0277797 0.0118787 -0.025363 0.0156052 7.2631e-05 0.0250466
-0.0277797 0.0118787 -0.0241497 0.0151252 0.000189758 0.211736
-0.0205842 0.0137145 -0.0136158 0.0109574 0.000132961 0.095959
-0.0205842 0.0137145 -0.0205938 0.0138404 8.46765e-05 0.00942003
-0.0205938 0.0138404 -0.0174246 0.0184246 5.64338e-05 0.0169653
-0.0205938 0.0138404 -0.0209133 0.0180196 8.22975e-05 0.00947251
-0.0241497 0.0151252 -0.0206601 0.0137445 0.000133216 0.0943683
-0.0241497 0.0151252 -0.0209133 0.0180196 0.000189867 0.21938
-0.0231368 0.0471047 -0.00974227 0.0396923 0.000102824 0.0334848
-0.00974227 0.0396923 -0.00580815 0.0457587 6.55697e-05 0.0294374
-0.00466419 0.0368821 -0.00167286 0.0352268 0.000102323 0.0313066
-0.00167286 0.0352268 0.00223883 0.0387251 0.000171961 0.151151
0.0282438 0.00878432 0.0299248 0.00969347 0.000585634 0.415503
0.0282438 0.00878432 0.0290139 0.0107879 9.1257e-05 0.0258337
0.0338746 0.00337478 0.0350615 0.00352199 0.000118559 0.159059
0.0331377 0.0019409 0.0338746 0.00337478 4.10549e-05 0.00920806
0.0299248 0.00969347 0.0290139 0.0107879 3.58018e-05 0.00390906
0.0299248 0.00969347 0.0333401 0.0115405 0.00058458 0.415127
0.0343745 0.00434743 0.0350615 0.00352199 3.24199e-05 0.0146849
0.0350615 0.00352199 0.0363161 0.00367761 0.00011994 0.159092
-0.0367862 0.0469967 -0.0353736 0.0457372 0.000219142 0.00885063
-0.0353736 0.0457372 -0.0321437 0.0489277 7.65174e-05 0.00739564
0.0247164 -0.0198224 0.034296 -0.0224044 2.26583e-05 0.00981887
0.0234044 -0.0224804 0.0247164 -0.0198224 7.38272e-05 0.100717
0.0242964 -0.0152629 0.0245446 -0.01478 3.35395e-05 0.0156572
0.0245446 -0.01478 0.0266737 -0.015857 3.15504e-05 0.00257531
0.0414853 -0.0196689 0.044282 -0.0203858 2.52958e-05 0.0126943
0.0411596 -0.021169 0.0414853 -0.0196689 8.04697e-05 0.0180524
0.0384951 -0.0218374 0.0399979 -0.0214604 9.98537e-05 0.225073
0.0384951 -0.0218374 0.0407652 -0.0229858 3.27913e-05 0.018716
0.0312384 -0.0136508 0.0325395 -0.0173759 0.000266553 0.0746382
0.0325395 -0.0173759 0.0365775 -0.0184109 2.32587e-05 0.0104511
0.00699088 -0.00248235 0.00737671 8.81628e-05 8.74285e-05 0.04231
0.00699088 -0.00248235 0.0124523 -0.00469219 8.82297e-05 0.0452812
0.0124523 -0.00469219 0.0160235 -0.00571791 6.81683e-05 0.0309467
0.0124523 -0.00469219 0.0161591 -0.00619204 8.76491e-05 0.0453068
0.0087066 -0.0277688 0.0100032 -0.0289844 0.000147095 0.0596622
0.0087066 -0.0277688 0.0117229 -0.0285531 5.04981e-05 0.0102605
0.0153135 -0.0276524 0.0183164 -0.0268991 0.000104472 0.0487653
0.0153135 -0.0276524 0.0178138 -0.0278771 0.000107581 0.0579623
0.0142739 -0.0275589 0.0150887 -0.0254391 7.03812e-05 0.00250917
0.0142739 -0.0275589 0.0153135 -0.0276524 0.000107293 0.0554622
0.0117229 -0.0285531 0.0141232 -0.0279509 0.000105547 0.049101
0.0117229 -0.0285531 0.0136947 -0.0290658 5.09093e-05 0.0105993
0.012593 -0.0314127 0.0127397 -0.0315502 0.000141172 0.0446252
0.012593 -0.0314127 0.0128093 -0.0313692 0.000122195 0.0718768
0.0124898 -0.0314334 0.0127054 -0.0316394 9.93626e-05 0.0219966
0.0124898 -0.0314334 0.012593 -0.0314127 0.00011891 0.0571664
0.0194191 -0.0305542 0.0234218 -0.031595 4.78471e-05 0.0109244
0.0169698 -0.0355163 0.0194191 -0.0305542 7.69116e-05 0.0227834
0.0167894 -0.0298705 0.0183068 -0.030265 4.88834e-05 0.011676
0.0163886 -0.0306503 0.0167894 -0.0298705 3.58543e-05 0.00327303
0.0128093 -0.0313692 0.0136947 -0.0290658 7.10195e-05 0.0112727
0.0128093 -0.0313692 0.0163886 -0.0306503 0.000121494 0.0741685
0.0169698 -0.0355163 0.0273164 -0.0452172 0.000139484 0.0386057
0.0169039 -0.0356497 0.0169698 -0.0355163 7.63347e-05 0.015053
0.01489 -0.0335663 0.0169698 -0.0355163 0.000140833 0.0425195
0.014835 -0.0336735 0.01489 -0.0335663 3.46201e-05 0.00340225
0.0169039 -0.0356497 0.0274652 -0.0457378 9.51831e-05 0.018073
0.0138245 -0.0418884 0.0169039 -0.0356497 7.36404e-05 0.0118685
0.014835 -0.0336735 0.0169039 -0.0356497 9.79791e-05 0.0203648
0.0123643 -0.038481 0.014835 -0.0336735 3.37115e-05 0.00244968
-0.0125074 0.0255371 -0.0113401 0.0272257 9.33646e-05 0.0424436
-0.0125074 0.0255371 -0.0107736 0.0270877 0.000306963 0.530728
-0.0125871 0.0254219 -0.0125074 0.0255371 0.000105727 0.0531964
-0.0126117 0.0254439 -0.0125871 0.0254219 0.000310688 0.347655
-0.0251044 -0.00260018 -0.0220197 0.00104 0.000258765 0.226735
-0.0220197 0.00104 -0.0194296 -0.00138849 0.00015472 0.0347792
0.0288249 -0.011499 0.0288998 -0.0113472 7.7586e-05 0.0364059
0.0288998 -0.0113472 0.0306862 -0.0120701 9.24804e-05 0.068301
-0.00580815 0.0457587 -0.0103577 0.0497353 0.000161947 2.34297e-05
-0.00580815 0.0457587 -0.00346 0.0493795 6.31635e-05 0.000824055
0.000762129 0.0447311 0.00135499 0.0455887 4.91365e-05 0.00232168
-0.00309095 0.0493605 0.000762129 0.0447311 2.63086e-05 0.00052434
0.000762129 0.0447311 0.00203864 0.0431975 2.68383e-05 0.000860011
0.00135499 0.0455887 0.00203864 0.0431975 2.14255e-05 0.000254707
0.0198986 0.0232893 0.0313775 0.0169369 0.000101909 0.0942358
0.0313775 0.0169369 0.0350957 0.0266099 6.72184e-05 0.0223953
-0.0125871 0.0254219 -0.00774825 0.0211078 0.000304252 0.341265
-0.0132999 0.0243908 -0.00774825 0.0211078 0.000323017 0.487659
-0.00517119 0.00243874 -0.00627716 0.00501956 0.000111949 0.00120301
-0.00517119 0.00243874 0.00221908 -0.000551554 9.4843e-05 0.0474336
-0.0191786 0.00439278 -0.017431 0.00645512 0.000256824 0.393842
-0.017431 0.00645512 -0.00570439 0.000522754 3.37628e-05 0.00538838
-0.017901 0.0271116 -0.0150123 0.0254034 0.000414028 0.749478
-0.0163121 0.0284364 -0.0150123 0.0254034 0.000178752 0.0125194
-0.0217839 0.0294078 -0.021812 0.0297757 0.000127803 0.0361705
-0.0228218 0.0300215 -0.0217839 0.0294078 0.000423838 0.75131
-0.017901 0.0271116 -0.0169423 0.0285899 0.000109342 0.0648456
-0.0217839 0.0294078 -0.017901 0.0271116 0.000417224 0.755389
0.0131918 0.0485206 0.0145618 0.0497459 0.000161201 0.00721884
0.0117214 0.0485964 0.0131918 0.0485206 3.09266e-05 0.00023599
-0.0079627 0.0321109 -0.00642169 0.0309798 5.52576e-05 0.00943494
-0.00642169 0.0309798 -0.00167286 0.0352268 0.000172588 0.158137
0.0141243 0.000925088 0.0138625 0.00184068 2.45526e-05 0.000474013
0.0141243 0.000925088 0.0147961 0.00100841 0.000109998 0.0932801
0.0194191 -0.0305542 0.0197 -0.0299852 7.74134e-05 0.0228931
0.0197 -0.0299852 0.021715 -0.0295804 0.000120535 0.0795362
0.021715 -0.0295804 0.0233188 -0.0312346 0.000253333 0.169838
0.021715 -0.0295804 0.0227844 -0.0293656 0.000127613 0.27213
-0.0078143 0.0297343 -0.00642169 0.0309798 0.000172684 0.158178
-0.0078143 0.0297343 -0.00193877 0.027689 0.000283266 0.397486
-0.0279297 0.0116474 -0.0269532 0.0112523 0.000100124 0.0516
-0.0279297 0.0116474 -0.0278717 0.011737 7.3204e-05 0.0261401
-0.0346169 0.0135625 -0.0284738 0.0117107 0.000291406 0.429432
-0.0286934 0.0119564 -0.0284738 0.0117107 0.000285591 0.279041
-0.0218692 -0.0369794 -0.0168058 -0.0357093 0.000109644 0.0420389
-0.0218692 -0.0369794 -0.0208395 -0.0381279 5.45868e-05 0.00925226
0.00786874 -0.0269832 0.00866106 -0.0277261 0.000143078 0.0727722
0.00786874 -0.0269832 0.0101681 -0.0271899 0.000103929 0.0459453
0.00714719 -0.0263067 0.00786874 -0.0269832 0.000145026 0.0563203
0.00714719 -0.0263067 0.00438304 -0.0198564 0.000112956 0.0118919
0.00651414 -0.00565849 0.00689861 -0.00309706 8.76101e-05 0.0525561
0.00651414 -0.00565849 0.0176116 -0.0112726 3.18731e-05 0.00459161
0.00221908 -0.000551554 0.00737671 8.81628e-05 0.000102007 0.0797812
0.00221908 -0.000551554 0.00699088 -0.00248235 8.87848e-05 0.0389881
-0.0209133 0.0180196 -0.0210423 0.0197074 8.41434e-05 0.00773434
-0.0209133 0.0180196 -0.0195985 0.0191954 0.0001891 0.220951
0.0290139 0.0107879 0.0303184 0.0141817 8.81607e-05 0.0286456
0.0221123 0.0190799 0.0290139 0.0107879 2.8754e-05 0.000972528
0.0183068 -0.030265 0.0194191 -0.0305542 5.03513e-05 0.0107768
0.0183068 -0.030265 0.0197 -0.0299852 0.000120871 0.0751516
0.01489 -0.0335663 0.0163886 -0.0306503 3.47458e-05 0.0046569
0.0163886 -0.0306503 0.0183068 -0.030265 0.000121437 0.0745696
0.00135499 0.0455887 0.00371968 0.0490092 4.89928e-05 0.00225493
0.000327051 0.0491842 0.00135499 0.0455887 2.13905e-05 8.66295e-05
