# time=800000
x1 y1 x2 y2 aperture velocity
0.0443843 -0.00631477 0.05 -0.010437 5.44178e-05 0.0855404
0.0440694 -0.0250904 0.05 -0.0303778 0.000166119 0.436578
-0.05 0.000316541 -0.04286 -0.00160796 2.22582e-05 0.00227151
-0.05 -0.0312056 -0.04959 -0.0314953 0.000365644 0.391205
0.0474957 0.00801726 0.05 0.0066314 0.000205473 0.624009
0.0458809 0.000579001 0.05 -0.00302134 0.000246618 0.937591
-0.05 0.0299759 -0.0423835 0.0272751 0.000129534 0.077709
-0.05 -0.0125039 -0.0445168 -0.0139297 4.557e-05 0.00885734
0.0450408 -0.0429945 0.05 -0.0416201 0.000100216 0.26791
0.0477065 0.0302897 0.05 0.0347524 3.30357e-05 0.00786289
-0.05 -0.043985 -0.0489825 -0.0437807 0.000111544 0.0427898
-0.05 0.0229315 -0.0399407 0.0178426 3.11145e-05 0.00416533
-0.05 0.0272741 -0.046455 0.0239504 0.000136554 0.0656451
-0.05 -0.00702845 -0.0488496 -0.00688577 9.4142e-05 0.0414795
0.0497351 -0.0141077 0.05 -0.014426 3.16708e-05 0.0198864
0.0490599 0.0294953 0.05 0.0313998 7.46032e-05 0.037148
-0.05 0.025353 -0.046455 0.0239504 0.000117012 0.0614389
-0.05 0.0444191 -0.0461801 0.0430894 0.0010596 12.9617
-0.05 0.0366396 -0.0456549 0.0355815 0.000119209 0.0945066
-0.05 0.0132453 -0.0320246 0.00808241 6.46759e-05 0.0192122
-0.05 0.00378124 -0.039767 0.00115824 2.26532e-05 0.00236534
0.0487448 0.0137711 0.05 0.0195529 8.07425e-05 0.0207795
-0.05 -0.0286948 -0.0496576 -0.0281995 4.88291e-05 0.00519848
-0.05 -0.027879 -0.0496576 -0.0281995 0.00010176 0.0289818
-0.05 -0.00799343 -0.0488104 -0.00692954 0.000172285 0.104337
-0.05 -0.00560268 -0.0488496 -0.00688577 4.70573e-05 0.00697134
0.0487448 0.0137711 0.05 0.0125904 0.000115634 0.146329
-0.05 -0.0440359 -0.0489825 -0.0437807 9.59352e-05 0.0313143
-0.05 -0.0299924 -0.048906 -0.0306882 0.000110426 0.0386367
-0.05 0.0415005 -0.0461801 0.0430894 3.30736e-05 0.0123555
0.0453562 -0.0476437 0.05 -0.044689 8.5361e-05 0.180617
-0.05 -0.00877678 -0.043752 -0.0127503 2.93384e-05 0.00322307
-0.05 0.0282563 -0.0448113 0.0233 9.34728e-05 0.0305861
-0.05 0.0205776 -0.0374354 0.0154937 8.40817e-05 0.031626
0.0490599 0.0294953 0.05 0.0289434 3.66287e-05 0.0174478
0.0429283 0.0469867 0.05 0.046622 3.09266e-05 0.0228666
-0.05 0.0312895 -0.0478601 0.0334032 7.043e-05 0.0174692
-0.05 -0.0223847 -0.0496305 -0.0218149 6.2024e-05 0.00849874
-0.05 -0.0217817 -0.0496305 -0.0218149 9.89772e-05 0.039616
-0.0228246 0.0430204 -0.0224412 0.042739 8.17419e-05 0.0186719
-0.0224412 0.042739 -0.0228816 0.0437668 0.000164489 0.0164122
0.0101839 0.0187903 0.0232593 0.00919225 9.8667e-05 0.0492483
0.019591 0.0196938 0.0232593 0.00919225 0.000533095 0.479895
0.0348415 0.000690202 0.0369482 -0.000856241 5.48946e-05 0.0363111
0.0369482 -0.000856241 0.0394415 -0.00174035 0.000146108 0.311835
0.0369482 -0.000856241 0.0414656 -0.00417222 5.61461e-05 0.0106042
0.0414656 -0.00417222 0.0394415 -0.00174035 2.84577e-05 0.00506577
0.0414656 -0.00417222 0.0443843 -0.00631477 5.36461e-05 0.0116807
0.0441494 -0.00739678 0.0443843 -0.00631477 7.79903e-05 0.256648
-0.0166485 0.0290429 -0.0165246 0.0289324 0.00148929 6.3493
-0.0166024 0.029114 -0.0165246 0.0289324 0.000331874 0.0381591
0.0429468 -0.0240894 0.0439864 -0.0250164 0.000166254 0.397245
0.0439864 -0.0250164 0.0441792 -0.0250683 2.55781e-05 0.0129029
0.0439864 -0.0250164 0.0440694 -0.0250904 0.000166154 0.3975
0.0440694 -0.0250904 0.0441792 -0.0250683 0.00012302 0.315814
0.0017112 -0.0136216 -0.000285636 -0.00896189 0.000113553 0.021512
0.0017112 -0.0136216 0.0051786 -0.0145562 2.36098e-05 0.00178213
0.00765677 -0.0274958 0.00787526 -0.0280057 0.000117279 0.0526638
0.00787526 -0.0280057 0.00861096 -0.0277439 0.000313136 0.345368
0.0111578 -0.0356656 0.0123643 -0.038481 0.000108927 0.00839378
0.00850765 -0.0459855 0.0123643 -0.038481 3.30298e-05 0.000264857
0.0123643 -0.038481 0.0138245 -0.0418884 0.000107959 0.00778545
0.011015 -0.0475801 0.0138245 -0.0418884 7.20998e-05 0.000466225
-0.0189195 -0.00806083 -0.00964767 -0.0105599 2.23796e-05 0.00140075
-0.0189195 -0.00806083 -0.0192217 -0.00410808 7.41032e-05 0.00694973
-0.0313376 -0.00471369 -0.0277213 -0.00568841 2.25667e-05 0.00141046
-0.0313376 -0.00471369 -0.0263736 -0.00409799 9.53772e-05 0.030966
-0.0330937 -0.00424034 -0.0325101 -0.00439765 2.33896e-05 0.00211966
-0.0330937 -0.00424034 -0.032781 -0.00378792 5.10832e-05 0.0110856
-0.04286 -0.00160796 -0.0374684 -0.00306119 2.30653e-05 0.00243772
-0.04286 -0.00160796 -0.039767 0.00115824 0.000169485 0.102365
0.0241711 0.00658176 0.0253302 0.00326358 0.000324873 0.135261
0.0253302 0.00326358 0.0260267 0.00301657 0.0001652 0.234231
0.0284573 -0.00568901 0.0287646 -0.00656861 0.000315265 0.238122
0.0275068 -0.0090161 0.0287646 -0.00656861 3.97444e-05 0.00560152
0.0344522 -0.0228515 0.0358135 -0.0267486 0.000283448 0.0636052
0.0358135 -0.0267486 0.0401368 -0.0258803 0.000122817 0.378088
-0.0336307 -0.0427735 -0.0312417 -0.0419235 0.000310417 0.277801
-0.0359186 -0.0411567 -0.0355098 -0.0414455 0.000301434 0.271451
-0.0359186 -0.0411567 -0.035836 -0.0411401 0.000126508 0.0467462
-0.04959 -0.0314953 -0.0366005 -0.0406747 0.000307468 0.271454
-0.05 -0.0319792 -0.04959 -0.0314953 0.00024641 0.140647
-0.0339645 -0.0428923 -0.0336307 -0.0427735 0.00030885 0.0158789
0.0179605 0.0243618 0.0198986 0.0232893 0.000143602 0.15813
0.017648 0.0252564 0.0198986 0.0232893 0.000204256 0.263227
0.0354949 0.0146584 0.0387482 0.0128581 0.000568608 3.43234
0.0366047 0.00868707 0.0387482 0.0128581 5.23343e-05 0.0640217
0.0387482 0.0128581 0.0403972 0.0119455 0.000541829 3.34869
0.0381305 0.00735337 0.0403972 0.0119455 0.000123057 0.281091
0.0403972 0.0119455 0.0474957 0.00801726 0.000215397 0.618569
0.0468369 0.00498253 0.0474957 0.00801726 0.000128828 0.111692
-0.0179426 -0.0208395 -0.0189195 -0.00806083 7.5886e-05 0.006713
-0.0179426 -0.0208395 0.00340241 -0.0263896 4.97811e-05 0.00721864
-0.0162276 -0.043272 -0.0166847 -0.0372934 7.47549e-05 0.00276978
0.0257193 0.0182016 0.0259861 0.0179684 0.000232812 0.264409
0.0259861 0.0179684 0.031091 0.0161914 0.0010335 13.0031
0.0303184 0.0141817 0.0259861 0.0179684 0.000167425 0.0344032
0.0303184 0.0141817 0.031091 0.0161914 0.000120103 0.488493
0.0333401 0.0115405 0.0303184 0.0141817 0.000264756 0.227879
0.0381305 0.00735337 0.0415878 0.00433147 0.000261618 1.10989
0.0415878 0.00433147 0.0468369 0.00498253 0.0001597 0.5201
0.0415878 0.00433147 0.0458809 0.000579001 0.000248669 0.940585
0.0449531 -0.0036948 0.0458809 0.000579001 8.06725e-05 0.0373132
0.0121161 0.00794934 0.0180793 0.00583476 0.000167746 0.208989
0.0121161 0.00794934 0.0116303 0.00964834 2.3227e-05 0.000495848
-0.00963023 0.0156607 0.0036393 0.0109552 0.000173521 0.179754
-0.0104318 0.0147147 -0.00963023 0.0156607 0.000305673 0.509078
-0.0423835 0.0272751 -0.0223923 0.0201861 0.00016925 0.157359
-0.0478601 0.0334032 -0.0423835 0.0272751 0.000333068 0.36219
-0.0405122 -0.0149709 -0.0400859 -0.0150818 4.58829e-05 0.00801263
-0.0405122 -0.0149709 -0.0404352 -0.0148596 4.90397e-05 0.00711599
-0.0419318 -0.0146018 -0.0405122 -0.0149709 4.57849e-05 0.00851427
-0.0419318 -0.0146018 -0.0409862 -0.0156566 4.7475e-05 0.0058473
-0.0445168 -0.0139297 -0.0419318 -0.0146018 4.60085e-05 0.00852016
-0.0445168 -0.0139297 -0.043752 -0.0127503 6.22903e-05 0.00983066
0.0291917 -0.0473869 0.0295304 -0.047293 9.5794e-05 0.0183333
0.0358697 -0.0455362 0.0369058 -0.045249 9.77854e-05 0.0588818
0.0369058 -0.045249 0.0450408 -0.0429945 0.000100253 0.427449
0.0450408 -0.0429945 0.0453562 -0.0476437 0.000439887 0.035049
0.0390393 0.0134246 0.0397398 0.0147875 0.000158914 0.195063
0.0397398 0.0147875 0.041579 0.0143397 0.000168027 0.385609
0.0397398 0.0147875 0.0423221 0.0198124 3.8063e-05 0.00951785
0.0350957 0.0266099 0.0423221 0.0198124 7.67026e-05 0.0593684
0.0423221 0.0198124 0.0477065 0.0302897 3.40856e-05 0.0074708
0.0385714 0.0356521 0.0477065 0.0302897 3.58678e-05 0.0184923
-0.0489825 -0.0437807 -0.0359186 -0.0411567 0.000110674 0.0423111
-0.0489825 -0.0437807 -0.0366005 -0.0406747 9.67838e-05 0.0319718
-0.0399407 0.0178426 -0.0381487 0.0169361 3.19786e-05 0.00442573
-0.0399407 0.0178426 -0.0374354 0.0154937 0.000135523 0.0648721
-0.046455 0.0239504 -0.0399407 0.0178426 0.000135792 0.0648315
-0.046455 0.0239504 -0.0448113 0.0233 0.000117485 0.0625579
-0.0487472 -0.00687306 -0.0391701 -0.00568519 9.87421e-05 0.0456112
-0.0487472 -0.00687306 -0.04286 -0.00160796 0.000169806 0.102205
-0.0488496 -0.00688577 -0.0487472 -0.00687306 9.39636e-05 0.0413924
-0.0488496 -0.00688577 -0.0488104 -0.00692954 4.7817e-05 0.00718641
0.0441494 -0.00739678 0.0414656 -0.00417222 2.84302e-05 0.00616951
0.0437291 -0.00933319 0.0441494 -0.00739678 7.81122e-05 0.266276
0.0441494 -0.00739678 0.0497351 -0.0141077 2.80803e-05 0.0216501
0.0497351 -0.0141077 0.05 -0.0142125 0.000138031 0.549046
0.041579 0.0143397 0.0436595 0.0185545 8.96607e-05 0.0516273
0.0423221 0.0198124 0.0436595 0.0185545 7.67568e-05 0.0607288
0.0436595 0.0185545 0.0490599 0.0294953 7.52539e-05 0.0365732
0.0477065 0.0302897 0.0490599 0.0294953 3.60895e-05 0.0182372
0.0243782 0.0185281 0.0259861 0.0179684 0.00116369 11.4905
0.0243782 0.0185281 0.0257193 0.0182016 0.000166355 0.255204
-7.21369e-06 0.0270167 0.00740212 0.0244375 0.00133693 9.62547
-0.000396682 0.0265571 -7.21369e-06 0.0270167 0.00140785 9.01573
-0.0461801 0.0430894 -0.0431173 0.0420233 0.00105538 12.9554
-0.0461801 0.0430894 -0.0367862 0.0469967 0.000178594 0.345399
0.0160235 -0.00571791 0.0147674 -0.00132426 2.16178e-05 0.000580257
0.0160235 -0.00571791 0.0220085 -0.00743691 7.00174e-05 0.033432
0.018314 -0.0137295 0.0176116 -0.0112726 2.15428e-05 0.0019569
0.018314 -0.0137295 0.0194753 -0.0140272 2.31551e-05 0.00365611
0.0188582 -0.0156327 0.018314 -0.0137295 2.2345e-05 0.00222423
0.0188582 -0.0156327 0.0194753 -0.0140272 6.80181e-05 0.0457053
0.0233188 -0.0312346 0.0227844 -0.0293656 2.27802e-05 0.0032177
0.0233188 -0.0312346 0.0237512 -0.0316807 0.000257053 0.176831
0.0273164 -0.0452172 0.0274652 -0.0457378 2.1707e-05 0.000545126
0.0274652 -0.0457378 0.0291917 -0.0473869 9.48911e-05 0.0182605
0.0274652 -0.0457378 0.0280288 -0.0477092 2.15496e-05 0.00108886
0.0106464 0.0218719 0.0173765 0.0202331 0.000221952 0.251626
0.0106464 0.0218719 0.0108513 0.0232368 0.000549147 1.09476
-0.0228218 0.0300215 -0.021812 0.0297757 0.00122844 8.03646
-0.0406253 0.0405496 -0.0228218 0.0300215 0.00149297 8.51331
-0.0456549 0.0355815 -0.0228218 0.0300215 0.000128913 0.102106
-0.0456549 0.0355815 -0.0406253 0.0405496 7.36123e-05 0.0500757
-0.0228853 0.00545744 -0.0198871 0.00459629 7.91938e-05 0.033011
-0.024861 0.00766809 -0.0228853 0.00545744 0.000305979 0.233452
-0.0275275 0.00679075 -0.0258088 0.00629711 7.75772e-05 0.0255471
-0.0275275 0.00679075 -0.0262868 0.00560566 0.000101347 0.0288438
-0.0320246 0.00808241 -0.0305216 0.00765072 6.75849e-05 0.0190707
-0.0320246 0.00808241 -0.0307483 0.00922386 0.000168372 0.102721
-0.0128852 -0.00573227 -0.000285636 -0.00896189 2.39636e-05 0.0031735
-0.015546 -0.00275501 -0.0128852 -0.00573227 0.000289062 0.0837009
-0.0343629 -0.000226973 -0.0309279 -0.00110746 2.26532e-05 0.00109411
-0.039767 0.00115824 -0.0354497 5.1619e-05 2.34453e-05 0.00260485
-0.039767 0.00115824 -0.0320246 0.00808241 0.00016917 0.102511
0.0485023 0.0126538 0.0487448 0.0137711 0.00015712 0.0767592
0.0436595 0.0185545 0.0487448 0.0137711 8.5081e-05 0.0768446
-0.0496576 -0.0281995 -0.0455004 -0.0221862 4.93057e-05 0.00561251
-0.0496576 -0.0281995 -0.0480626 -0.0296929 0.000101577 0.0288086
0.00781914 0.0362525 0.0120593 0.0412562 0.000305472 0.266975
0.0103954 0.0460197 0.0120593 0.0412562 0.000273784 0.0476522
-0.00627716 0.00501956 0.00749381 0.000868339 0.000287886 0.487467
0.00749381 0.000868339 0.00773991 0.00250792 0.000102352 0.031121
0.0147674 -0.00132426 0.0187637 -0.00252893 0.000283564 0.49333
0.017402 -0.00131493 0.0187637 -0.00252893 0.000179908 0.12454
0.0259314 -0.00468961 0.0283644 -0.00542305 0.000284975 0.492593
0.0283644 -0.00542305 0.0260859 0.00110009 0.000310145 0.00641125
0.0283644 -0.00542305 0.0292206 -0.00568115 0.000284903 0.225167
0.0292206 -0.00568115 0.0290883 -0.00593867 4.10148e-05 0.0111667
0.0292206 -0.00568115 0.0313759 -0.00633085 0.000284766 0.22318
0.0313759 -0.00633085 0.0311641 -0.00675996 8.80039e-05 0.138264
0.0313759 -0.00633085 0.0435821 -0.0100104 0.000283717 0.176229
0.0435821 -0.0100104 0.0432496 -0.0115417 8.69892e-05 0.602874
0.0158301 -0.0235104 0.0179489 -0.0179983 6.85471e-05 0.0441076
0.0158301 -0.0235104 0.0170303 -0.0247483 0.000248898 0.00901439
0.00744961 -0.0453126 0.0111578 -0.0356656 6.46943e-05 0.000803822
0.00744961 -0.0453126 0.00850765 -0.0459855 2.93384e-05 0.00144394
-0.0488104 -0.00692954 -0.0487472 -0.00687306 0.000172046 0.104445
-0.0488104 -0.00692954 -0.0436847 -0.0126466 4.9302e-05 0.00710172
-0.00300402 -0.016789 0.00371497 -0.0243073 0.000281516 0.0786305
0.00371497 -0.0243073 0.00387531 -0.023239 0.000100262 0.0870955
0.00371497 -0.0243073 0.00595249 -0.026811 0.000269473 0.0511199
0.00595249 -0.026811 0.00741981 -0.0269428 0.000105379 0.142777
-0.00187863 -0.00524458 0.00239031 -0.00964781 0.000265342 0.0226654
-0.00187863 -0.00524458 -0.00358144 -0.00127101 0.000132848 0.0263725
-0.00550027 -0.00150901 -0.00187863 -0.00524458 0.000302411 0.0232895
-0.00550027 -0.00150901 -0.00358144 -0.00127101 9.29303e-05 0.0347709
0.0450408 -0.0429945 0.0446417 -0.0371126 0.000427309 0.00137283
0.0446417 -0.0371126 0.05 -0.0385058 4.79179e-05 0.0569146
0.0446417 -0.0371126 0.0441759 -0.0302466 0.000446455 0.00350765
0.0441759 -0.0302466 0.05 -0.0307701 0.000119155 0.332901
-0.0312417 -0.0419235 -0.0207753 -0.0381995 0.000309567 0.297079
-0.0332804 -0.0406268 -0.0312417 -0.0419235 0.000121849 0.0470427
-0.0332804 -0.0406268 -0.0208395 -0.0381279 0.000160585 0.0847944
-0.048906 -0.0306882 -0.0429602 -0.03447 0.000167246 0.0765409
-0.04959 -0.0314953 -0.048906 -0.0306882 0.000335545 0.280842
0.0203295 0.00450413 0.0209244 0.00482588 0.000557087 0.297849
0.0180793 0.00583476 0.0203295 0.00450413 0.000307511 0.599537
0.00116224 -0.0413141 0.00744961 -0.0453126 2.95323e-05 0.00319534
0.00116224 -0.0413141 0.00233931 -0.0334722 8.31211e-05 4.66604e-06
-0.0229115 -0.0260041 -0.0172736 -0.0295896 3.01712e-05 0.00314178
-0.0237386 -0.0241422 -0.0229115 -0.0260041 0.000360923 5.87369e-05
-0.0261849 -0.0239223 -0.0229115 -0.0260041 3.34092e-05 0.00220274
-0.0261849 -0.0239223 -0.0237386 -0.0241422 0.000126898 0.0501865
-0.0372237 -0.016902 -0.0261849 -0.0239223 3.17789e-05 0.0017763
-0.0385093 -0.0184192 -0.0372237 -0.016902 0.000301573 0.260871
-0.0400859 -0.0150818 -0.0372237 -0.016902 2.94782e-05 0.00276768
-0.0400859 -0.0150818 -0.0364765 -0.0160203 4.58407e-05 0.00796926
-0.0404352 -0.0148596 -0.0400859 -0.0150818 2.95165e-05 0.00268527
-0.0404352 -0.0148596 -0.0336164 -0.00499634 4.89485e-05 0.00730475
-0.043752 -0.0127503 -0.0433793 -0.0129873 2.94381e-05 0.00297068
-0.043752 -0.0127503 -0.0436847 -0.0126466 6.22352e-05 0.00995359
-0.0360532 0.0149344 -0.0346169 0.0135625 9.50435e-05 0.0317301
-0.0360532 0.0149344 -0.0286934 0.0119564 8.5678e-05 0.0336727
-0.0381487 0.0169361 -0.0360532 0.0149344 9.52993e-05 0.0319768
-0.0381487 0.0169361 -0.0290135 0.0123146 3.16324e-05 0.00440479
-0.0448113 0.0233 -0.0381487 0.0169361 9.56359e-05 0.0318413
-0.0448113 0.0233 -0.0355598 0.0196396 0.000116181 0.0616572
-0.0374354 0.0154937 -0.0360532 0.0149344 8.56797e-05 0.0333029
-0.0374354 0.0154937 -0.0357353 0.0138996 0.000134624 0.0638627
0.00544336 0.0312887 0.00770911 0.0300349 0.000148355 0.339506
0.0113219 0.0263719 0.0162766 0.0213483 0.00292863 1.76317
0.0162766 0.0213483 0.0193919 0.0202638 0.00119674 10.7668
0.0162766 0.0213483 0.0173765 0.0202331 0.00203201 0.314634
0.0173765 0.0202331 0.019591 0.0196938 0.000395961 1.7557
-0.00346 0.0493795 -0.00309095 0.0493605 3.25049e-05 0.00126227
-0.00330532 0.049618 -0.00309095 0.0493605 2.62861e-05 0.000855123
0.000327051 0.0491842 0.00371968 0.0490092 3.10318e-05 0.00143991
0.0169823 0.0483251 0.0429283 0.0469867 3.09266e-05 0.00911757
0.0260859 0.00110009 0.0311627 -0.00190211 0.000269514 0.143939
0.0292206 -0.00568115 0.0311627 -0.00190211 3.9338e-05 0.00352098
0.0311627 -0.00190211 0.0330199 -0.00300032 0.000268831 0.140588
0.0313759 -0.00633085 0.0330199 -0.00300032 8.7583e-05 0.0158387
0.0330199 -0.00300032 0.0437291 -0.00933319 0.000258625 0.0898749
0.0437291 -0.00933319 0.0435821 -0.0100104 7.83267e-05 0.0312086
-0.0478601 0.0334032 -0.0456549 0.0355815 9.66831e-05 0.0577446
-0.05 0.0357977 -0.0478601 0.0334032 0.000335876 0.37212
-0.0496305 -0.0218149 -0.0445168 -0.0139297 6.29204e-05 0.00954739
-0.0496305 -0.0218149 -0.0455004 -0.0221862 9.85093e-05 0.039057
-0.0313319 0.0492653 -0.0228246 0.0430204 8.41529e-05 0.0328522
-0.0228246 0.0430204 -0.0228816 0.0437668 0.000144675 0.056128
-0.0228816 0.0437668 -0.0246774 0.0479573 0.000196183 0.0454978
-0.0228816 0.0437668 -0.0231368 0.0471047 9.09617e-05 0.0208219
-0.0124993 0.035441 -0.0079627 0.0321109 8.37063e-05 0.0224705
-0.0079627 0.0321109 -0.00466419 0.0368821 6.55552e-05 0.0205548
0.00367248 0.0235701 0.00870661 0.0198747 0.000180592 0.146092
0.00794775 0.022529 0.00870661 0.0198747 5.07219e-05 0.00338531
0.00870661 0.0198747 0.0101839 0.0187903 0.000166547 0.159
0.0101839 0.0187903 0.0106464 0.0218719 0.000303396 0.0695316
0.0179605 0.0243618 0.0181373 0.0238556 0.000371267 0.241382
0.0175072 0.0246126 0.0181373 0.0238556 3.97464e-05 0.00409668
0.0181373 0.0238556 0.0193919 0.0202638 0.000370262 0.242028
0.0193919 0.0202638 0.0218346 0.0194136 0.000286089 0.669663
0.0193919 0.0202638 0.019591 0.0196938 0.0020981 6.09268
0.019591 0.0196938 0.0221123 0.0190799 0.00114689 11.5289
0.0315732 0.00308933 0.0331377 0.0019409 6.45238e-05 0.0365506
0.0325092 0.000717867 0.0331377 0.0019409 3.64143e-05 0.00700627
0.0331377 0.0019409 0.0348415 0.000690202 6.18988e-05 0.0351836
0.0345057 9.88431e-06 0.0348415 0.000690202 8.06186e-05 0.039555
0.0394415 -0.00174035 0.0449531 -0.0036948 0.000145824 0.315344
0.0358009 0.00263369 0.0394415 -0.00174035 3.0103e-05 0.00927194
-0.0235794 0.0352221 -0.0221296 0.0339296 0.00065616 1.1731
-0.0221296 0.0339296 -0.0221915 0.034739 0.00012445 0.0255935
-0.0221296 0.0339296 -0.0166485 0.0290429 0.0010514 3.01331
-0.0166485 0.0290429 -0.0166024 0.029114 0.000177046 0.150674
-0.0184557 0.0334386 -0.0224412 0.042739 0.000180422 0.010894
-0.0184557 0.0334386 -0.0146557 0.0321158 0.000378868 0.658236
-0.0184557 0.0334386 -0.0166024 0.029114 0.000137064 0.0041554
-0.0166024 0.029114 -0.0146557 0.0321158 0.000144169 0.101143
0.0253428 -0.00839457 0.0270459 -0.00991294 0.000171595 0.139671
0.0267548 -0.0104793 0.0270459 -0.00991294 3.49655e-05 0.0101303
0.0288249 -0.011499 0.0312384 -0.0136508 0.000160837 0.161711
0.0306862 -0.0120701 0.0312384 -0.0136508 0.000308764 0.208387
0.0365775 -0.0184109 0.0399979 -0.0214604 0.00017614 0.382574
0.0399979 -0.0214604 0.0411596 -0.021169 0.00011469 0.244386
0.0399979 -0.0214604 0.0409182 -0.0222809 0.000166879 0.381635
0.0407652 -0.0229858 0.0409182 -0.0222809 7.95887e-05 0.0625003
0.0409182 -0.0222809 0.0429468 -0.0240894 0.000166867 0.395865
0.0429468 -0.0240894 0.0446821 -0.0249673 3.54611e-05 0.0224092
0.0441792 -0.0250683 0.0456829 -0.0254736 2.50152e-05 0.0126554
0.0441792 -0.0250683 0.0446821 -0.0249673 0.000123045 0.315859
-0.000285636 -0.00896189 -0.00187863 -0.00524458 0.000112604 0.0219764
-0.000285636 -0.00896189 0.00239031 -0.00964781 2.38595e-05 0.00185136
0.034296 -0.0224044 0.0352305 -0.0226563 2.32193e-05 0.0106819
0.0331542 -0.0191354 0.034296 -0.0224044 0.000269146 0.0845534
0.0196669 -0.0184613 0.0222895 -0.0191682 2.2574e-05 0.00105903
0.0196669 -0.0184613 0.0188582 -0.0156327 2.15099e-05 0.00367076
0.0179489 -0.0179983 0.0196669 -0.0184613 2.25561e-05 0.000310338
0.0179489 -0.0179983 0.0188582 -0.0156327 6.83643e-05 0.045046
0.0051786 -0.0145562 0.00784604 -0.0152752 2.35278e-05 0.00166967
0.0051786 -0.0145562 0.00544276 -0.0127963 8.87999e-05 0.0329691
0.00741981 -0.0269428 0.00765677 -0.0274958 0.000113328 0.0472517
0.00765677 -0.0274958 0.00861096 -0.0277439 4.89596e-05 0.011851
0.0210549 -0.0233163 0.0234044 -0.0224804 0.000276864 0.0391428
0.0210549 -0.0233163 0.0207342 -0.0221945 2.1926e-05 0.00724303
0.00862282 -0.0277397 0.00866106 -0.0277261 0.000312273 0.348245
0.00862282 -0.0277397 0.00863331 -0.0277497 0.00010736 0.0312939
0.00861096 -0.0277439 0.00862282 -0.0277397 0.000312935 0.345723
0.00861096 -0.0277439 0.00863331 -0.0277497 5.29323e-05 0.0101705
0.00787526 -0.0280057 0.00846053 -0.0293714 0.000120546 0.0204572
0.00846053 -0.0293714 0.00994201 -0.0289998 0.00010808 0.0434337
0.00959347 -0.0320152 0.0111578 -0.0356656 0.000113146 0.0132256
0.0111578 -0.0356656 0.0127054 -0.0316394 7.12276e-05 0.00890252
0.00850765 -0.0459855 0.011015 -0.0475801 2.93384e-05 0.00114576
-0.0092509 -0.0106669 -0.00822913 -0.0109423 2.55846e-05 0.00278771
-0.0092509 -0.0106669 -0.00395127 -0.015729 0.00010787 0.017773
-0.00964767 -0.0105599 -0.0092509 -0.0106669 2.6541e-05 0.00147583
-0.00964767 -0.0105599 -0.00300402 -0.016789 0.000154063 0.035278
-0.0192896 -0.00321934 -0.0194296 -0.00138849 9.6234e-05 0.0120931
-0.0192896 -0.00321934 -0.0176886 -0.00302077 0.000117832 0.0494839
-0.0192217 -0.00410808 -0.0192896 -0.00321934 7.48358e-05 0.00737575
-0.0192217 -0.00410808 -0.0155158 -0.00505798 2.29194e-05 0.00147983
-0.0277213 -0.00568841 -0.0189195 -0.00806083 2.39117e-05 0.00154414
-0.0304868 -0.00895197 -0.0277213 -0.00568841 0.000294091 0.274212
-0.0263736 -0.00409799 -0.0215804 -0.00350347 0.000124738 0.051866
-0.0277213 -0.00568841 -0.0263736 -0.00409799 0.000293427 0.274816
-0.0325101 -0.00439765 -0.0313376 -0.00471369 2.28321e-05 0.00143481
-0.032781 -0.00378792 -0.0325101 -0.00439765 0.000374804 0.00116604
-0.0174246 0.0184246 -0.0140892 0.0232492 5.87392e-05 0.0176075
-0.0174246 0.0184246 -0.0110535 0.0161654 0.000152388 0.126735
-0.024861 0.00766809 -0.023557 0.00955423 6.05459e-05 0.0188333
-0.0281347 0.0113313 -0.024861 0.00766809 0.000307051 0.234087
-0.0258088 0.00629711 -0.024861 0.00766809 5.83409e-05 0.0119144
-0.0258088 0.00629711 -0.0228853 0.00545744 7.44088e-05 0.0240772
-0.0262868 0.00560566 -0.0258088 0.00629711 5.3489e-05 0.00943709
-0.0262868 0.00560566 -0.0217903 0.00131067 9.98212e-05 0.0280089
-0.0309279 -0.00110746 -0.0265237 0.00526295 4.88317e-05 0.00527631
-0.0309279 -0.00110746 -0.0251044 -0.00260018 2.26542e-05 0.00162938
-0.032781 -0.00378792 -0.0309279 -0.00110746 4.88342e-05 0.00552438
-0.0343629 -0.000226973 -0.032781 -0.00378792 0.000359496 0.0003909
-0.0374684 -0.00306119 -0.0330937 -0.00424034 2.31066e-05 0.00260624
-0.0374684 -0.00306119 -0.0354497 5.1619e-05 6.4833e-05 0.0116929
0.0232593 0.00919225 0.0241711 0.00658176 0.000527783 0.489932
0.0241711 0.00658176 0.0256937 0.00740522 0.000680856 0.581031
0.0260267 0.00301657 0.027312 0.0025608 0.000161037 0.251633
0.0260267 0.00301657 0.0272691 0.00624878 7.6619e-05 0.000403987
0.0283644 -0.00542305 0.0284573 -0.00568901 0.00031581 0.23507
0.0284573 -0.00568901 0.0290883 -0.00593867 0.000139124 0.106643
0.0270459 -0.00991294 0.0275068 -0.0090161 4.00809e-05 0.0069836
0.0275068 -0.0090161 0.0297346 -0.00965597 7.66109e-05 0.0422467
0.034296 -0.0224044 0.0344522 -0.0228515 0.000268878 0.0845403
0.0344522 -0.0228515 0.0352305 -0.0226563 0.000101745 0.240242
0.0401368 -0.0258803 0.0440694 -0.0250904 0.000123673 0.366522
0.0392844 -0.029807 0.0401368 -0.0258803 8.91911e-05 0.0454544
-0.0355098 -0.0414455 -0.0336307 -0.0427735 0.0003015 0.269751
-0.0355098 -0.0414455 -0.0339645 -0.0428923 0.00011532 0.0425269
-0.035836 -0.0411401 -0.0332804 -0.0406268 0.00012539 0.0466402
-0.035836 -0.0411401 -0.0355098 -0.0414455 0.0001164 0.0378808
-0.0366005 -0.0406747 -0.0359186 -0.0411567 0.00030448 0.272779
-0.0366005 -0.0406747 -0.0363896 -0.0406218 0.000111373 0.0314444
0.0115525 0.027908 0.00770911 0.0300349 0.000141044 0.00568178
0.0119076 0.030274 0.0115525 0.027908 0.000141184 0.111282
0.0175072 0.0246126 0.0179605 0.0243618 0.000154254 0.0741854
0.017648 0.0252564 0.0179605 0.0243618 0.000370884 0.272004
-0.00126987 0.0417919 0.00223883 0.0387251 0.000217754 0.0340974
0.00223883 0.0387251 0.00309769 0.0394932 0.00016971 0.0953113
0.00367658 0.0374684 0.00664838 0.0348709 0.000297304 0.238548
0.00498158 0.0329039 0.00664838 0.0348709 0.000289193 0.300776
0.0119076 0.030274 0.015165 0.0274268 0.000244011 0.248833
0.0120432 0.0311774 0.015165 0.0274268 2.63026e-05 0.00259432
0.015165 0.0274268 0.017648 0.0252564 0.000242833 0.24957
0.0131062 0.0382591 0.017648 0.0252564 0.000337986 0.278248
0.0317427 0.0167348 0.0354949 0.0146584 0.000340537 1.30152
0.0354949 0.0146584 0.0390393 0.0134246 0.000950229 12.1726
0.0366047 0.00868707 0.0343745 0.00434743 3.89127e-05 0.000954645
0.0333401 0.0115405 0.0366047 0.00868707 0.000263516 1.24454
0.0363161 0.00367761 0.0381305 0.00735337 8.60513e-05 0.00453917
0.0366047 0.00868707 0.0381305 0.00735337 0.000263207 1.23313
0.0458809 0.000579001 0.0468369 0.00498253 0.000106582 0.0532771
0.0468369 0.00498253 0.05 0.00537486 0.000155354 0.478578
0.00340241 -0.0263896 0.0045319 -0.0266833 5.04153e-05 0.00407436
0.00340241 -0.0263896 0.00371497 -0.0243073 8.94897e-05 0.00415722
-0.0168058 -0.0357093 -0.0167256 -0.0367587 8.94927e-05 0.00925102
-0.0167256 -0.0367587 -0.00984838 -0.0343117 0.000315784 0.319481
-0.0166847 -0.0372934 -0.0167256 -0.0367587 8.09698e-05 0.00240317
-0.0166847 -0.0372934 -0.00792624 -0.0355342 0.000123035 0.0504486
0.0198986 0.0232893 0.0257193 0.0182016 0.000216342 0.282196
0.0257193 0.0182016 0.0313377 0.0168335 0.000147491 0.284409
0.031091 0.0161914 0.0354949 0.0146584 0.000995429 13.1353
0.031091 0.0161914 0.0313377 0.0168335 0.000330918 1.27584
0.0443843 -0.00631477 0.0449531 -0.0036948 7.75746e-05 0.206096
0.0449531 -0.0036948 0.05 -0.00548444 0.000142371 0.414148
0.0209244 0.00482588 0.0253302 0.00326358 0.000161116 0.0469056
0.0209244 0.00482588 0.0241711 0.00658176 0.000553351 0.327032
0.0180793 0.00583476 0.0209244 0.00482588 0.000158207 0.142806
0.0116303 0.00964834 0.0180793 0.00583476 0.000305056 0.563503
0.00870661 0.0198747 0.00978205 0.0161131 2.98228e-05 0.00247381
0.0101839 0.0187903 0.00978205 0.0161131 0.000155731 0.00337863
0.00978205 0.0161131 0.0116303 0.00964834 2.71677e-05 0.00219623
0.00904148 0.0111793 0.0116303 0.00964834 0.000305778 0.561941
0.00873655 0.00914773 0.0121161 0.00794934 0.000168707 0.207718
0.00873655 0.00914773 0.00904148 0.0111793 0.00010892 0.0561156
0.0036393 0.0109552 0.00873655 0.00914773 0.000168769 0.197549
-0.0061909 0.0197194 0.0036393 0.0109552 0.000193896 0.156611
-0.0198142 0.00364269 -0.0191786 0.00439278 0.000277345 0.437814
-0.0191786 0.00439278 -0.00570439 0.000522754 7.93234e-05 0.0342159
-0.0168351 0.00715826 -0.0161305 0.00798981 0.000276776 0.440507
-0.0202413 0.009229 -0.0161305 0.00798981 0.000322119 0.555871
-0.0136158 0.0109574 -0.0104318 0.0147147 0.00030504 0.511054
-0.0110535 0.0161654 -0.0104318 0.0147147 0.0001276 0.0162391
-0.0195985 0.0191954 -0.0174246 0.0184246 0.000153024 0.126268
-0.0195985 0.0191954 -0.0143597 0.0238806 0.000207158 0.255582
-0.0210423 0.0197074 -0.0195985 0.0191954 0.000164865 0.152893
-0.0210423 0.0197074 -0.0212174 0.0219977 9.44093e-05 0.0125809
-0.0223923 0.0201861 -0.0210423 0.0197074 0.000165231 0.155734
-0.0223923 0.0201861 -0.0212174 0.0219977 8.30535e-05 0.0364585
-0.0409862 -0.0156566 -0.0385093 -0.0184192 4.73366e-05 0.00547054
-0.0409862 -0.0156566 -0.0405122 -0.0149709 4.92314e-05 0.0066377
0.0280288 -0.0477092 0.0291917 -0.0473869 9.38743e-05 0.000249957
0.0295304 -0.047293 0.0358697 -0.0455362 9.82188e-05 0.0746743
0.0387482 0.0128581 0.0390393 0.0134246 0.000200414 0.701507
0.0390393 0.0134246 0.0408212 0.0128043 0.000954279 12.2358
0.041579 0.0143397 0.0485023 0.0126538 0.000289851 1.18745
0.0408212 0.0128043 0.041579 0.0143397 0.00034052 0.83408
0.00945447 0.0487133 0.0117214 0.0485964 3.09266e-05 0.000900239
0.0124794 0.0478835 0.0142945 0.0461761 7.21898e-05 0.0263251
0.0146352 0.0484461 0.0142945 0.0461761 8.30702e-05 0.00822596
0.0142945 0.0461761 0.0350957 0.0266099 7.28449e-05 0.0416327
0.0350957 0.0266099 0.0385714 0.0356521 6.51595e-05 0.0103429
0.0148086 0.049601 0.0169823 0.0483251 3.56763e-05 0.0118166
0.0146352 0.0484461 0.0169823 0.0483251 3.09266e-05 0.00889068
0.0169823 0.0483251 0.0385714 0.0356521 3.56763e-05 0.0116199
0.0385714 0.0356521 0.0429283 0.0469867 6.4639e-05 0.00657825
-0.0323158 -0.00483502 -0.0313376 -0.00471369 9.5532e-05 0.0309062
-0.0325101 -0.00439765 -0.0323158 -0.00483502 0.000370984 0.00122338
-0.0336164 -0.00499634 -0.0323158 -0.00483502 9.67973e-05 0.0437754
-0.0336164 -0.00499634 -0.0330937 -0.00424034 5.13271e-05 0.0108255
-0.0391701 -0.00568519 -0.0336164 -0.00499634 9.7505e-05 0.0454892
-0.0391701 -0.00568519 -0.0374684 -0.00306119 6.56161e-05 0.0116142
0.0108513 0.0232368 0.0162766 0.0213483 0.00116689 7.16494
0.0108513 0.0232368 0.0113219 0.0263719 0.00082579 6.18683
0.00740212 0.0244375 0.0108513 0.0232368 0.00132671 9.69958
0.00740212 0.0244375 0.00544336 0.0312887 4.07577e-05 0.00193567
-0.00592698 0.0200308 -0.00179886 0.0249024 0.0012806 7.52477
-0.00179886 0.0249024 0.00367248 0.0235701 0.000470867 1.17071
-0.00179886 0.0249024 -0.000396682 0.0265571 0.00138575 9.23732
-0.00193877 0.027689 -0.000396682 0.0265571 9.56987e-05 0.035712
-0.0431173 0.0420233 -0.0401716 0.0409978 0.000192714 0.178489
-0.0321437 0.0489277 -0.0313319 0.0492653 7.91537e-05 0.0117399
-0.0321437 0.0489277 -0.0316015 0.0494632 0.000125841 0.0145846
-0.0367862 0.0469967 -0.0321437 0.0489277 3.30736e-05 0.000782496
0.0147674 -0.00132426 0.0144284 -0.000138394 2.2337e-05 8.2426e-06
0.00929331 0.000325885 0.0147674 -0.00132426 0.000284079 0.492392
0.0220085 -0.00743691 0.0253428 -0.00839457 6.92543e-05 0.0381067
0.0220085 -0.00743691 0.0225854 -0.0059362 6.88728e-05 0.0312389
0.0161591 -0.00619204 0.0160235 -0.00571791 2.24363e-05 0.00110913
0.0161591 -0.00619204 0.0216353 -0.00840786 9.0349e-05 0.0493588
0.0176116 -0.0112726 0.0161591 -0.00619204 2.16761e-05 0.0020343
0.0176116 -0.0112726 0.0200584 -0.0125104 3.15085e-05 0.0048963
0.0194753 -0.0140272 0.0242964 -0.0152629 2.36604e-05 0.00284066
0.0194753 -0.0140272 0.0200584 -0.0125104 6.80464e-05 0.0459428
0.0210549 -0.0233163 0.0217653 -0.025801 2.1701e-05 0.00612183
0.0217653 -0.025801 0.0216341 -0.0260669 7.3572e-05 0.0458711
0.0218274 -0.0260184 0.0224787 -0.0282964 2.40887e-05 0.00268022
0.0224787 -0.0282964 0.0263675 -0.0286459 0.000115028 0.190492
0.0227844 -0.0293656 0.0224787 -0.0282964 2.67983e-05 0.00309081
0.0227844 -0.0293656 0.0263675 -0.0286459 0.000135873 0.308125
0.0237512 -0.0316807 0.0361102 -0.0444284 0.000256414 0.172745
0.0237512 -0.0316807 0.0380694 -0.0354037 4.90568e-05 0.0349638
0.0234218 -0.031595 0.0233188 -0.0312346 2.13905e-05 4.37867e-05
0.0234218 -0.031595 0.0237512 -0.0316807 4.80668e-05 0.0115294
0.0273164 -0.0452172 0.0234218 -0.031595 2.14267e-05 0.000414826
0.0273164 -0.0452172 0.0295304 -0.047293 0.000139994 0.0398459
-0.0113401 0.0272257 -0.0107736 0.0270877 0.000402927 0.861302
-0.0113401 0.0272257 -0.00925826 0.030237 0.000132609 0.0846474
-0.0158391 0.0283212 -0.0113401 0.0272257 0.000392939 0.786015
-0.0165246 0.0289324 -0.0158391 0.0283212 0.00147776 6.3921
-0.0163121 0.0284364 -0.0158391 0.0283212 0.000607729 2.01951
-0.0165246 0.0289324 -0.0163121 0.0284364 0.000751783 0.0300636
-0.021812 0.0297757 -0.0169423 0.0285899 0.00111662 6.72392
-0.021812 0.0297757 -0.0221296 0.0339296 0.000995267 2.41305
-0.0431173 0.0420233 -0.0406253 0.0405496 0.00155097 8.79353
-0.0406253 0.0405496 -0.0401716 0.0409978 0.00051334 1.81566
-0.0198871 0.00459629 -0.0191786 0.00439278 7.99458e-05 0.0352799
-0.0198871 0.00459629 -0.0201337 0.00782243 8.58553e-05 0.0123724
-0.0284296 0.00704984 -0.0275275 0.00679075 6.67373e-05 0.0182671
-0.0284296 0.00704984 -0.0265237 0.00526295 0.000136315 0.0528908
-0.0305216 0.00765072 -0.0284296 0.00704984 6.66989e-05 0.0179186
-0.0305216 0.00765072 -0.0299729 0.00849686 6.5058e-05 0.0114911
-0.0304004 0.00953495 -0.0282489 0.0114591 0.000211771 0.184487
-0.0304004 0.00953495 -0.0297207 0.0088857 0.00011833 0.0392075
-0.0307483 0.00922386 -0.0304004 0.00953495 0.000208113 0.173227
-0.0307483 0.00922386 -0.0299729 0.00849686 0.000136324 0.0535462
-0.0205196 0.00281026 -0.0196786 0.00186924 0.000286081 0.0962268
-0.0196786 0.00186924 -0.0198142 0.00364269 8.40515e-05 0.0182632
-0.0196786 0.00186924 -0.015546 -0.00275501 0.00028523 0.0949009
-0.015546 -0.00275501 -0.00550027 -0.00150901 0.000108438 0.094748
-0.0354497 5.1619e-05 -0.0343629 -0.000226973 2.35946e-05 0.00700633
-0.0354497 5.1619e-05 -0.0305216 0.00765072 6.39774e-05 0.01022
0.0474957 0.00801726 0.047993 0.0103078 0.000155991 0.124428
0.047993 0.0103078 0.05 0.0096092 0.000968865 13.3814
0.047993 0.0103078 0.0485023 0.0126538 0.000367176 0.443356
0.0485023 0.0126538 0.05 0.0122891 0.000324155 1.52678
-0.0455004 -0.0221862 -0.0409862 -0.0156566 4.93108e-05 0.00624893
-0.0455004 -0.0221862 -0.0419703 -0.0225035 9.83674e-05 0.038794
-0.0429602 -0.03447 -0.0363896 -0.0406218 0.000156422 0.0660598
-0.0429602 -0.03447 -0.0341654 -0.0400639 0.000148549 0.0654074
-0.0480626 -0.0296929 -0.0429602 -0.03447 0.000146922 0.0493342
-0.048906 -0.0306882 -0.0480626 -0.0296929 0.000323408 0.264992
0.00664838 0.0348709 0.00781914 0.0362525 0.00030672 0.266134
0.00425806 0.0405309 0.00781914 0.0362525 2.66576e-05 0.00150976
0.00945447 0.0487133 0.0103954 0.0460197 0.000258214 0.000519273
0.0103954 0.0460197 0.0124794 0.0478835 0.000161201 0.0201763
-0.0161305 0.00798981 -0.00627716 0.00501956 0.000288519 0.474119
-0.00784293 0.00867334 -0.00627716 0.00501956 0.000145981 0.0235818
0.00837422 0.00673381 0.00873655 0.00914773 0.000113484 0.0688664
0.0036393 0.0109552 0.00837422 0.00673381 0.000194156 0.145331
0.00773991 0.00250792 0.00837422 0.00673381 0.000113919 0.0468196
0.00773991 0.00250792 0.0123094 0.00069998 0.000150806 0.130262
0.0138625 0.00184068 0.0147961 0.00100841 0.000190505 0.134998
0.0147961 0.00100841 0.0242566 0.00218183 0.000120717 0.118368
0.0147961 0.00100841 0.017402 -0.00131493 0.000192161 0.135436
0.017402 -0.00131493 0.023443 -0.00370508 0.000150245 0.129048
0.0187637 -0.00252893 0.0233622 -0.00391516 0.00028361 0.487667
0.0233622 -0.00391516 0.023443 -0.00370508 7.84719e-05 0.0274349
0.0233622 -0.00391516 0.0259314 -0.00468961 0.000283192 0.486553
0.0259314 -0.00468961 0.0284573 -0.00568901 0.000138342 0.113275
0.025707 0.00218477 0.0260859 0.00110009 0.000274247 0.0120498
0.0254374 0.00148353 0.0260859 0.00110009 0.000266105 0.125892
0.0287646 -0.00656861 0.0290883 -0.00593867 3.93127e-05 0.00328738
0.0290883 -0.00593867 0.0311641 -0.00675996 0.000139014 0.110952
0.0266737 -0.015857 0.0288249 -0.011499 7.3732e-05 0.0891123
0.0284509 -0.0111656 0.0288249 -0.011499 0.000165545 0.136015
0.0297346 -0.00965597 0.0297981 -0.00952739 8.37305e-05 0.0284952
0.0287646 -0.00656861 0.0297981 -0.00952739 0.000315391 0.238324
0.0297981 -0.00952739 0.0311641 -0.00675996 8.59963e-05 0.0163291
0.0311641 -0.00675996 0.0432496 -0.0115417 0.00013774 0.210511
0.0409182 -0.0222809 0.0411596 -0.021169 8.20967e-05 0.0317237
0.0411596 -0.021169 0.044282 -0.0203858 0.000113527 0.254642
0.0428417 -0.0134206 0.0421297 -0.0167004 7.95901e-05 0.0276652
0.0428417 -0.0134206 0.05 -0.0154766 7.343e-05 0.132184
0.0432496 -0.0115417 0.0428417 -0.0134206 7.727e-05 0.0728919
0.0432496 -0.0115417 0.0497351 -0.0141077 0.000138773 0.546266
0.0202784 -0.0280986 0.0205122 -0.0283397 0.000275937 0.30011
0.0202784 -0.0280986 0.0206162 -0.028129 0.000114674 0.154233
0.0185933 -0.0263604 0.0189592 -0.0267379 0.000276857 0.364667
0.0183164 -0.0268991 0.0185933 -0.0263604 3.67006e-05 0.00111838
0.0170303 -0.0247483 0.0185933 -0.0263604 0.000277041 0.363864
0.0170303 -0.0247483 0.0199569 -0.023707 0.00027718 0.0420497
-0.0433793 -0.0129873 -0.0419318 -0.0146018 4.72116e-05 0.00583386
-0.0433793 -0.0129873 -0.0404352 -0.0148596 2.94229e-05 0.00298581
-0.0436847 -0.0126466 -0.0433793 -0.0129873 4.72496e-05 0.00583764
-0.0436847 -0.0126466 -0.0391701 -0.00568519 6.30092e-05 0.0110105
-0.0128852 -0.00573227 -0.00822913 -0.0109423 0.000287461 0.084192
-0.00822913 -0.0109423 0.0017112 -0.0136216 2.41367e-05 0.00318612
-0.00822913 -0.0109423 -0.00395127 -0.015729 0.000285324 0.084803
-0.00395127 -0.015729 0.00387979 -0.0232092 0.000105029 0.0214205
-0.00395127 -0.015729 -0.00300402 -0.016789 0.000284009 0.0840245
-0.00300402 -0.016789 0.00387531 -0.023239 0.000151662 0.0472297
0.00438304 -0.0198564 0.0051786 -0.0145562 8.92502e-05 0.0327715
0.00438304 -0.0198564 0.0017112 -0.0136216 0.000115616 0.0208269
0.00387979 -0.0232092 0.00438304 -0.0198564 9.04419e-05 0.043473
0.00387979 -0.0232092 0.00581157 -0.0250544 0.000103047 0.0284028
0.00387531 -0.023239 0.00387979 -0.0232092 9.09244e-05 0.0506883
0.00387531 -0.023239 0.00581157 -0.0250544 0.000159878 0.0705945
0.00741981 -0.0269428 0.0078269 -0.0269794 0.000105991 0.0818348
0.00741981 -0.0269428 0.00716424 -0.0263465 0.000113432 0.0089652
0.00239031 -0.00964781 0.00544276 -0.0127963 0.000260812 0.0229619
0.00239031 -0.00964781 0.00578474 -0.0105179 2.45239e-05 0.0028343
-0.00397527 -0.000351996 -0.00358144 -0.00127101 0.000118614 0.00487938
-0.00358144 -0.00127101 -0.00243879 -0.00112928 0.000102653 0.0712453
-0.0202296 -0.0380054 -0.0167256 -0.0367587 0.00031606 0.315967
-0.0202296 -0.0380054 -0.0166847 -0.0372934 0.000124639 0.0496993
-0.0207753 -0.0381995 -0.0202296 -0.0380054 0.000309677 0.300076
-0.0207753 -0.0381995 -0.0162276 -0.043272 5.13661e-05 0.00403096
-0.0208395 -0.0381279 -0.0202296 -0.0380054 0.000155294 0.0845646
-0.0208395 -0.0381279 -0.0207753 -0.0381995 6.72688e-05 0.0173571
0.00337395 -0.0265792 0.00340241 -0.0263896 0.000101523 0.00214814
0.00337395 -0.0265792 0.0045319 -0.0266833 0.00011449 0.0215428
0.00273943 -0.0308065 0.0028938 -0.0297781 9.43002e-05 0.00408855
0.00273943 -0.0308065 0.00846053 -0.0293714 0.000107233 0.0397204
0.00233931 -0.0334722 0.00273943 -0.0308065 8.94925e-05 0.00303233
0.00233931 -0.0334722 0.00959347 -0.0320152 0.000120421 0.0493406
-0.0102404 -0.0340624 -0.00984838 -0.0343117 3.36838e-05 0.00471427
-0.0102404 -0.0340624 -0.00653594 -0.0331332 0.000111877 0.0435157
-0.0172736 -0.0295896 -0.0102404 -0.0340624 3.0531e-05 0.00308923
-0.0176482 -0.0246896 -0.0172736 -0.0295896 8.35202e-05 0.00407569
-0.0237386 -0.0241422 -0.0261544 -0.0187042 0.000365644 0.000357495
-0.0237386 -0.0241422 -0.0176482 -0.0246896 0.000123483 0.0503441
-0.0419703 -0.0225035 -0.0385093 -0.0184192 0.000302122 0.259999
-0.0385093 -0.0184192 -0.0342233 -0.0231998 5.52828e-05 0.00251133
-0.0364765 -0.0160203 -0.0261544 -0.0187042 5.75165e-05 0.00848045
-0.0372237 -0.016902 -0.0364765 -0.0160203 0.000300859 0.261574
-0.0346169 0.0135625 -0.0304004 0.00953495 0.000131594 0.0581911
-0.0357353 0.0138996 -0.0346169 0.0135625 0.000329993 0.515437
-0.0267553 0.0111722 -0.023382 0.00980732 0.000116393 0.0663085
-0.0267553 0.0111722 -0.023557 0.00955423 4.20974e-05 0.00793879
-0.0286934 0.0119564 -0.0280045 0.0116777 0.000104051 0.0553292
-0.0290135 0.0123146 -0.0286934 0.0119564 0.000307609 0.306317
-0.0268552 0.0112228 -0.0267553 0.0111722 4.29291e-05 0.00798454
-0.0269532 0.0112523 -0.0268552 0.0112228 0.000322598 0.550529
-0.0278717 0.011737 -0.0268552 0.0112228 3.83947e-05 0.00675643
-0.0278717 0.011737 -0.0277797 0.0118787 7.68577e-05 0.026926
-0.0279142 0.0117585 -0.0278717 0.011737 3.81908e-05 0.00642197
-0.0279142 0.0117585 -0.0277797 0.0118787 0.000201098 0.219705
-0.0290135 0.0123146 -0.0279142 0.0117585 3.95229e-05 0.0076258
-0.0355598 0.0196396 -0.0290135 0.0123146 0.000308129 0.306326
-0.0206601 0.0137445 -0.0205842 0.0137145 0.00014057 0.102031
-0.0206601 0.0137445 -0.0205938 0.0138404 5.92611e-05 0.0168397
-0.025363 0.0156052 -0.0241497 0.0151252 0.000144936 0.115005
-0.025363 0.0156052 -0.0223923 0.0201861 7.73012e-05 0.0275184
-0.0355598 0.0196396 -0.025363 0.0156052 0.000146925 0.114631
-0.0423835 0.0272751 -0.0355598 0.0196396 0.000318 0.327254
-0.0357353 0.0138996 -0.0307483 0.00922386 0.000197115 0.132181
-0.05 0.0181997 -0.0357353 0.0138996 0.000343661 0.545735
-0.0246774 0.0479573 -0.0231368 0.0471047 0.000173004 0.0515937
-0.00974227 0.0396923 -0.00466419 0.0368821 0.000149542 0.075833
-0.00466419 0.0368821 -0.00126987 0.0417919 7.56092e-05 0.03373
-0.00167286 0.0352268 0.00419724 0.0319783 0.000150847 0.0969134
-7.21369e-06 0.0270167 0.00419724 0.0319783 0.000301108 0.407322
0.00419724 0.0319783 0.00544336 0.0312887 0.000149469 0.335175
0.00498158 0.0329039 0.00544336 0.0312887 2.65935e-05 0.00715947
0.00770911 0.0300349 0.0113219 0.0263719 0.000726846 0.0703985
0.0115525 0.027908 0.0113219 0.0263719 0.000140794 0.0247596
-0.0103577 0.0497353 -0.00346 0.0493795 3.09266e-05 8.40787e-05
-0.00346 0.0493795 -0.00330532 0.049618 6.2024e-05 0.000362406
-0.00309095 0.0493605 0.000327051 0.0491842 3.13004e-05 0.00151017
-0.0316015 0.0494632 -0.0313319 0.0492653 8.65857e-05 0.0211969
-0.0224412 0.042739 -0.0124993 0.035441 6.69886e-05 0.0118254
-0.0124993 0.035441 -0.00974227 0.0396923 0.000102764 0.0544171
-0.000396682 0.0265571 0.00367248 0.0235701 0.000307692 0.361582
0.00367248 0.0235701 0.00794775 0.022529 0.000486448 1.30768
0.00794775 0.022529 0.00740212 0.0244375 2.42124e-05 0.000403473
0.00794775 0.022529 0.0106464 0.0218719 0.000475067 1.33863
0.015165 0.0274268 0.0175072 0.0246126 3.60852e-05 0.00505593
0.0115525 0.027908 0.0175072 0.0246126 0.000160117 0.0713462
0.0218346 0.0194136 0.0243782 0.0185281 0.000285951 0.669439
0.0181373 0.0238556 0.0218346 0.0194136 3.25643e-05 0.00511524
0.0221123 0.0190799 0.0243782 0.0185281 0.00116308 11.3685
0.0218346 0.0194136 0.0221123 0.0190799 3.86198e-05 0.00837043
0.0232593 0.00919225 0.0256937 0.00740522 9.67736e-05 0.0218103
0.0256937 0.00740522 0.0282438 0.00878432 0.000679508 0.581383
0.0256937 0.00740522 0.0272691 0.00624878 8.34867e-05 0.0317999
0.0282438 0.00878432 0.0272691 0.00624878 0.000102948 0.0205451
0.0272691 0.00624878 0.0315732 0.00308933 7.59155e-05 0.0632399
0.0315732 0.00308933 0.0338746 0.00337478 0.000126178 0.178968
0.0311627 -0.00190211 0.0325092 0.000717867 3.77273e-05 0.0301501
0.0325092 0.000717867 0.0345057 9.88431e-06 0.000144498 0.217406
0.0330199 -0.00300032 0.0345057 9.88431e-06 8.73568e-05 0.182446
0.0345057 9.88431e-06 0.0369482 -0.000856241 0.000146895 0.300648
0.0299248 0.00969347 0.0343745 0.00434743 4.06642e-05 0.0203629
0.0343745 0.00434743 0.0338746 0.00337478 4.38867e-05 0.00331375
0.0350615 0.00352199 0.0358009 0.00263369 3.55746e-05 0.0090083
0.0348415 0.000690202 0.0358009 0.00263369 8.50009e-05 0.0396867
-0.0353736 0.0457372 -0.0235794 0.0352221 0.000330764 0.187211
-0.0235794 0.0352221 -0.0221915 0.034739 0.000383868 0.665897
-0.0221915 0.034739 -0.0228246 0.0430204 0.000141612 0.0485972
-0.0221915 0.034739 -0.0184557 0.0334386 0.000380637 0.661837
-0.0146557 0.0321158 -0.00925826 0.030237 0.000381207 0.674923
-0.0146557 0.0321158 -0.0124993 0.035441 0.000114944 0.0581228
0.0225854 -0.0059362 0.0253428 -0.00839457 0.000174718 0.140267
0.0253428 -0.00839457 0.0275068 -0.0090161 7.77897e-05 0.0408701
0.0207342 -0.0221945 0.0222895 -0.0191682 3.37535e-05 0.0140712
0.0247164 -0.0198224 0.0222895 -0.0191682 2.29373e-05 0.000902354
0.0245446 -0.01478 0.0267548 -0.0104793 3.3572e-05 0.0161858
0.0267548 -0.0104793 0.0284509 -0.0111656 8.81928e-05 0.0608674
0.0297981 -0.00952739 0.0298551 -0.00969057 0.00031416 0.242382
0.0298551 -0.00969057 0.0428417 -0.0134206 7.86832e-05 0.0797606
0.0298551 -0.00969057 0.0306862 -0.0120701 0.000313425 0.23411
0.0306862 -0.0120701 0.0421297 -0.0167004 0.000103371 0.158165
0.0312384 -0.0136508 0.0365775 -0.0184109 0.000176579 0.381977
0.0365775 -0.0184109 0.0414853 -0.0196689 2.70586e-05 0.0119981
0.0401368 -0.0258803 0.0405268 -0.0240839 8.09557e-05 0.0637495
0.0405268 -0.0240839 0.0439864 -0.0250164 2.49572e-05 0.0133224
0.0405268 -0.0240839 0.0407652 -0.0229858 8.07557e-05 0.0630687
0.0407652 -0.0229858 0.0429468 -0.0240894 3.46944e-05 0.0225269
0.0456829 -0.0254736 0.05 -0.0276576 3.46453e-05 0.0227918
0.0456829 -0.0254736 0.05 -0.0266372 2.50223e-05 0.0128646
0.0446821 -0.0249673 0.0456829 -0.0254736 3.50003e-05 0.0227127
0.0446821 -0.0249673 0.05 -0.0238991 0.000123226 0.315394
0.0352305 -0.0226563 0.0405268 -0.0240839 2.34197e-05 0.0113048
0.0352305 -0.0226563 0.0384951 -0.0218374 0.00010169 0.240208
0.0325395 -0.0173759 0.0331542 -0.0191354 0.000269614 0.0847578
0.0331542 -0.0191354 0.0384951 -0.0218374 3.21905e-05 0.0175547
0.00784604 -0.0152752 0.0179489 -0.0179983 2.24324e-05 0.00281228
0.00784604 -0.0152752 0.0158301 -0.0235104 0.000242985 0.0156602
0.00689861 -0.00309706 0.00699088 -0.00248235 9.02911e-05 0.0508665
0.00689861 -0.00309706 0.0124523 -0.00469219 7.08471e-05 0.0329196
0.00544276 -0.0127963 0.00578474 -0.0105179 9.20374e-05 0.0552754
0.00544276 -0.0127963 0.00784604 -0.0152752 0.000245612 0.0155896
0.0234044 -0.0224804 0.0217653 -0.025801 7.37235e-05 0.0474369
0.0207342 -0.0221945 0.0196669 -0.0184613 2.17093e-05 0.00441579
0.0199569 -0.023707 0.0207342 -0.0221945 3.37724e-05 0.0121995
0.0150887 -0.0254391 0.0170303 -0.0247483 0.000311536 0.353786
0.0150887 -0.0254391 0.0158301 -0.0235104 7.46512e-05 0.0195833
0.00866106 -0.0277261 0.0101681 -0.0271899 0.000312184 0.358339
0.00866106 -0.0277261 0.0087066 -0.0277688 0.000153237 0.0634047
0.00863331 -0.0277497 0.00994201 -0.0289998 0.000107147 0.0313161
0.00863331 -0.0277497 0.0087066 -0.0277688 5.31218e-05 0.0102152
0.0141232 -0.0279509 0.0153135 -0.0276524 0.000108696 0.0543611
0.0141232 -0.0279509 0.0142739 -0.0275589 7.31922e-05 0.00897872
0.0100032 -0.0289844 0.0117229 -0.0285531 0.000110486 0.052169
0.0100032 -0.0289844 0.012593 -0.0314127 0.000151102 0.0600202
0.00994201 -0.0289998 0.0100032 -0.0289844 0.000116921 0.0439308
0.00994201 -0.0289998 0.0124898 -0.0314334 0.000104042 0.0280013
0.00846053 -0.0293714 0.00959347 -0.0320152 0.000115612 0.017568
0.00959347 -0.0320152 0.0124898 -0.0314334 0.000120214 0.0538731
0.0136947 -0.0290658 0.0141232 -0.0279509 7.3383e-05 0.0114694
0.0136947 -0.0290658 0.0167894 -0.0298705 5.11415e-05 0.0122753
0.0127397 -0.0315502 0.0128093 -0.0313692 6.97531e-05 0.0151936
0.0127397 -0.0315502 0.01489 -0.0335663 0.000143264 0.0437467
0.0127054 -0.0316394 0.0127397 -0.0315502 7.11116e-05 0.0111116
0.0127054 -0.0316394 0.014835 -0.0336735 0.000100212 0.0209853
-0.0194662 -0.000909324 -0.0196786 0.00186924 8.68172e-05 0.0123818
-0.0194662 -0.000909324 -0.0173055 -0.00297324 0.000115207 0.0184173
-0.0194296 -0.00138849 -0.0194662 -0.000909324 9.27124e-05 0.0125997
-0.0194296 -0.00138849 -0.0176886 -0.00302077 0.000169909 0.0405472
-0.0173055 -0.00297324 -0.015546 -0.00275501 0.000119619 0.0618673
-0.0173055 -0.00297324 -0.0149788 -0.00519563 0.000119344 0.016629
-0.0176886 -0.00302077 -0.0173055 -0.00297324 0.000123224 0.0589437
-0.0176886 -0.00302077 -0.0155158 -0.00505798 0.000161566 0.0337749
-0.0149788 -0.00519563 -0.0128852 -0.00573227 2.8326e-05 0.00293626
-0.0149788 -0.00519563 -0.0092509 -0.0106669 0.00011364 0.0171535
-0.0155158 -0.00505798 -0.0149788 -0.00519563 2.66629e-05 0.00179735
-0.0155158 -0.00505798 -0.00964767 -0.0105599 0.000158181 0.034409
-0.0364765 -0.0160203 -0.0304868 -0.00895197 0.000298358 0.263356
-0.0323158 -0.00483502 -0.0304868 -0.00895197 0.000374714 0.00464
-0.0215804 -0.00350347 -0.0192896 -0.00321934 0.000122672 0.0525187
-0.0215804 -0.00350347 -0.0192217 -0.00410808 2.92719e-05 0.00242175
-0.0132999 0.0243908 -0.0125871 0.0254219 6.71042e-05 0.0214378
-0.0135945 0.024565 -0.0132999 0.0243908 0.000328625 0.492264
-0.0140892 0.0232492 -0.0132999 0.0243908 6.21824e-05 0.0203053
-0.0143597 0.0238806 -0.0140892 0.0232492 0.000132817 0.0131375
-0.0110535 0.0161654 -0.00963023 0.0156607 0.000150376 0.124736
-0.0140892 0.0232492 -0.0110535 0.0161654 0.000118862 0.0127585
-0.0231712 0.0101122 -0.0206601 0.0137445 6.58178e-05 0.0205878
-0.0268552 0.0112228 -0.0231712 0.0101122 0.000322736 0.550034
-0.023382 0.00980732 -0.0231712 0.0101122 7.32259e-05 0.0292613
-0.023382 0.00980732 -0.0201866 0.00851437 0.000111605 0.0612853
-0.023557 0.00955423 -0.023382 0.00980732 6.05265e-05 0.0208933
-0.023557 0.00955423 -0.0201337 0.00782243 3.58591e-05 0.00585307
-0.0282489 0.0114591 -0.0281347 0.0113313 0.000306968 0.235083
-0.0281347 0.0113313 -0.0279844 0.0115631 7.6418e-05 0.0268672
-0.0217903 0.00131067 -0.0194662 -0.000909324 0.000115445 0.0175721
-0.0220197 0.00104 -0.0217903 0.00131067 0.000277796 0.278303
-0.0265237 0.00526295 -0.0262868 0.00560566 5.03582e-05 0.00749493
-0.0265237 0.00526295 -0.0220197 0.00104 0.000135926 0.052161
-0.0251044 -0.00260018 -0.0215804 -0.00350347 2.53014e-05 0.00173149
-0.0263736 -0.00409799 -0.0251044 -0.00260018 0.000289193 0.26668
0.027312 0.0025608 0.0325092 0.000717867 0.000144877 0.210746
0.027312 0.0025608 0.0315732 0.00308933 0.000123783 0.162698
0.0297346 -0.00965597 0.0298551 -0.00969057 7.58352e-05 0.0462188
0.0288998 -0.0113472 0.0297346 -0.00965597 8.36991e-05 0.0317133
0.0380694 -0.0354037 0.0392844 -0.029807 7.67948e-05 0.0883404
0.0392844 -0.029807 0.0441759 -0.0302466 0.00012023 0.316898
-0.0168058 -0.0357093 -0.0102404 -0.0340624 0.00011378 0.0433548
-0.0172736 -0.0295896 -0.0168058 -0.0357093 7.50368e-05 0.00454279
-0.0363896 -0.0406218 -0.0341654 -0.0400639 0.000148873 0.0637557
-0.0363896 -0.0406218 -0.035836 -0.0411401 0.000115252 0.0376895
0.0120432 0.0311774 0.0119076 0.030274 8.63055e-05 0.0017853
0.00664838 0.0348709 0.0119076 0.030274 0.000252569 0.301997
-0.00580815 0.0457587 -0.00126987 0.0417919 0.000218771 0.0228928
-0.00126987 0.0417919 0.000762129 0.0447311 5.18783e-05 0.0025783
0.00425806 0.0405309 0.0103954 0.0460197 0.000169391 0.0954285
0.00203864 0.0431975 0.00425806 0.0405309 2.6448e-05 0.00124059
0.00309769 0.0394932 0.00425806 0.0405309 0.000169637 0.095334
0.00203864 0.0431975 0.00309769 0.0394932 2.13905e-05 0.000118264
0.00223883 0.0387251 0.00367658 0.0374684 0.000299888 0.236486
0.00309769 0.0394932 0.00367658 0.0374684 2.13905e-05 0.00026254
0.00419724 0.0319783 0.00498158 0.0329039 0.000289461 0.301142
0.00367658 0.0374684 0.00498158 0.0329039 2.36445e-05 0.00016251
0.00781914 0.0362525 0.0120432 0.0311774 3.01766e-05 0.00382381
0.0131062 0.0382591 0.0120432 0.0311774 8.40161e-05 0.00127272
0.0120593 0.0412562 0.0131062 0.0382591 0.000339565 0.278591
0.0131062 0.0382591 0.0142945 0.0461761 9.74791e-05 0.00460604
0.0313775 0.0169369 0.0317427 0.0167348 0.000115927 0.1487
0.0317427 0.0167348 0.0397398 0.0147875 0.00013646 0.250307
0.0358009 0.00263369 0.0363161 0.00367761 8.56893e-05 0.0398505
0.0363161 0.00367761 0.0415878 0.00433147 0.000122422 0.21717
0.0045319 -0.0266833 0.00765677 -0.0274958 5.83822e-05 0.0240072
0.0045319 -0.0266833 0.00595249 -0.026811 0.000104534 0.0121516
0.0028938 -0.0297781 0.00787526 -0.0280057 0.000314188 0.332403
0.00337395 -0.0265792 0.0028938 -0.0297781 9.80079e-05 0.0266413
-0.00984838 -0.0343117 -0.00653594 -0.0331332 0.000315049 0.320411
-0.00984838 -0.0343117 -0.00792624 -0.0355342 3.33101e-05 0.00301465
-0.00792624 -0.0355342 0.00233931 -0.0334722 0.000121576 0.0511005
-0.00792624 -0.0355342 0.00116224 -0.0413141 3.0437e-05 0.0031131
0.0313377 0.0168335 0.0317427 0.0167348 0.000323345 1.42305
0.0313377 0.0168335 0.0313775 0.0169369 7.4884e-05 0.0535572
-0.00592698 0.0200308 0.00904148 0.0111793 0.000306394 0.539099
0.00978205 0.0161131 0.00904148 0.0111793 0.000111756 0.00483436
-0.0158391 0.0283212 -0.0126117 0.0254439 0.00150359 6.89312
-0.0126117 0.0254439 -0.0125074 0.0255371 0.000808518 3.54131
-0.00774825 0.0211078 -0.0061909 0.0197194 0.0001945 0.139063
-0.00963023 0.0156607 -0.0061909 0.0197194 0.000296592 0.482743
-0.0217903 0.00131067 -0.0205196 0.00281026 0.000275598 0.283307
-0.0228853 0.00545744 -0.0205196 0.00281026 0.000305285 0.231288
-0.0205196 0.00281026 -0.0198142 0.00364269 0.00027908 0.434137
-0.0198142 0.00364269 -0.0198871 0.00459629 9.26175e-05 0.0136956
-0.00416004 7.91886e-05 -0.00070239 -0.000913913 7.50945e-05 0.031623
-0.00517119 0.00243874 -0.00416004 7.91886e-05 0.000114559 0.0023896
-0.00570439 0.000522754 -0.00416004 7.91886e-05 7.62478e-05 0.0350017
-0.00570439 0.000522754 -0.00397527 -0.000351996 3.62732e-05 0.00666149
-0.017431 0.00645512 -0.0168351 0.00715826 0.000276954 0.438865
-0.0168351 0.00715826 -0.00517119 0.00243874 0.000103837 0.0554478
-0.0231712 0.0101122 -0.0202413 0.009229 0.000322144 0.553491
-0.0202413 0.009229 -0.0205842 0.0137145 9.64741e-05 0.0105225
-0.0161305 0.00798981 -0.0136158 0.0109574 0.000310984 0.527957
-0.0136158 0.0109574 -0.00784293 0.00867334 0.000162706 0.140637
-0.0135945 0.024565 -0.0126117 0.0254439 0.000782789 3.44425
-0.0150123 0.0254034 -0.0135945 0.024565 0.000867801 3.20794
-0.0143597 0.0238806 -0.0135945 0.024565 0.000230089 0.321769
-0.0150123 0.0254034 -0.0143597 0.0238806 0.000365201 0.0625261
-0.0212174 0.0219977 -0.0217839 0.0294078 9.62931e-05 0.0169531
-0.0212174 0.0219977 -0.017901 0.0271116 7.86668e-05 0.0328385
0.0408212 0.0128043 0.047993 0.0103078 0.000982118 13.3468
0.0403972 0.0119455 0.0408212 0.0128043 0.00047872 3.58408
0.00371968 0.0490092 0.00945447 0.0487133 3.1018e-05 0.00522036
0.0117214 0.0485964 0.0124794 0.0478835 7.21898e-05 0.000282806
0.0124794 0.0478835 0.0131918 0.0485206 0.000161201 0.00851385
0.0145618 0.0497459 0.0148086 0.049601 3.56763e-05 0.0332057
0.0148086 0.049601 0.0146352 0.0484461 8.30702e-05 0.009186
0.0131918 0.0485206 0.0146352 0.0484461 3.09266e-05 0.00631197
-0.0061909 0.0197194 -0.00592698 0.0200308 0.000294966 0.474153
-0.00774825 0.0211078 -0.00592698 0.0200308 0.00127393 7.58404
-0.00642169 0.0309798 -0.00193877 0.027689 7.18059e-05 0.019755
-0.00193877 0.027689 -7.21369e-06 0.0270167 0.000391123 0.763068
-0.0401716 0.0409978 -0.0235794 0.0352221 0.000584016 1.64968
-0.0401716 0.0409978 -0.0353736 0.0457372 7.04298e-05 0.0426432
0.0144284 -0.000138394 0.0141243 0.000925088 2.19473e-05 0.000267339
0.0144284 -0.000138394 0.017402 -0.00131493 0.000139519 0.113025
0.00749381 0.000868339 0.00929331 0.000325885 0.000286593 0.494479
0.00929331 0.000325885 0.0123094 0.00069998 0.000114439 0.0937541
0.0225854 -0.0059362 0.0233622 -0.00391516 7.83652e-05 0.0208445
0.0187637 -0.00252893 0.0225854 -0.0059362 0.000178021 0.134754
0.0216353 -0.00840786 0.0267548 -0.0104793 8.87324e-05 0.0583652
0.0216353 -0.00840786 0.0220085 -0.00743691 6.87845e-05 0.0356147
0.0267349 -0.015888 0.0331542 -0.0191354 3.17571e-05 0.0148131
0.0267349 -0.015888 0.0325395 -0.0173759 2.30497e-05 0.00917575
0.0200584 -0.0125104 0.0245446 -0.01478 3.23297e-05 0.00344604
0.0200584 -0.0125104 0.0216353 -0.00840786 6.76065e-05 0.0468758
0.026667 -0.0158706 0.0267349 -0.015888 2.31598e-05 0.00954404
0.0247164 -0.0198224 0.026667 -0.0158706 7.37372e-05 0.0962548
0.0242964 -0.0152629 0.026667 -0.0158706 2.29688e-05 0.00296693
0.0222895 -0.0191682 0.0242964 -0.0152629 3.36366e-05 0.0154462
0.0197 -0.0299852 0.0205122 -0.0283397 8.06929e-05 0.0168858
0.0205122 -0.0283397 0.021715 -0.0295804 0.000273604 0.281313
0.0205122 -0.0283397 0.0206162 -0.028129 8.60903e-05 0.0836956
0.0206162 -0.028129 0.0224787 -0.0282964 0.000114879 0.189456
0.0206162 -0.028129 0.0216341 -0.0260669 8.24188e-05 0.037945
0.0216341 -0.0260669 0.0218274 -0.0260184 0.000108444 0.180283
0.0217653 -0.025801 0.0218274 -0.0260184 2.18005e-05 0.0117076
0.0218274 -0.0260184 0.0344522 -0.0228515 0.000107705 0.183289
0.0263675 -0.0286459 0.0392844 -0.029807 0.000125997 0.280727
0.0263675 -0.0286459 0.0358135 -0.0267486 0.000124517 0.228137
0.0361102 -0.0444284 0.0369058 -0.045249 0.000254844 0.14556
0.0358697 -0.0455362 0.0361102 -0.0444284 7.6078e-05 0.0207241
0.0380694 -0.0354037 0.0446417 -0.0371126 5.06832e-05 0.073133
0.0361102 -0.0444284 0.0380694 -0.0354037 7.83822e-05 0.111958
-0.0107736 0.0270877 -0.00179886 0.0249024 0.000885895 4.19428
-0.0107736 0.0270877 -0.0078143 0.0297343 0.000278036 0.420733
-0.00925826 0.030237 -0.0079627 0.0321109 0.00010288 0.0415307
-0.00925826 0.030237 -0.0078143 0.0297343 0.000384991 0.686348
-0.0169423 0.0285899 -0.0163121 0.0284364 0.000606568 2.07697
-0.0169423 0.0285899 -0.0166485 0.0290429 0.00102628 6.15271
-0.0201866 0.00851437 -0.0202413 0.009229 9.70993e-05 0.0182107
-0.0201866 0.00851437 -0.0168351 0.00715826 0.000106971 0.0573436
-0.0201337 0.00782243 -0.0201866 0.00851437 8.38109e-05 0.0126782
-0.0201337 0.00782243 -0.017431 0.00645512 3.55751e-05 0.00589043
-0.0297207 0.0088857 -0.0281347 0.0113313 8.10601e-05 0.0217969
-0.0297207 0.0088857 -0.0275275 0.00679075 0.000109813 0.0335661
-0.0299729 0.00849686 -0.0297207 0.0088857 6.40312e-05 0.012704
-0.0299729 0.00849686 -0.0284296 0.00704984 0.000136411 0.0530293
-0.0280045 0.0116777 -0.0279142 0.0117585 0.000200697 0.219864
-0.0280045 0.0116777 -0.0279297 0.0116474 0.000104032 0.0516415
-0.0280952 0.0115966 -0.0280045 0.0116777 0.000200692 0.217954
-0.0284738 0.0117107 -0.0280952 0.0115966 0.000295115 0.456489
-0.0282489 0.0114591 -0.0280952 0.0115966 0.000254444 0.34975
-0.0284738 0.0117107 -0.0282489 0.0114591 0.000350308 0.348509
-0.0419703 -0.0225035 -0.0342233 -0.0231998 0.000136037 0.048833
-0.0480626 -0.0296929 -0.0419703 -0.0225035 0.000313092 0.259919
-0.0341654 -0.0400639 -0.0332804 -0.0406268 0.000162702 0.0829774
-0.0341654 -0.0400639 -0.0218692 -0.0369794 0.000121864 0.0468307
-0.0104318 0.0147147 -0.00784293 0.00867334 0.000137631 0.0170939
-0.00784293 0.00867334 0.00773991 0.00250792 0.00015725 0.138585
0.0123094 0.00069998 0.0144284 -0.000138394 0.000139832 0.112813
0.0123094 0.00069998 0.0141243 0.000925088 0.00012472 0.117051
0.00837422 0.00673381 0.0138625 0.00184068 0.000191401 0.134458
0.0138625 0.00184068 0.0121161 0.00794934 2.35678e-05 0.00106949
0.0257784 0.00237058 0.027312 0.0025608 9.64136e-05 0.105268
0.0257784 0.00237058 0.0260267 0.00301657 6.7043e-05 0.027719
0.0256477 0.00235438 0.0257784 0.00237058 9.58474e-05 0.101409
0.0253302 0.00326358 0.0256477 0.00235438 0.000270696 0.0473046
0.0242566 0.00218183 0.0256477 0.00235438 9.25934e-05 0.0209846
0.0203295 0.00450413 0.0242566 0.00218183 0.000237403 0.0776586
0.023443 -0.00370508 0.0259314 -0.00468961 0.000147343 0.123926
0.023443 -0.00370508 0.0254374 0.00148353 8.49012e-05 0.0386582
0.0256477 0.00235438 0.025707 0.00218477 0.000260655 0.0192915
0.025707 0.00218477 0.0257784 0.00237058 6.87353e-05 0.0332845
0.0242566 0.00218183 0.0254374 0.00148353 0.000262793 0.117136
0.0254374 0.00148353 0.025707 0.00218477 7.15825e-05 0.00787922
0.026667 -0.0158706 0.0266737 -0.015857 7.37012e-05 0.0942273
0.0266737 -0.015857 0.0267349 -0.015888 3.17801e-05 0.0145022
0.0270459 -0.00991294 0.0284509 -0.0111656 0.000171053 0.140548
0.0284509 -0.0111656 0.0288998 -0.0113472 9.85457e-05 0.0699436
0.0485758 -0.0193087 0.05 -0.0189514 0.000114809 0.264655
0.0485758 -0.0193087 0.05 -0.0198849 9.92792e-05 0.189135
0.044282 -0.0203858 0.0485758 -0.0193087 0.000113563 0.254965
0.044282 -0.0203858 0.05 -0.0218515 2.59717e-05 0.0133697
0.0414853 -0.0196689 0.0421297 -0.0167004 8.42428e-05 0.0196547
0.0421297 -0.0167004 0.0485758 -0.0193087 0.000100497 0.201073
0.0189592 -0.0267379 0.0202784 -0.0280986 0.000275831 0.339086
0.0189592 -0.0267379 0.0216341 -0.0260669 0.000112504 0.115981
0.0167894 -0.0298705 0.0178138 -0.0278771 3.6339e-05 0.00338761
0.0178138 -0.0278771 0.0202784 -0.0280986 0.000110732 0.0629211
0.0178138 -0.0278771 0.0183164 -0.0268991 3.80945e-05 0.00164623
0.0183164 -0.0268991 0.0189592 -0.0267379 0.000107416 0.0523035
0.0199569 -0.023707 0.0210549 -0.0233163 0.000277005 0.0401758
0.0199569 -0.023707 0.0185933 -0.0263604 3.36703e-05 0.00339916
0.00581157 -0.0250544 0.00716424 -0.0263465 0.000113002 0.034598
0.00581157 -0.0250544 0.00714719 -0.0263067 0.000154636 0.066632
0.0101681 -0.0271899 0.0142739 -0.0275589 0.000111635 0.0549003
0.0101681 -0.0271899 0.0150887 -0.0254391 0.000311512 0.357892
0.0078269 -0.0269794 0.00786874 -0.0269832 0.000106813 0.0751471
0.0078269 -0.0269794 0.00862282 -0.0277397 0.000101253 0.0386993
0.00716424 -0.0263465 0.00714719 -0.0263067 0.000128955 0.0128357
0.00716424 -0.0263465 0.0078269 -0.0269794 0.000105884 0.0308957
0.00578474 -0.0105179 0.018314 -0.0137295 2.34267e-05 0.00329172
0.00578474 -0.0105179 0.00651414 -0.00565849 9.15783e-05 0.0554694
-0.00416004 7.91886e-05 -0.00397527 -0.000351996 0.000124757 0.00455156
-0.00397527 -0.000351996 -0.00243879 -0.00112928 3.65569e-05 0.00631095
0.00737671 8.81628e-05 0.00929331 0.000325885 0.00010383 0.0856511
0.00737671 8.81628e-05 0.00749381 0.000868339 9.63268e-05 0.0473843
-0.00070239 -0.000913913 0.00221908 -0.000551554 0.000103948 0.0761684
-0.00070239 -0.000913913 0.00689861 -0.00309706 7.06736e-05 0.0265718
-0.00243879 -0.00112928 -0.00070239 -0.000913913 0.000102935 0.0720917
-0.00243879 -0.00112928 0.00651414 -0.00565849 3.23115e-05 0.00382345
-0.00653594 -0.0331332 0.00273943 -0.0308065 0.000109267 0.0400261
-0.00653594 -0.0331332 0.0028938 -0.0297781 0.000314827 0.322209
-0.0176482 -0.0246896 -0.0179426 -0.0208395 8.94088e-05 0.0064943
-0.0176482 -0.0246896 0.00337395 -0.0265792 0.000118401 0.0447259
-0.0261544 -0.0187042 -0.0304868 -0.00895197 0.000370415 0.000891852
-0.0261544 -0.0187042 -0.0179426 -0.0208395 4.71583e-05 0.00610978
-0.0342233 -0.0231998 -0.0218692 -0.0369794 5.6184e-05 0.00705219
-0.0342233 -0.0231998 -0.0261849 -0.0239223 0.000130037 0.0491067
-0.0280952 0.0115966 -0.0279844 0.0115631 0.000329046 0.546934
-0.0279844 0.0115631 -0.0279297 0.0116474 8.84699e-05 0.03574
-0.0279844 0.0115631 -0.0269532 0.0112523 0.000324751 0.550753
-0.0269532 0.0112523 -0.0267553 0.0111722 0.00011704 0.0658687
-0.0277797 0.0118787 -0.025363 0.0156052 7.62851e-05 0.0256062
-0.0277797 0.0118787 -0.0241497 0.0151252 0.000200694 0.220726
-0.0205842 0.0137145 -0.0136158 0.0109574 0.000140819 0.103597
-0.0205842 0.0137145 -0.0205938 0.0138404 8.90818e-05 0.00863346
-0.0205938 0.0138404 -0.0174246 0.0184246 5.91566e-05 0.0173294
-0.0205938 0.0138404 -0.0209133 0.0180196 8.55278e-05 0.0086741
-0.0241497 0.0151252 -0.0206601 0.0137445 0.000140143 0.0997931
-0.0241497 0.0151252 -0.0209133 0.0180196 0.000202414 0.232106
-0.0231368 0.0471047 -0.00974227 0.0396923 0.000149566 0.0723421
-0.00974227 0.0396923 -0.00580815 0.0457587 8.90015e-05 0.0569856
-0.00466419 0.0368821 -0.00167286 0.0352268 0.000142269 0.071255
-0.00167286 0.0352268 0.00223883 0.0387251 0.000250705 0.317783
0.0282438 0.00878432 0.0299248 0.00969347 0.000678024 0.57421
0.0282438 0.00878432 0.0290139 0.0107879 0.000106861 0.0337925
0.0338746 0.00337478 0.0350615 0.00352199 0.000125375 0.184749
0.0331377 0.0019409 0.0338746 0.00337478 4.26869e-05 0.0102065
0.0299248 0.00969347 0.0290139 0.0107879 4.23859e-05 0.00500256
0.0299248 0.00969347 0.0333401 0.0115405 0.000676503 0.573963
0.0343745 0.00434743 0.0350615 0.00352199 3.64677e-05 0.0197369
0.0350615 0.00352199 0.0363161 0.00367761 0.000126993 0.185539
-0.0367862 0.0469967 -0.0353736 0.0457372 0.000693878 0.0888621
-0.0353736 0.0457372 -0.0321437 0.0489277 0.000156449 0.0175055
0.0247164 -0.0198224 0.034296 -0.0224044 2.26653e-05 0.00978455
0.0234044 -0.0224804 0.0247164 -0.0198224 7.38508e-05 0.09939
0.0242964 -0.0152629 0.0245446 -0.01478 3.35689e-05 0.0154495
0.0245446 -0.01478 0.0266737 -0.015857 3.15541e-05 0.00274575
0.0414853 -0.0196689 0.044282 -0.0203858 2.67436e-05 0.014699
0.0411596 -0.021169 0.0414853 -0.0196689 8.52904e-05 0.0202159
0.0384951 -0.0218374 0.0399979 -0.0214604 0.000101581 0.239505
0.0384951 -0.0218374 0.0407652 -0.0229858 3.32799e-05 0.0199135
0.0312384 -0.0136508 0.0325395 -0.0173759 0.000269848 0.0848723
0.0325395 -0.0173759 0.0365775 -0.0184109 2.36127e-05 0.0111058
0.00699088 -0.00248235 0.00737671 8.81628e-05 8.9906e-05 0.0440126
0.00699088 -0.00248235 0.0124523 -0.00469219 9.15909e-05 0.0484386
0.0124523 -0.00469219 0.0160235 -0.00571791 7.05018e-05 0.0330272
0.0124523 -0.00469219 0.0161591 -0.00619204 9.0948e-05 0.0488225
0.0087066 -0.0277688 0.0100032 -0.0289844 0.000152439 0.06361
0.0087066 -0.0277688 0.0117229 -0.0285531 5.20177e-05 0.0108026
0.0153135 -0.0276524 0.0183164 -0.0268991 0.000107844 0.051895
0.0153135 -0.0276524 0.0178138 -0.0278771 0.000111327 0.0620425
0.0142739 -0.0275589 0.0150887 -0.0254391 7.33126e-05 0.00260907
0.0142739 -0.0275589 0.0153135 -0.0276524 0.000111676 0.0590523
0.0117229 -0.0285531 0.0141232 -0.0279509 0.000109714 0.0521752
0.0117229 -0.0285531 0.0136947 -0.0290658 5.31045e-05 0.0113264
0.012593 -0.0314127 0.0127397 -0.0315502 0.00014318 0.0456558
0.012593 -0.0314127 0.0128093 -0.0313692 0.000126485 0.0763945
0.0124898 -0.0314334 0.0127054 -0.0316394 0.000100732 0.0224262
0.0124898 -0.0314334 0.012593 -0.0314127 0.00012125 0.0588089
0.0194191 -0.0305542 0.0234218 -0.031595 4.84993e-05 0.0112627
0.0169698 -0.0355163 0.0194191 -0.0305542 7.79592e-05 0.0232844
0.0167894 -0.0298705 0.0183068 -0.030265 5.05013e-05 0.0125441
0.0163886 -0.0306503 0.0167894 -0.0298705 3.74114e-05 0.00344322
0.0128093 -0.0313692 0.0136947 -0.0290658 7.35923e-05 0.0117941
0.0128093 -0.0313692 0.0163886 -0.0306503 0.000125446 0.0785563
0.0169698 -0.0355163 0.0273164 -0.0452172 0.00014121 0.0396495
0.0169039 -0.0356497 0.0169698 -0.0355163 7.81213e-05 0.0153194
0.01489 -0.0335663 0.0169698 -0.0355163 0.00014272 0.0435634
0.014835 -0.0336735 0.01489 -0.0335663 3.48008e-05 0.00340489
0.0169039 -0.0356497 0.0274652 -0.0457378 9.55536e-05 0.0182556
0.0138245 -0.0418884 0.0169039 -0.0356497 7.37805e-05 0.0118476
0.014835 -0.0336735 0.0169039 -0.0356497 9.91777e-05 0.0208418
0.0123643 -0.038481 0.014835 -0.0336735 3.37999e-05 0.00244244
-0.0125074 0.0255371 -0.0113401 0.0272257 0.00021946 0.225148
-0.0125074 0.0255371 -0.0107736 0.0270877 0.000861124 4.04777
-0.0125871 0.0254219 -0.0125074 0.0255371 0.000527507 1.27359
-0.0126117 0.0254439 -0.0125871 0.0254219 0.00142317 7.16524
-0.0251044 -0.00260018 -0.0220197 0.00104 0.000287517 0.268211
-0.0220197 0.00104 -0.0194296 -0.00138849 0.00017197 0.0400866
0.0288249 -0.011499 0.0288998 -0.0113472 8.04362e-05 0.0382649
0.0288998 -0.0113472 0.0306862 -0.0120701 9.67839e-05 0.0755927
-0.00580815 0.0457587 -0.0103577 0.0497353 0.000161947 1.60563e-05
-0.00580815 0.0457587 -0.00346 0.0493795 7.54959e-05 0.000806768
0.000762129 0.0447311 0.00135499 0.0455887 5.02144e-05 0.0024424
-0.00309095 0.0493605 0.000762129 0.0447311 2.65031e-05 0.000612718
0.000762129 0.0447311 0.00203864 0.0431975 2.7091e-05 0.00100969
0.00135499 0.0455887 0.00203864 0.0431975 2.25375e-05 0.000354411
0.0198986 0.0232893 0.0313775 0.0169369 0.00011796 0.130745
0.0313775 0.0169369 0.0350957 0.0266099 7.57855e-05 0.0289623
-0.0125871 0.0254219 -0.00774825 0.0211078 0.00137916 6.9078
-0.0132999 0.0243908 -0.00774825 0.0211078 0.000328033 0.492617
-0.00517119 0.00243874 -0.00627716 0.00501956 0.000116817 0.000856303
-0.00517119 0.00243874 0.00221908 -0.000551554 0.000101216 0.053191
-0.0191786 0.00439278 -0.017431 0.00645512 0.000276987 0.438763
-0.017431 0.00645512 -0.00570439 0.000522754 3.48842e-05 0.00562752
-0.017901 0.0271116 -0.0150123 0.0254034 0.000868148 3.16949
-0.0163121 0.0284364 -0.0150123 0.0254034 0.000502741 0.109619
-0.0217839 0.0294078 -0.021812 0.0297757 0.000266885 0.139985
-0.0228218 0.0300215 -0.0217839 0.0294078 0.000893775 3.18979
-0.017901 0.0271116 -0.0169423 0.0285899 0.000234752 0.282125
-0.0217839 0.0294078 -0.017901 0.0271116 0.000878119 3.20597
0.0131918 0.0485206 0.0145618 0.0497459 0.000161201 0.00734895
0.0117214 0.0485964 0.0131918 0.0485206 3.09266e-05 0.000240105
-0.0079627 0.0321109 -0.00642169 0.0309798 0.000106402 0.0451695
-0.00642169 0.0309798 -0.00167286 0.0352268 0.000255477 0.32939
0.0141243 0.000925088 0.0138625 0.00184068 2.45526e-05 0.000314213
0.0141243 0.000925088 0.0147961 0.00100841 0.000124268 0.117462
0.0194191 -0.0305542 0.0197 -0.0299852 7.8733e-05 0.0236349
0.0197 -0.0299852 0.021715 -0.0295804 0.000123983 0.0841582
0.021715 -0.0295804 0.0233188 -0.0312346 0.000257177 0.177028
0.021715 -0.0295804 0.0227844 -0.0293656 0.000135847 0.308254
-0.0078143 0.0297343 -0.00642169 0.0309798 0.000251491 0.32114
-0.0078143 0.0297343 -0.00193877 0.027689 0.00039301 0.764492
-0.0279297 0.0116474 -0.0269532 0.0112523 0.00010957 0.0588726
-0.0279297 0.0116474 -0.0278717 0.011737 7.70372e-05 0.027047
-0.0346169 0.0135625 -0.0284738 0.0117107 0.000326466 0.506786
-0.0286934 0.0119564 -0.0284738 0.0117107 0.000304451 0.300061
-0.0218692 -0.0369794 -0.0168058 -0.0357093 0.000116799 0.0464045
-0.0218692 -0.0369794 -0.0208395 -0.0381279 5.93914e-05 0.0115031
0.00786874 -0.0269832 0.00866106 -0.0277261 0.000151328 0.0848228
0.00786874 -0.0269832 0.0101681 -0.0271899 0.000110246 0.0521431
0.00714719 -0.0263067 0.00786874 -0.0269832 0.000155663 0.0678254
0.00714719 -0.0263067 0.00438304 -0.0198564 0.000119431 0.0117306
0.00651414 -0.00565849 0.00689861 -0.00309706 9.12023e-05 0.0553399
0.00651414 -0.00565849 0.0176116 -0.0112726 3.26431e-05 0.0047855
0.00221908 -0.000551554 0.00737671 8.81628e-05 0.000107858 0.0880841
0.00221908 -0.000551554 0.00699088 -0.00248235 9.19114e-05 0.0413522
-0.0209133 0.0180196 -0.0210423 0.0197074 8.93312e-05 0.00741291
-0.0209133 0.0180196 -0.0195985 0.0191954 0.000201215 0.233884
0.0290139 0.0107879 0.0303184 0.0141817 0.000102207 0.0400845
0.0221123 0.0190799 0.0290139 0.0107879 6.09299e-05 0.00449344
0.0183068 -0.030265 0.0194191 -0.0305542 5.18432e-05 0.0114161
0.0183068 -0.030265 0.0197 -0.0299852 0.000124586 0.0797509
0.01489 -0.0335663 0.0163886 -0.0306503 3.53075e-05 0.00477093
0.0163886 -0.0306503 0.0183068 -0.030265 0.00012518 0.07904
0.00135499 0.0455887 0.00371968 0.0490092 4.92079e-05 0.00238259
0.000327051 0.0491842 0.00135499 0.0455887 2.13905e-05 0.000120897
