# time=200000
x1 y1 x2 y2 aperture velocity
0.0443843 -0.00631477 0.05 -0.010437 5.07913e-05 0.068974
0.0440694 -0.0250904 0.05 -0.0303778 0.000152955 0.346561
-0.05 0.000316541 -0.04286 -0.00160796 2.22582e-05 0.00258053
-0.05 -0.0312056 -0.04959 -0.0314953 0.000295646 0.294204
0.0474957 0.00801726 0.05 0.0066314 0.000112304 0.166637
0.0458809 0.000579001 0.05 -0.00302134 0.000184077 0.479869
-0.05 0.0299759 -0.0423835 0.0272751 0.000126809 0.0851324
-0.05 -0.0125039 -0.0445168 -0.0139297 4.557e-05 0.0102836
0.0450408 -0.0429945 0.05 -0.0416201 9.66628e-05 0.23837
0.0477065 0.0302897 0.05 0.0347524 3.30357e-05 0.00706534
-0.05 -0.043985 -0.0489825 -0.0437807 0.000110188 0.0468349
-0.05 0.0229315 -0.0399407 0.0178426 3.11145e-05 0.00472365
-0.05 0.0272741 -0.046455 0.0239504 0.000134221 0.0720795
-0.05 -0.00702845 -0.0488496 -0.00688577 9.33542e-05 0.0466016
0.0497351 -0.0141077 0.05 -0.014426 2.80572e-05 0.0144295
0.0490599 0.0294953 0.05 0.0313998 7.25027e-05 0.0313443
-0.05 0.025353 -0.046455 0.0239504 0.000115343 0.0678491
-0.05 0.0444191 -0.0461801 0.0430894 0.000239537 0.766199
-0.05 0.0366396 -0.0456549 0.0355815 0.000116213 0.10395
-0.05 0.0132453 -0.0320246 0.00808241 6.46759e-05 0.021744
-0.05 0.00378124 -0.039767 0.00115824 2.26532e-05 0.00268397
0.0487448 0.0137711 0.05 0.0195529 7.43624e-05 0.0156595
-0.05 -0.0286948 -0.0496576 -0.0281995 4.88291e-05 0.00611463
-0.05 -0.027879 -0.0496576 -0.0281995 0.00010128 0.0337683
-0.05 -0.00799343 -0.0488104 -0.00692954 0.000165969 0.110632
-0.05 -0.00560268 -0.0488496 -0.00688577 4.70573e-05 0.00796501
0.0487448 0.0137711 0.05 0.0125904 7.54789e-05 0.0553921
-0.05 -0.0440359 -0.0489825 -0.0437807 9.57562e-05 0.0349925
-0.05 -0.0299924 -0.048906 -0.0306882 0.000109271 0.0443616
-0.05 0.0415005 -0.0461801 0.0430894 3.30736e-05 0.0142841
0.0453562 -0.0476437 0.05 -0.044689 8.26117e-05 0.161784
-0.05 -0.00877678 -0.043752 -0.0127503 2.93384e-05 0.00373955
-0.05 0.0282563 -0.0448113 0.0233 9.34612e-05 0.0347529
-0.05 0.0205776 -0.0374354 0.0154937 8.40817e-05 0.0358398
0.0490599 0.0294953 0.05 0.0289434 3.58345e-05 0.0149186
0.0429283 0.0469867 0.05 0.046622 3.09266e-05 0.0208741
-0.05 0.0312895 -0.0478601 0.0334032 7.043e-05 0.0200912
-0.05 -0.0223847 -0.0496305 -0.0218149 6.2024e-05 0.00996086
-0.05 -0.0217817 -0.0496305 -0.0218149 9.79595e-05 0.0454812
-0.0228246 0.0430204 -0.0224412 0.042739 5.07047e-05 0.00859822
-0.0224412 0.042739 -0.0228816 0.0437668 0.000107133 0.0134909
0.0101839 0.0187903 0.0232593 0.00919225 5.13979e-05 0.0124525
0.019591 0.0196938 0.0232593 0.00919225 0.00030376 0.13921
0.0348415 0.000690202 0.0369482 -0.000856241 5.22199e-05 0.0304169
0.0369482 -0.000856241 0.0394415 -0.00174035 0.000133455 0.240582
0.0369482 -0.000856241 0.0414656 -0.00417222 5.23432e-05 0.00850029
0.0414656 -0.00417222 0.0394415 -0.00174035 2.72803e-05 0.00431605
0.0414656 -0.00417222 0.0443843 -0.00631477 5.10826e-05 0.00926923
0.0441494 -0.00739678 0.0443843 -0.00631477 7.37976e-05 0.214024
-0.0166485 0.0290429 -0.0165246 0.0289324 0.000165362 0.0780716
-0.0166024 0.029114 -0.0165246 0.0289324 0.000109848 0.00197358
0.0429468 -0.0240894 0.0439864 -0.0250164 0.000152538 0.311259
0.0439864 -0.0250164 0.0441792 -0.0250683 2.3238e-05 0.00993131
0.0439864 -0.0250164 0.0440694 -0.0250904 0.000152523 0.311477
0.0440694 -0.0250904 0.0441792 -0.0250683 0.000114103 0.253824
0.0017112 -0.0136216 -0.000285636 -0.00896189 0.000106867 0.0200332
0.0017112 -0.0136216 0.0051786 -0.0145562 2.25329e-05 0.00158831
0.00765677 -0.0274958 0.00787526 -0.0280057 0.00010795 0.04005
0.00787526 -0.0280057 0.00861096 -0.0277439 0.000287335 0.302486
0.0111578 -0.0356656 0.0123643 -0.038481 0.000106849 0.00834602
0.00850765 -0.0459855 0.0123643 -0.038481 3.30298e-05 0.000274985
0.0123643 -0.038481 0.0138245 -0.0418884 0.000106397 0.00771259
0.011015 -0.0475801 0.0138245 -0.0418884 7.20998e-05 0.000479381
-0.0189195 -0.00806083 -0.00964767 -0.0105599 2.22685e-05 0.001451
-0.0189195 -0.00806083 -0.0192217 -0.00410808 7.28706e-05 0.0065901
-0.0313376 -0.00471369 -0.0277213 -0.00568841 2.23615e-05 0.00152166
-0.0313376 -0.00471369 -0.0263736 -0.00409799 9.37651e-05 0.0327985
-0.0330937 -0.00424034 -0.0325101 -0.00439765 2.26328e-05 0.00224766
-0.0330937 -0.00424034 -0.032781 -0.00378792 4.97513e-05 0.0119081
-0.04286 -0.00160796 -0.0374684 -0.00306119 2.26428e-05 0.00274352
-0.04286 -0.00160796 -0.039767 0.00115824 0.000164788 0.109508
0.0241711 0.00658176 0.0253302 0.00326358 0.000291448 0.0885639
0.0253302 0.00326358 0.0260267 0.00301657 0.000144093 0.169449
0.0284573 -0.00568901 0.0287646 -0.00656861 0.000276114 0.163184
0.0275068 -0.0090161 0.0287646 -0.00656861 3.49719e-05 0.00451254
0.0344522 -0.0228515 0.0358135 -0.0267486 0.00026736 0.047464
0.0358135 -0.0267486 0.0401368 -0.0258803 0.0001149 0.311429
-0.0336307 -0.0427735 -0.0312417 -0.0419235 0.000289267 0.264418
-0.0359186 -0.0411567 -0.0355098 -0.0414455 0.000280762 0.258835
-0.0359186 -0.0411567 -0.035836 -0.0411401 0.000117394 0.0473393
-0.04959 -0.0314953 -0.0366005 -0.0406747 0.000283727 0.258646
-0.05 -0.0319792 -0.04959 -0.0314953 0.000230492 0.141569
-0.0339645 -0.0428923 -0.0336307 -0.0427735 0.000288868 0.0151794
0.0179605 0.0243618 0.0198986 0.0232893 0.000107095 0.0837925
0.017648 0.0252564 0.0198986 0.0232893 0.000168454 0.170434
0.0354949 0.0146584 0.0387482 0.0128581 0.000110842 0.1223
0.0366047 0.00868707 0.0387482 0.0128581 3.76677e-05 0.031302
0.0387482 0.0128581 0.0403972 0.0119455 0.000110478 0.126385
0.0381305 0.00735337 0.0403972 0.0119455 8.42338e-05 0.124164
0.0403972 0.0119455 0.0474957 0.00801726 0.0001126 0.154494
0.0468369 0.00498253 0.0474957 0.00801726 8.43072e-05 0.0455719
-0.0179426 -0.0208395 -0.0189195 -0.00806083 7.32451e-05 0.00651229
-0.0179426 -0.0208395 0.00340241 -0.0263896 4.63316e-05 0.00639077
-0.0162276 -0.043272 -0.0166847 -0.0372934 7.36351e-05 0.00272283
0.0257193 0.0182016 0.0259861 0.0179684 0.000180678 0.147739
0.0259861 0.0179684 0.031091 0.0161914 0.00022047 0.551736
0.0303184 0.0141817 0.0259861 0.0179684 0.000163451 0.0361022
0.0303184 0.0141817 0.031091 0.0161914 7.93836e-05 0.202317
0.0333401 0.0115405 0.0303184 0.0141817 0.000185918 0.110868
0.0381305 0.00735337 0.0415878 0.00433147 0.000186633 0.521767
0.0415878 0.00433147 0.0468369 0.00498253 0.000108113 0.220561
0.0415878 0.00433147 0.0458809 0.000579001 0.000184677 0.478845
0.0449531 -0.0036948 0.0458809 0.000579001 7.56748e-05 0.0304874
0.0121161 0.00794934 0.0180793 0.00583476 0.00013588 0.135296
0.0121161 0.00794934 0.0116303 0.00964834 2.16667e-05 0.000455175
-0.00963023 0.0156607 0.0036393 0.0109552 0.000137025 0.115608
-0.0104318 0.0147147 -0.00963023 0.0156607 0.000241293 0.355738
-0.0423835 0.0272751 -0.0223923 0.0201861 0.000138653 0.119555
-0.0478601 0.0334032 -0.0423835 0.0272751 0.000276117 0.283838
-0.0405122 -0.0149709 -0.0400859 -0.0150818 4.57275e-05 0.00920481
-0.0405122 -0.0149709 -0.0404352 -0.0148596 4.89208e-05 0.00805998
-0.0419318 -0.0146018 -0.0405122 -0.0149709 4.56708e-05 0.00977965
-0.0419318 -0.0146018 -0.0409862 -0.0156566 4.72644e-05 0.00673633
-0.0445168 -0.0139297 -0.0419318 -0.0146018 4.57891e-05 0.00977118
-0.0445168 -0.0139297 -0.043752 -0.0127503 6.21512e-05 0.0113031
0.0291917 -0.0473869 0.0295304 -0.047293 9.47439e-05 0.0176715
0.0358697 -0.0455362 0.0369058 -0.045249 9.55821e-05 0.0549792
0.0369058 -0.045249 0.0450408 -0.0429945 9.66753e-05 0.385951
0.0450408 -0.0429945 0.0453562 -0.0476437 0.000425066 0.0314428
0.0390393 0.0134246 0.0397398 0.0147875 3.74896e-05 0.0105555
0.0397398 0.0147875 0.041579 0.0143397 0.000120709 0.182637
0.0397398 0.0147875 0.0423221 0.0198124 3.42552e-05 0.00720099
0.0350957 0.0266099 0.0423221 0.0198124 7.28669e-05 0.0492417
0.0423221 0.0198124 0.0477065 0.0302897 3.30867e-05 0.00635664
0.0385714 0.0356521 0.0477065 0.0302897 3.56828e-05 0.0167366
-0.0489825 -0.0437807 -0.0359186 -0.0411567 0.000110131 0.046884
-0.0489825 -0.0437807 -0.0366005 -0.0406747 9.56808e-05 0.0349913
-0.0399407 0.0178426 -0.0381487 0.0169361 3.15539e-05 0.00488312
-0.0399407 0.0178426 -0.0374354 0.0154937 0.000133758 0.0714104
-0.046455 0.0239504 -0.0399407 0.0178426 0.000133892 0.071392
-0.046455 0.0239504 -0.0448113 0.0233 0.000115527 0.0687429
-0.0487472 -0.00687306 -0.0391701 -0.00568519 9.52459e-05 0.0489044
-0.0487472 -0.00687306 -0.04286 -0.00160796 0.00016495 0.109429
-0.0488496 -0.00688577 -0.0487472 -0.00687306 9.32627e-05 0.0465609
-0.0488496 -0.00688577 -0.0488104 -0.00692954 4.73948e-05 0.00807842
0.0441494 -0.00739678 0.0414656 -0.00417222 2.71553e-05 0.00538776
0.0437291 -0.00933319 0.0441494 -0.00739678 7.38235e-05 0.22272
0.0441494 -0.00739678 0.0497351 -0.0141077 2.70055e-05 0.0185594
0.0497351 -0.0141077 0.05 -0.0142125 0.000121346 0.392294
0.041579 0.0143397 0.0436595 0.0185545 7.62734e-05 0.0347866
0.0423221 0.0198124 0.0436595 0.0185545 7.29188e-05 0.0497052
0.0436595 0.0185545 0.0490599 0.0294953 7.26489e-05 0.0307372
0.0477065 0.0302897 0.0490599 0.0294953 3.569e-05 0.0160864
0.0243782 0.0185281 0.0259861 0.0179684 0.000224675 0.396338
0.0243782 0.0185281 0.0257193 0.0182016 0.000132759 0.150204
-7.21369e-06 0.0270167 0.00740212 0.0244375 0.00023844 0.313812
-0.000396682 0.0265571 -7.21369e-06 0.0270167 0.000265429 0.341929
-0.0461801 0.0430894 -0.0431173 0.0420233 0.000239051 0.766081
-0.0461801 0.0430894 -0.0367862 0.0469967 4.01923e-05 0.0217302
0.0160235 -0.00571791 0.0147674 -0.00132426 2.15017e-05 0.000607712
0.0160235 -0.00571791 0.0220085 -0.00743691 6.59898e-05 0.0294608
0.018314 -0.0137295 0.0176116 -0.0112726 2.14282e-05 0.00210549
0.018314 -0.0137295 0.0194753 -0.0140272 2.28698e-05 0.00342888
0.0188582 -0.0156327 0.018314 -0.0137295 2.17858e-05 0.0023276
0.0188582 -0.0156327 0.0194753 -0.0140272 6.58782e-05 0.044323
0.0233188 -0.0312346 0.0227844 -0.0293656 2.21289e-05 0.00306059
0.0233188 -0.0312346 0.0237512 -0.0316807 0.000246116 0.158902
0.0273164 -0.0452172 0.0274652 -0.0457378 2.16948e-05 0.00051824
0.0274652 -0.0457378 0.0291917 -0.0473869 9.37886e-05 0.0176064
0.0274652 -0.0457378 0.0280288 -0.0477092 2.14978e-05 0.00106957
0.0106464 0.0218719 0.0173765 0.0202331 0.000131675 0.0849369
0.0106464 0.0218719 0.0108513 0.0232368 9.94162e-05 0.030796
-0.0228218 0.0300215 -0.021812 0.0297757 0.000153797 0.142718
-0.0406253 0.0405496 -0.0228218 0.0300215 0.000318772 0.436696
-0.0456549 0.0355815 -0.0228218 0.0300215 0.000118786 0.0985373
-0.0456549 0.0355815 -0.0406253 0.0405496 7.19048e-05 0.0549968
-0.0228853 0.00545744 -0.0198871 0.00459629 6.98278e-05 0.0283179
-0.024861 0.00766809 -0.0228853 0.00545744 0.000268365 0.198382
-0.0275275 0.00679075 -0.0258088 0.00629711 6.80085e-05 0.0218394
-0.0275275 0.00679075 -0.0262868 0.00560566 9.57585e-05 0.028794
-0.0320246 0.00808241 -0.0305216 0.00765072 6.59025e-05 0.0205685
-0.0320246 0.00808241 -0.0307483 0.00922386 0.000164361 0.110059
-0.0128852 -0.00573227 -0.000285636 -0.00896189 2.2971e-05 0.00302392
-0.015546 -0.00275501 -0.0128852 -0.00573227 0.000257736 0.0704953
-0.0343629 -0.000226973 -0.0309279 -0.00110746 2.26532e-05 0.00117677
-0.039767 0.00115824 -0.0354497 5.1619e-05 2.30411e-05 0.00294311
-0.039767 0.00115824 -0.0320246 0.00808241 0.000164664 0.109548
0.0485023 0.0126538 0.0487448 0.0137711 7.69925e-05 0.0168939
0.0436595 0.0185545 0.0487448 0.0137711 7.49885e-05 0.0539377
-0.0496576 -0.0281995 -0.0455004 -0.0221862 4.91115e-05 0.00651297
-0.0496576 -0.0281995 -0.0480626 -0.0296929 0.000101146 0.0336024
0.00781914 0.0362525 0.0120593 0.0412562 0.000229432 0.148885
0.0103954 0.0460197 0.0120593 0.0412562 0.000260502 0.0410932
-0.00627716 0.00501956 0.00749381 0.000868339 0.000251244 0.380523
0.00749381 0.000868339 0.00773991 0.00250792 8.93942e-05 0.0306944
0.0147674 -0.00132426 0.0187637 -0.00252893 0.000249605 0.38377
0.017402 -0.00131493 0.0187637 -0.00252893 0.000155968 0.0857917
0.0259314 -0.00468961 0.0283644 -0.00542305 0.000249119 0.371037
0.0283644 -0.00542305 0.0260859 0.00110009 0.000275378 0.0260233
0.0283644 -0.00542305 0.0292206 -0.00568115 0.000249108 0.165682
0.0292206 -0.00568115 0.0290883 -0.00593867 3.56297e-05 0.00756393
0.0292206 -0.00568115 0.0313759 -0.00633085 0.000249009 0.164241
0.0313759 -0.00633085 0.0311641 -0.00675996 7.73635e-05 0.0995608
0.0313759 -0.00633085 0.0435821 -0.0100104 0.000248704 0.129138
0.0435821 -0.0100104 0.0432496 -0.0115417 7.67493e-05 0.437744
0.0158301 -0.0235104 0.0179489 -0.0179983 6.60604e-05 0.0428208
0.0158301 -0.0235104 0.0170303 -0.0247483 0.000240524 0.00124021
0.00744961 -0.0453126 0.0111578 -0.0356656 6.46657e-05 0.000831328
0.00744961 -0.0453126 0.00850765 -0.0459855 2.93384e-05 0.00148767
-0.0488104 -0.00692954 -0.0487472 -0.00687306 0.000165879 0.110718
-0.0488104 -0.00692954 -0.0436847 -0.0126466 4.80931e-05 0.00786995
-0.00300402 -0.016789 0.00371497 -0.0243073 0.000255919 0.0640389
0.00371497 -0.0243073 0.00387531 -0.023239 8.71481e-05 0.0659161
0.00371497 -0.0243073 0.00595249 -0.026811 0.000253384 0.0435554
0.00595249 -0.026811 0.00741981 -0.0269428 9.92891e-05 0.123121
-0.00187863 -0.00524458 0.00239031 -0.00964781 0.000244507 0.0152938
-0.00187863 -0.00524458 -0.00358144 -0.00127101 0.000111706 0.0214465
-0.00550027 -0.00150901 -0.00187863 -0.00524458 0.000255198 0.015532
-0.00550027 -0.00150901 -0.00358144 -0.00127101 9.29303e-05 0.0387284
0.0450408 -0.0429945 0.0446417 -0.0371126 0.000419622 0.00215696
0.0446417 -0.0371126 0.05 -0.0385058 4.65855e-05 0.0514361
0.0446417 -0.0371126 0.0441759 -0.0302466 0.000427155 0.00351951
0.0441759 -0.0302466 0.05 -0.0307701 0.000103908 0.24202
-0.0312417 -0.0419235 -0.0207753 -0.0381995 0.000289066 0.28244
-0.0332804 -0.0406268 -0.0312417 -0.0419235 0.000116326 0.0443276
-0.0332804 -0.0406268 -0.0208395 -0.0381279 0.00012007 0.0513199
-0.048906 -0.0306882 -0.0429602 -0.03447 0.000123238 0.0486128
-0.04959 -0.0314953 -0.048906 -0.0306882 0.000250097 0.184832
0.0203295 0.00450413 0.0209244 0.00482588 0.000477588 0.218745
0.0180793 0.00583476 0.0203295 0.00450413 0.000267831 0.446962
0.00116224 -0.0413141 0.00744961 -0.0453126 2.94251e-05 0.00331025
0.00233931 -0.0334722 0.00116224 -0.0413141 8.31211e-05 3.67684e-05
-0.0229115 -0.0260041 -0.0172736 -0.0295896 2.95164e-05 0.00324396
-0.0237386 -0.0241422 -0.0229115 -0.0260041 0.000358156 0.000106116
-0.0261849 -0.0239223 -0.0229115 -0.0260041 3.02873e-05 0.00190655
-0.0261849 -0.0239223 -0.0237386 -0.0241422 0.000104568 0.035882
-0.0372237 -0.016902 -0.0261849 -0.0239223 3.00796e-05 0.00184698
-0.0385093 -0.0184192 -0.0372237 -0.016902 0.000240059 0.188876
-0.0400859 -0.0150818 -0.0372237 -0.016902 2.94061e-05 0.00319368
-0.0400859 -0.0150818 -0.0364765 -0.0160203 4.57077e-05 0.00914797
-0.0404352 -0.0148596 -0.0400859 -0.0150818 2.94095e-05 0.00309874
-0.0404352 -0.0148596 -0.0336164 -0.00499634 4.88818e-05 0.00827084
-0.043752 -0.0127503 -0.0433793 -0.0129873 2.93767e-05 0.00342799
-0.043752 -0.0127503 -0.0436847 -0.0126466 6.2122e-05 0.0114535
-0.0360532 0.0149344 -0.0346169 0.0135625 9.38204e-05 0.0348221
-0.0360532 0.0149344 -0.0286934 0.0119564 8.45858e-05 0.0368305
-0.0381487 0.0169361 -0.0360532 0.0149344 9.40023e-05 0.0350168
-0.0381487 0.0169361 -0.0290135 0.0123146 3.13511e-05 0.0048608
-0.0448113 0.0233 -0.0381487 0.0169361 9.41629e-05 0.0349392
-0.0448113 0.0233 -0.0355598 0.0196396 0.000115062 0.0686561
-0.0374354 0.0154937 -0.0360532 0.0149344 8.45466e-05 0.0365561
-0.0374354 0.0154937 -0.0357353 0.0138996 0.000133469 0.0709863
0.00544336 0.0312887 0.00770911 0.0300349 0.000115117 0.202809
0.0113219 0.0263719 0.0162766 0.0213483 0.00057127 0.0613155
0.0162766 0.0213483 0.0193919 0.0202638 0.00023408 0.384581
0.0162766 0.0213483 0.0173765 0.0202331 0.000557037 0.0229337
0.0173765 0.0202331 0.019591 0.0196938 0.000131872 0.181683
-0.00346 0.0493795 -0.00309095 0.0493605 3.09651e-05 0.00109602
-0.00330532 0.049618 -0.00309095 0.0493605 2.62861e-05 0.000818173
0.000327051 0.0491842 0.00371968 0.0490092 3.09286e-05 0.0012905
0.0169823 0.0483251 0.0429283 0.0469867 3.09266e-05 0.00851934
0.0260859 0.00110009 0.0311627 -0.00190211 0.000246355 0.111438
0.0292206 -0.00568115 0.0311627 -0.00190211 3.46451e-05 0.00305475
0.0311627 -0.00190211 0.0330199 -0.00300032 0.00024611 0.108674
0.0313759 -0.00633085 0.0330199 -0.00300032 7.71372e-05 0.0139721
0.0330199 -0.00300032 0.0437291 -0.00933319 0.000244041 0.0734358
0.0437291 -0.00933319 0.0435821 -0.0100104 7.37493e-05 0.0200589
-0.0478601 0.0334032 -0.0456549 0.0355815 7.93095e-05 0.0451284
-0.05 0.0357977 -0.0478601 0.0334032 0.000276902 0.290848
-0.0496305 -0.0218149 -0.0445168 -0.0139297 6.24435e-05 0.0109105
-0.0496305 -0.0218149 -0.0455004 -0.0221862 9.77045e-05 0.0449502
-0.0313319 0.0492653 -0.0228246 0.0430204 4.97379e-05 0.0112923
-0.0228246 0.0430204 -0.0228816 0.0437668 7.42054e-05 0.021369
-0.0228816 0.0437668 -0.0246774 0.0479573 0.000107302 0.0169896
-0.0228816 0.0437668 -0.0231368 0.0471047 7.37921e-05 0.0163703
-0.0124993 0.035441 -0.0079627 0.0321109 4.99611e-05 0.00708939
-0.0079627 0.0321109 -0.00466419 0.0368821 4.95129e-05 0.0127051
0.00367248 0.0235701 0.00870661 0.0198747 5.77487e-05 0.0158556
0.00794775 0.022529 0.00870661 0.0198747 2.44156e-05 0.000992197
0.00870661 0.0198747 0.0101839 0.0187903 5.6113e-05 0.0163203
0.0101839 0.0187903 0.0106464 0.0218719 9.46256e-05 0.0054855
0.0179605 0.0243618 0.0181373 0.0238556 0.000284061 0.131147
0.0175072 0.0246126 0.0181373 0.0238556 2.97059e-05 0.00206975
0.0181373 0.0238556 0.0193919 0.0202638 0.00028378 0.131141
0.0193919 0.0202638 0.0218346 0.0194136 0.000224479 0.395955
0.0193919 0.0202638 0.019591 0.0196938 0.000310539 0.123509
0.019591 0.0196938 0.0221123 0.0190799 0.000134501 0.148896
0.0315732 0.00308933 0.0331377 0.0019409 5.60109e-05 0.0257217
0.0325092 0.000717867 0.0331377 0.0019409 3.43442e-05 0.00621478
0.0331377 0.0019409 0.0348415 0.000690202 5.47222e-05 0.0252131
0.0345057 9.88431e-06 0.0348415 0.000690202 7.65193e-05 0.034723
0.0394415 -0.00174035 0.0449531 -0.0036948 0.000133333 0.243227
0.0358009 0.00263369 0.0394415 -0.00174035 2.79671e-05 0.00735613
-0.0235794 0.0352221 -0.0221296 0.0339296 0.000151187 0.0616303
-0.0221296 0.0339296 -0.0221915 0.034739 7.49868e-05 0.0141068
-0.0221296 0.0339296 -0.0166485 0.0290429 0.000157644 0.0699685
-0.0166485 0.0290429 -0.0166024 0.029114 7.14978e-05 0.0266536
-0.0184557 0.0334386 -0.0224412 0.042739 0.000107438 0.0123058
-0.0184557 0.0334386 -0.0146557 0.0321158 0.000198566 0.187502
-0.0166024 0.029114 -0.0184557 0.0334386 0.000107214 0.000766399
-0.0166024 0.029114 -0.0146557 0.0321158 6.66124e-05 0.0241203
0.0253428 -0.00839457 0.0270459 -0.00991294 0.000153869 0.107706
0.0267548 -0.0104793 0.0270459 -0.00991294 3.35642e-05 0.00954531
0.0288249 -0.011499 0.0312384 -0.0136508 0.000150956 0.137326
0.0306862 -0.0120701 0.0312384 -0.0136508 0.000273738 0.144775
0.0365775 -0.0184109 0.0399979 -0.0214604 0.000154946 0.277086
0.0399979 -0.0214604 0.0411596 -0.021169 0.000100598 0.178566
0.0399979 -0.0214604 0.0409182 -0.0222809 0.000152633 0.297828
0.0407652 -0.0229858 0.0409182 -0.0222809 7.50588e-05 0.053259
0.0409182 -0.0222809 0.0429468 -0.0240894 0.000152606 0.31093
0.0429468 -0.0240894 0.0446821 -0.0249673 3.25592e-05 0.0176092
0.0441792 -0.0250683 0.0456829 -0.0254736 2.33139e-05 0.010363
0.0441792 -0.0250683 0.0446821 -0.0249673 0.000114097 0.253743
-0.000285636 -0.00896189 -0.00187863 -0.00524458 0.000106592 0.0203714
-0.000285636 -0.00896189 0.00239031 -0.00964781 2.30178e-05 0.00169164
0.034296 -0.0224044 0.0352305 -0.0226563 2.27364e-05 0.00966265
0.0331542 -0.0191354 0.034296 -0.0224044 0.000262576 0.0662325
0.0196669 -0.0184613 0.0222895 -0.0191682 2.2574e-05 0.000965161
0.0196669 -0.0184613 0.0188582 -0.0156327 2.15092e-05 0.0038857
0.0179489 -0.0179983 0.0196669 -0.0184613 2.22582e-05 0.000216447
0.0179489 -0.0179983 0.0188582 -0.0156327 6.5968e-05 0.0437643
0.0051786 -0.0145562 0.00784604 -0.0152752 2.27176e-05 0.00151546
0.0051786 -0.0145562 0.00544276 -0.0127963 8.45693e-05 0.0305957
0.00741981 -0.0269428 0.00765677 -0.0274958 0.000106991 0.0378142
0.00765677 -0.0274958 0.00861096 -0.0277439 4.65659e-05 0.0104858
0.0210549 -0.0233163 0.0234044 -0.0224804 0.00027676 0.0398217
0.0210549 -0.0233163 0.0207342 -0.0221945 2.18893e-05 0.00746369
0.00862282 -0.0277397 0.00866106 -0.0277261 0.000286861 0.304442
0.00862282 -0.0277397 0.00863331 -0.0277497 9.8492e-05 0.0272053
0.00861096 -0.0277439 0.00862282 -0.0277397 0.000287225 0.302779
0.00861096 -0.0277439 0.00863331 -0.0277497 4.87984e-05 0.00896066
0.00787526 -0.0280057 0.00846053 -0.0293714 0.000111078 0.018091
0.00846053 -0.0293714 0.00994201 -0.0289998 0.000100291 0.0385564
0.00959347 -0.0320152 0.0111578 -0.0356656 0.000108557 0.0127407
0.0111578 -0.0356656 0.0127054 -0.0316394 6.74326e-05 0.00808332
0.00850765 -0.0459855 0.011015 -0.0475801 2.93384e-05 0.00117809
-0.0092509 -0.0106669 -0.00822913 -0.0109423 2.28415e-05 0.00192222
-0.0092509 -0.0106669 -0.00395127 -0.015729 9.64325e-05 0.0136614
-0.00964767 -0.0105599 -0.0092509 -0.0106669 2.32556e-05 0.00164639
-0.00964767 -0.0105599 -0.00300402 -0.016789 0.000137627 0.028104
-0.0192896 -0.00321934 -0.0194296 -0.00138849 7.76225e-05 0.00793483
-0.0192896 -0.00321934 -0.0176886 -0.00302077 9.8584e-05 0.0368411
-0.0192217 -0.00410808 -0.0192896 -0.00321934 7.30991e-05 0.00673887
-0.0192217 -0.00410808 -0.0155158 -0.00505798 2.27489e-05 0.00155525
-0.0277213 -0.00568841 -0.0189195 -0.00806083 2.26359e-05 0.00157021
-0.0304868 -0.00895197 -0.0277213 -0.00568841 0.000238011 0.197173
-0.0263736 -0.00409799 -0.0215804 -0.00350347 0.000100389 0.0374955
-0.0277213 -0.00568841 -0.0263736 -0.00409799 0.00023794 0.197225
-0.0325101 -0.00439765 -0.0313376 -0.00471369 2.25177e-05 0.00153295
-0.032781 -0.00378792 -0.0325101 -0.00439765 0.000363972 0.00124641
-0.0174246 0.0184246 -0.0140892 0.0232492 5.2296e-05 0.0159043
-0.0174246 0.0184246 -0.0110535 0.0161654 0.00013468 0.105587
-0.024861 0.00766809 -0.023557 0.00955423 5.25334e-05 0.0156027
-0.0281347 0.0113313 -0.024861 0.00766809 0.000268777 0.199258
-0.0258088 0.00629711 -0.024861 0.00766809 5.11535e-05 0.00982408
-0.0258088 0.00629711 -0.0228853 0.00545744 6.73757e-05 0.0215289
-0.0262868 0.00560566 -0.0258088 0.00629711 5.0485e-05 0.009266
-0.0262868 0.00560566 -0.0217903 0.00131067 9.53184e-05 0.028343
-0.0309279 -0.00110746 -0.0265237 0.00526295 4.88305e-05 0.00565237
-0.0309279 -0.00110746 -0.0251044 -0.00260018 2.26535e-05 0.00179904
-0.032781 -0.00378792 -0.0309279 -0.00110746 4.88315e-05 0.00594095
-0.0343629 -0.000226973 -0.032781 -0.00378792 0.000357657 0.00042309
-0.0374684 -0.00306119 -0.0330937 -0.00424034 2.26924e-05 0.00286887
-0.0374684 -0.00306119 -0.0354497 5.1619e-05 6.32186e-05 0.0124532
0.0232593 0.00919225 0.0241711 0.00658176 0.000301729 0.140994
0.0241711 0.00658176 0.0256937 0.00740522 0.000479958 0.275595
0.0260267 0.00301657 0.027312 0.0025608 0.000142153 0.18336
0.0260267 0.00301657 0.0272691 0.00624878 7.14696e-05 0.00173907
0.0283644 -0.00542305 0.0284573 -0.00568901 0.000276045 0.15937
0.0284573 -0.00568901 0.0290883 -0.00593867 0.000122066 0.0773672
0.0270459 -0.00991294 0.0275068 -0.0090161 3.53018e-05 0.00577191
0.0275068 -0.0090161 0.0297346 -0.00965597 6.82847e-05 0.0327575
0.034296 -0.0224044 0.0344522 -0.0228515 0.00026249 0.0662659
0.0344522 -0.0228515 0.0352305 -0.0226563 9.77734e-05 0.210084
0.0401368 -0.0258803 0.0440694 -0.0250904 0.000114925 0.299874
0.0392844 -0.029807 0.0401368 -0.0258803 7.66968e-05 0.0360484
-0.0355098 -0.0414455 -0.0336307 -0.0427735 0.000280767 0.256806
-0.0355098 -0.0414455 -0.0339645 -0.0428923 0.000107691 0.040717
-0.035836 -0.0411401 -0.0332804 -0.0406268 0.000117704 0.0475636
-0.035836 -0.0411401 -0.0355098 -0.0414455 0.000107989 0.0353401
-0.0366005 -0.0406747 -0.0359186 -0.0411567 0.000282214 0.258899
-0.0366005 -0.0406747 -0.0363896 -0.0406218 0.000102985 0.0356156
0.0115525 0.027908 0.00770911 0.0300349 0.00011004 0.00327235
0.0119076 0.030274 0.0115525 0.027908 0.00010029 0.055488
0.0175072 0.0246126 0.0179605 0.0243618 0.00011307 0.0354927
0.017648 0.0252564 0.0179605 0.0243618 0.000283167 0.14908
-0.00126987 0.0417919 0.00223883 0.0387251 0.000163425 0.0136396
0.00223883 0.0387251 0.00309769 0.0394932 0.000162534 0.0844233
0.00367658 0.0374684 0.00664838 0.0348709 0.000167641 0.0689179
0.00498158 0.0329039 0.00664838 0.0348709 0.000244996 0.222723
0.0119076 0.030274 0.015165 0.0274268 0.000187548 0.141116
0.0120432 0.0311774 0.015165 0.0274268 2.62948e-05 0.00248491
0.015165 0.0274268 0.017648 0.0252564 0.000186966 0.141443
0.0131062 0.0382591 0.017648 0.0252564 0.00026723 0.166447
0.0317427 0.0167348 0.0354949 0.0146584 0.000104541 0.113003
0.0354949 0.0146584 0.0390393 0.0134246 0.000220383 0.597986
0.0366047 0.00868707 0.0343745 0.00434743 3.50237e-05 0.000945451
0.0333401 0.0115405 0.0366047 0.00868707 0.000186765 0.58271
0.0363161 0.00367761 0.0381305 0.00735337 7.69179e-05 0.00286137
0.0366047 0.00868707 0.0381305 0.00735337 0.000186823 0.57604
0.0458809 0.000579001 0.0468369 0.00498253 8.18756e-05 0.0293824
0.0468369 0.00498253 0.05 0.00537486 0.000107352 0.208745
0.00340241 -0.0263896 0.0045319 -0.0266833 4.64751e-05 0.00357121
0.00340241 -0.0263896 0.00371497 -0.0243073 8.449e-05 0.00463947
-0.0168058 -0.0357093 -0.0167256 -0.0367587 7.70811e-05 0.00376041
-0.0167256 -0.0367587 -0.00984838 -0.0343117 0.000288983 0.286762
-0.0166847 -0.0372934 -0.0167256 -0.0367587 7.60552e-05 0.0015153
-0.0166847 -0.0372934 -0.00792624 -0.0355342 0.000115848 0.0482731
0.0198986 0.0232893 0.0257193 0.0182016 0.000171452 0.167845
0.0257193 0.0182016 0.0313377 0.0168335 0.000121886 0.180702
0.031091 0.0161914 0.0354949 0.0146584 0.000221953 0.601607
0.031091 0.0161914 0.0313377 0.0168335 7.30178e-05 0.057154
0.0443843 -0.00631477 0.0449531 -0.0036948 7.36968e-05 0.173205
0.0449531 -0.0036948 0.05 -0.00548444 0.000131599 0.325898
0.0209244 0.00482588 0.0253302 0.00326358 0.000141018 0.0323734
0.0209244 0.00482588 0.0241711 0.00658176 0.000476326 0.242573
0.0180793 0.00583476 0.0209244 0.00482588 0.000140728 0.111133
0.0116303 0.00964834 0.0180793 0.00583476 0.000269744 0.433617
0.00870661 0.0198747 0.00978205 0.0161131 2.23091e-05 0.00107953
0.00978205 0.0161131 0.0101839 0.0187903 8.6645e-05 0.00280826
0.00978205 0.0161131 0.0116303 0.00964834 2.18255e-05 0.00114859
0.00904148 0.0111793 0.0116303 0.00964834 0.000270113 0.432897
0.00873655 0.00914773 0.0121161 0.00794934 0.000136263 0.134822
0.00873655 0.00914773 0.00904148 0.0111793 8.97324e-05 0.0388169
0.0036393 0.0109552 0.00873655 0.00914773 0.000136505 0.129453
-0.0061909 0.0197194 0.0036393 0.0109552 0.000158604 0.103833
-0.0198142 0.00364269 -0.0191786 0.00439278 0.000236817 0.344899
-0.0191786 0.00439278 -0.00570439 0.000522754 6.91902e-05 0.0274723
-0.0168351 0.00715826 -0.0161305 0.00798981 0.000236688 0.346288
-0.0202413 0.009229 -0.0161305 0.00798981 0.000256891 0.384501
-0.0136158 0.0109574 -0.0104318 0.0147147 0.00024121 0.355374
-0.0110535 0.0161654 -0.0104318 0.0147147 0.000113004 0.00976874
-0.0195985 0.0191954 -0.0174246 0.0184246 0.00013502 0.105457
-0.0195985 0.0191954 -0.0143597 0.0238806 0.000176024 0.20729
-0.0210423 0.0197074 -0.0195985 0.0191954 0.000137438 0.115412
-0.0210423 0.0197074 -0.0212174 0.0219977 7.9452e-05 0.0117775
-0.0223923 0.0201861 -0.0210423 0.0197074 0.000137534 0.117792
-0.0223923 0.0201861 -0.0212174 0.0219977 6.85449e-05 0.0287361
-0.0409862 -0.0156566 -0.0385093 -0.0184192 4.7172e-05 0.00632942
-0.0409862 -0.0156566 -0.0405122 -0.0149709 4.90342e-05 0.00751657
0.0280288 -0.0477092 0.0291917 -0.0473869 9.38286e-05 0.000245058
0.0295304 -0.047293 0.0358697 -0.0455362 9.58021e-05 0.0696349
0.0387482 0.0128581 0.0390393 0.0134246 3.76937e-05 0.0204886
0.0390393 0.0134246 0.0408212 0.0128043 0.000220277 0.599983
0.041579 0.0143397 0.0485023 0.0126538 0.000121897 0.19144
0.0408212 0.0128043 0.041579 0.0143397 8.2793e-05 0.0476292
0.00945447 0.0487133 0.0117214 0.0485964 3.09266e-05 0.000864577
0.0124794 0.0478835 0.0142945 0.0461761 7.21898e-05 0.0253612
0.0146352 0.0484461 0.0142945 0.0461761 8.30702e-05 0.00805492
0.0142945 0.0461761 0.0350957 0.0266099 7.22512e-05 0.0385347
0.0350957 0.0266099 0.0385714 0.0356521 6.46561e-05 0.0091361
0.0148086 0.049601 0.0169823 0.0483251 3.56763e-05 0.0110727
0.0146352 0.0484461 0.0169823 0.0483251 3.09266e-05 0.00831118
0.0169823 0.0483251 0.0385714 0.0356521 3.56763e-05 0.0108923
0.0385714 0.0356521 0.0429283 0.0469867 6.4639e-05 0.00591117
-0.0323158 -0.00483502 -0.0313376 -0.00471369 9.38503e-05 0.0327634
-0.0325101 -0.00439765 -0.0323158 -0.00483502 0.000362228 0.00129755
-0.0336164 -0.00499634 -0.0323158 -0.00483502 9.44111e-05 0.0473009
-0.0336164 -0.00499634 -0.0330937 -0.00424034 4.98199e-05 0.0116061
-0.0391701 -0.00568519 -0.0336164 -0.00499634 9.47056e-05 0.0489902
-0.0391701 -0.00568519 -0.0374684 -0.00306119 6.35649e-05 0.0124322
0.0108513 0.0232368 0.0162766 0.0213483 0.000236265 0.286839
0.0108513 0.0232368 0.0113219 0.0263719 0.000104347 0.0968354
0.00740212 0.0244375 0.0108513 0.0232368 0.000237974 0.314375
0.00740212 0.0244375 0.00544336 0.0312887 2.21358e-05 0.000562664
-0.00592698 0.0200308 -0.00179886 0.0249024 0.000260803 0.331134
-0.00179886 0.0249024 0.00367248 0.0235701 0.000134829 0.10254
-0.00179886 0.0249024 -0.000396682 0.0265571 0.000264498 0.343509
-0.00193877 0.027689 -0.000396682 0.0265571 5.76583e-05 0.0128738
-0.0431173 0.0420233 -0.0401716 0.0409978 0.000192714 0.209272
-0.0321437 0.0489277 -0.0313319 0.0492653 3.37633e-05 0.00290057
-0.0321437 0.0489277 -0.0316015 0.0494632 7.11889e-05 0.00651396
-0.0367862 0.0469967 -0.0321437 0.0489277 3.30736e-05 0.00144975
0.0147674 -0.00132426 0.0144284 -0.000138394 2.19768e-05 0.000377009
0.00929331 0.000325885 0.0147674 -0.00132426 0.00024976 0.383513
0.0220085 -0.00743691 0.0253428 -0.00839457 6.57731e-05 0.0338835
0.0220085 -0.00743691 0.0225854 -0.0059362 6.57123e-05 0.0289651
0.0161591 -0.00619204 0.0160235 -0.00571791 2.16173e-05 0.00112982
0.0161591 -0.00619204 0.0216353 -0.00840786 8.51185e-05 0.0432508
0.0176116 -0.0112726 0.0161591 -0.00619204 2.14642e-05 0.00207266
0.0176116 -0.0112726 0.0200584 -0.0125104 3.11939e-05 0.00455978
0.0194753 -0.0140272 0.0242964 -0.0152629 2.31343e-05 0.00263968
0.0194753 -0.0140272 0.0200584 -0.0125104 6.58611e-05 0.0445979
0.0210549 -0.0233163 0.0217653 -0.025801 2.1701e-05 0.00617232
0.0217653 -0.025801 0.0216341 -0.0260669 7.35539e-05 0.0461823
0.0218274 -0.0260184 0.0224787 -0.0282964 2.23082e-05 0.00220293
0.0224787 -0.0282964 0.0263675 -0.0286459 0.00010373 0.154707
0.0227844 -0.0293656 0.0224787 -0.0282964 2.29745e-05 0.00234163
0.0227844 -0.0293656 0.0263675 -0.0286459 0.000118047 0.232861
0.0237512 -0.0316807 0.0361102 -0.0444284 0.000245774 0.155054
0.0237512 -0.0316807 0.0380694 -0.0354037 4.7165e-05 0.0316589
0.0234218 -0.031595 0.0233188 -0.0312346 2.13905e-05 3.50856e-05
0.0234218 -0.031595 0.0237512 -0.0316807 4.65957e-05 0.0105802
0.0273164 -0.0452172 0.0234218 -0.031595 2.14092e-05 0.000411573
0.0273164 -0.0452172 0.0295304 -0.047293 0.000135715 0.036819
-0.0113401 0.0272257 -0.0107736 0.0270877 0.000126853 0.0869984
-0.0113401 0.0272257 -0.00925826 0.030237 5.32367e-05 0.0147081
-0.0158391 0.0283212 -0.0113401 0.0272257 0.000124994 0.083846
-0.0165246 0.0289324 -0.0158391 0.0283212 0.000165254 0.0810323
-0.0163121 0.0284364 -0.0158391 0.0283212 0.000150352 0.129493
-0.0163121 0.0284364 -0.0165246 0.0289324 0.00013076 0.00201959
-0.021812 0.0297757 -0.0169423 0.0285899 0.000152849 0.138511
-0.021812 0.0297757 -0.0221296 0.0339296 9.73705e-05 0.0284517
-0.0431173 0.0420233 -0.0406253 0.0405496 0.000324444 0.440145
-0.0406253 0.0405496 -0.0401716 0.0409978 9.58735e-05 0.0787496
-0.0198871 0.00459629 -0.0191786 0.00439278 6.97068e-05 0.0286998
-0.0198871 0.00459629 -0.0201337 0.00782243 7.75604e-05 0.0107464
-0.0284296 0.00704984 -0.0275275 0.00679075 6.57496e-05 0.0200879
-0.0284296 0.00704984 -0.0265237 0.00526295 0.000134182 0.0574578
-0.0305216 0.00765072 -0.0284296 0.00704984 6.55894e-05 0.019375
-0.0305216 0.00765072 -0.0299729 0.00849686 6.33384e-05 0.0120279
-0.0304004 0.00953495 -0.0282489 0.0114591 0.000174778 0.13967
-0.0304004 0.00953495 -0.0297207 0.0088857 9.95413e-05 0.0314927
-0.0307483 0.00922386 -0.0304004 0.00953495 0.000173768 0.133867
-0.0307483 0.00922386 -0.0299729 0.00849686 0.000134265 0.0585705
-0.0205196 0.00281026 -0.0196786 0.00186924 0.000257657 0.0854734
-0.0196786 0.00186924 -0.0198142 0.00364269 7.55572e-05 0.0161764
-0.0196786 0.00186924 -0.015546 -0.00275501 0.000257496 0.0836058
-0.015546 -0.00275501 -0.00550027 -0.00150901 9.66531e-05 0.0782465
-0.0354497 5.1619e-05 -0.0343629 -0.000226973 2.30458e-05 0.00772283
-0.0354497 5.1619e-05 -0.0305216 0.00765072 6.28814e-05 0.010768
0.0474957 0.00801726 0.047993 0.0103078 8.24639e-05 0.0306071
0.047993 0.0103078 0.05 0.0096092 0.000219681 0.619386
0.047993 0.0103078 0.0485023 0.0126538 8.25303e-05 0.0206156
0.0485023 0.0126538 0.05 0.0122891 0.000122282 0.194113
-0.0455004 -0.0221862 -0.0409862 -0.0156566 4.90281e-05 0.00711331
-0.0455004 -0.0221862 -0.0419703 -0.0225035 9.76542e-05 0.0446775
-0.0429602 -0.03447 -0.0363896 -0.0406218 0.000112947 0.0370565
-0.0429602 -0.03447 -0.0341654 -0.0400639 0.000119666 0.0465582
-0.0480626 -0.0296929 -0.0429602 -0.03447 0.000112167 0.0335752
-0.048906 -0.0306882 -0.0480626 -0.0296929 0.000246997 0.182522
0.00664838 0.0348709 0.00781914 0.0362525 0.000229486 0.149034
0.00425806 0.0405309 0.00781914 0.0362525 2.64316e-05 0.00135753
0.00945447 0.0487133 0.0103954 0.0460197 0.000258045 0.000472745
0.0103954 0.0460197 0.0124794 0.0478835 0.000161201 0.0193875
-0.0161305 0.00798981 -0.00627716 0.00501956 0.000251646 0.375444
-0.00784293 0.00867334 -0.00627716 0.00501956 0.000114442 0.00918517
0.00837422 0.00673381 0.00873655 0.00914773 9.02179e-05 0.0463699
0.0036393 0.0109552 0.00837422 0.00673381 0.000157726 0.09281
0.00773991 0.00250792 0.00837422 0.00673381 9.02789e-05 0.0334483
0.00773991 0.00250792 0.0123094 0.00069998 0.000123214 0.0871144
0.0138625 0.00184068 0.0147961 0.00100841 0.000156999 0.0857552
0.0147961 0.00100841 0.0242566 0.00218183 9.95597e-05 0.0808353
0.0147961 0.00100841 0.017402 -0.00131493 0.000156822 0.0842443
0.017402 -0.00131493 0.023443 -0.00370508 0.000122231 0.0839444
0.0187637 -0.00252893 0.0233622 -0.00391516 0.00024938 0.374364
0.0233622 -0.00391516 0.023443 -0.00370508 6.98036e-05 0.0250152
0.0233622 -0.00391516 0.0259314 -0.00468961 0.0002492 0.372368
0.0259314 -0.00468961 0.0284573 -0.00568901 0.000121838 0.0862444
0.0260859 0.00110009 0.025707 0.00218477 0.000263721 0.00921691
0.0254374 0.00148353 0.0260859 0.00110009 0.000243921 0.0931352
0.0287646 -0.00656861 0.0290883 -0.00593867 3.52847e-05 0.00268813
0.0290883 -0.00593867 0.0311641 -0.00675996 0.000121533 0.0807043
0.0266737 -0.015857 0.0288249 -0.011499 7.3702e-05 0.0910921
0.0284509 -0.0111656 0.0288249 -0.011499 0.00015184 0.109127
0.0297346 -0.00965597 0.0297981 -0.00952739 7.56342e-05 0.023925
0.0287646 -0.00656861 0.0297981 -0.00952739 0.000275944 0.163512
0.0297981 -0.00952739 0.0311641 -0.00675996 7.65703e-05 0.0132924
0.0311641 -0.00675996 0.0432496 -0.0115417 0.000121245 0.152818
0.0409182 -0.0222809 0.0411596 -0.021169 7.51851e-05 0.0266809
0.0411596 -0.021169 0.044282 -0.0203858 0.000100453 0.186624
0.0428417 -0.0134206 0.0421297 -0.0167004 7.4104e-05 0.0221134
0.0428417 -0.0134206 0.05 -0.0154766 6.74113e-05 0.103461
0.0432496 -0.0115417 0.0428417 -0.0134206 7.36841e-05 0.062672
0.0432496 -0.0115417 0.0497351 -0.0141077 0.000121628 0.390593
0.0202784 -0.0280986 0.0205122 -0.0283397 0.000252113 0.247543
0.0202784 -0.0280986 0.0206162 -0.028129 0.000103527 0.127786
0.0185933 -0.0263604 0.0189592 -0.0267379 0.000251506 0.299901
0.0183164 -0.0268991 0.0185933 -0.0263604 3.37327e-05 0.000948568
0.0170303 -0.0247483 0.0185933 -0.0263604 0.000251564 0.299252
0.0170303 -0.0247483 0.0199569 -0.023707 0.000277067 0.0427962
-0.0433793 -0.0129873 -0.0419318 -0.0146018 4.71269e-05 0.00673967
-0.0433793 -0.0129873 -0.0404352 -0.0148596 2.93795e-05 0.00344205
-0.0436847 -0.0126466 -0.0433793 -0.0129873 4.71579e-05 0.0067442
-0.0436847 -0.0126466 -0.0391701 -0.00568519 6.24972e-05 0.0123519
-0.0128852 -0.00573227 -0.00822913 -0.0109423 0.000257276 0.0705356
-0.00822913 -0.0109423 0.0017112 -0.0136216 2.26207e-05 0.00289273
-0.00822913 -0.0109423 -0.00395127 -0.015729 0.000256843 0.0705706
-0.00395127 -0.015729 0.00387979 -0.0232092 9.5608e-05 0.0176628
-0.00395127 -0.015729 -0.00300402 -0.016789 0.00025642 0.0692388
-0.00300402 -0.016789 0.00387531 -0.023239 0.000136896 0.0382284
0.00438304 -0.0198564 0.0051786 -0.0145562 8.46998e-05 0.0305325
0.00438304 -0.0198564 0.0017112 -0.0136216 0.00010735 0.019667
0.00387979 -0.0232092 0.00438304 -0.0198564 8.498e-05 0.0401103
0.00387979 -0.0232092 0.00581157 -0.0250544 9.54752e-05 0.0233492
0.00387531 -0.023239 0.00387979 -0.0232092 8.5219e-05 0.046341
0.00387531 -0.023239 0.00581157 -0.0250544 0.000138419 0.0507782
0.00741981 -0.0269428 0.0078269 -0.0269794 9.99723e-05 0.0712141
0.00741981 -0.0269428 0.00716424 -0.0263465 0.00010691 0.0099092
0.00239031 -0.00964781 0.00544276 -0.0127963 0.000243124 0.0152893
0.00239031 -0.00964781 0.00578474 -0.0105179 2.31503e-05 0.00264321
-0.00397527 -0.000351996 -0.00358144 -0.00127101 0.000108649 0.00125399
-0.00358144 -0.00127101 -0.00243879 -0.00112928 9.51869e-05 0.0644099
-0.0202296 -0.0380054 -0.0167256 -0.0367587 0.000289214 0.285133
-0.0202296 -0.0380054 -0.0166847 -0.0372934 0.00011667 0.0472022
-0.0207753 -0.0381995 -0.0202296 -0.0380054 0.000288862 0.283345
-0.0207753 -0.0381995 -0.0162276 -0.043272 4.91638e-05 0.00407812
-0.0208395 -0.0381279 -0.0202296 -0.0380054 0.000119038 0.0514458
-0.0208395 -0.0381279 -0.0207753 -0.0381995 5.10755e-05 0.00791315
0.00337395 -0.0265792 0.00340241 -0.0263896 8.61131e-05 0.00304121
0.00337395 -0.0265792 0.0045319 -0.0266833 0.000101162 0.0176778
0.00273943 -0.0308065 0.0028938 -0.0297781 8.81337e-05 0.00327415
0.00273943 -0.0308065 0.00846053 -0.0293714 9.99165e-05 0.0361464
0.00233931 -0.0334722 0.00273943 -0.0308065 8.62078e-05 0.00287074
0.00233931 -0.0334722 0.00959347 -0.0320152 0.000114539 0.0466145
-0.0102404 -0.0340624 -0.00984838 -0.0343117 3.06121e-05 0.00331839
-0.0102404 -0.0340624 -0.00653594 -0.0331332 0.000100203 0.036147
-0.0172736 -0.0295896 -0.0102404 -0.0340624 2.95094e-05 0.00279873
-0.0176482 -0.0246896 -0.0172736 -0.0295896 7.45947e-05 0.00209785
-0.0261544 -0.0187042 -0.0237386 -0.0241422 0.000359587 0.00118261
-0.0237386 -0.0241422 -0.0176482 -0.0246896 0.000103208 0.0401068
-0.0419703 -0.0225035 -0.0385093 -0.0184192 0.000240266 0.188037
-0.0385093 -0.0184192 -0.0342233 -0.0231998 4.92605e-05 0.00276081
-0.0364765 -0.0160203 -0.0261544 -0.0187042 4.85021e-05 0.00681765
-0.0372237 -0.016902 -0.0364765 -0.0160203 0.000239833 0.189214
-0.0346169 0.0135625 -0.0304004 0.00953495 0.000104222 0.041108
-0.0357353 0.0138996 -0.0346169 0.0135625 0.000261699 0.363247
-0.0267553 0.0111722 -0.023382 0.00980732 9.24662e-05 0.0458777
-0.0267553 0.0111722 -0.023557 0.00955423 3.42994e-05 0.00582323
-0.0286934 0.0119564 -0.0280045 0.0116777 9.05313e-05 0.0467388
-0.0290135 0.0123146 -0.0286934 0.0119564 0.000267845 0.257462
-0.0268552 0.0112228 -0.0267553 0.0111722 3.46406e-05 0.00582896
-0.0269532 0.0112523 -0.0268552 0.0112228 0.000257184 0.38283
-0.0278717 0.011737 -0.0268552 0.0112228 3.40601e-05 0.00583415
-0.0278717 0.011737 -0.0277797 0.0118787 6.788e-05 0.0240694
-0.0279142 0.0117585 -0.0278717 0.011737 3.3721e-05 0.00572558
-0.0279142 0.0117585 -0.0277797 0.0118787 0.000175687 0.192073
-0.0290135 0.0123146 -0.0279142 0.0117585 3.43551e-05 0.0064332
-0.0355598 0.0196396 -0.0290135 0.0123146 0.000267729 0.257831
-0.0206601 0.0137445 -0.0205842 0.0137145 0.000123627 0.0851673
-0.0206601 0.0137445 -0.0205938 0.0138404 5.24579e-05 0.0151957
-0.025363 0.0156052 -0.0241497 0.0151252 0.00012363 0.0922516
-0.025363 0.0156052 -0.0223923 0.0201861 6.6991e-05 0.0237893
-0.0355598 0.0196396 -0.025363 0.0156052 0.000124188 0.0922961
-0.0423835 0.0272751 -0.0355598 0.0196396 0.000270984 0.26788
-0.0357353 0.0138996 -0.0307483 0.00922386 0.000150405 0.0866754
-0.05 0.0181997 -0.0357353 0.0138996 0.000266092 0.370637
-0.0246774 0.0479573 -0.0231368 0.0471047 9.87145e-05 0.0184675
-0.00974227 0.0396923 -0.00466419 0.0368821 9.79065e-05 0.0281841
-0.00466419 0.0368821 -0.00126987 0.0417919 4.94565e-05 0.0141299
-0.00167286 0.0352268 0.00419724 0.0319783 9.9072e-05 0.0399167
-7.21369e-06 0.0270167 0.00419724 0.0319783 0.000251736 0.293744
0.00419724 0.0319783 0.00544336 0.0312887 0.000115658 0.200501
0.00498158 0.0329039 0.00544336 0.0312887 2.43511e-05 0.00594556
0.00770911 0.0300349 0.0113219 0.0263719 0.000568214 0.0417218
0.0115525 0.027908 0.0113219 0.0263719 0.000100668 0.0120823
-0.0103577 0.0497353 -0.00346 0.0493795 3.09266e-05 0.00012616
-0.00346 0.0493795 -0.00330532 0.049618 6.2024e-05 0.000346746
-0.00309095 0.0493605 0.000327051 0.0491842 3.09342e-05 0.00135
-0.0316015 0.0494632 -0.0313319 0.0492653 4.97758e-05 0.00931619
-0.0224412 0.042739 -0.0124993 0.035441 4.97462e-05 0.00628722
-0.0124993 0.035441 -0.00974227 0.0396923 6.30614e-05 0.0227442
-0.000396682 0.0265571 0.00367248 0.0235701 5.86484e-05 0.0143486
0.00367248 0.0235701 0.00794775 0.022529 0.000134109 0.102536
0.00794775 0.022529 0.00740212 0.0244375 2.15896e-05 5.99104e-06
0.00794775 0.022529 0.0106464 0.0218719 0.000133578 0.102762
0.015165 0.0274268 0.0175072 0.0246126 2.8477e-05 0.00302786
0.0115525 0.027908 0.0175072 0.0246126 0.000115051 0.034667
0.0218346 0.0194136 0.0243782 0.0185281 0.000224416 0.395986
0.0181373 0.0238556 0.0218346 0.0194136 2.79397e-05 0.00358237
0.0221123 0.0190799 0.0243782 0.0185281 0.000134317 0.149815
0.0218346 0.0194136 0.0221123 0.0190799 3.04795e-05 0.00387254
0.0232593 0.00919225 0.0256937 0.00740522 5.67346e-05 0.00677328
0.0256937 0.00740522 0.0282438 0.00878432 0.000479369 0.275042
0.0256937 0.00740522 0.0272691 0.00624878 5.64772e-05 0.0143722
0.0282438 0.00878432 0.0272691 0.00624878 7.37019e-05 0.0106689
0.0272691 0.00624878 0.0315732 0.00308933 5.53104e-05 0.031139
0.0315732 0.00308933 0.0338746 0.00337478 0.000105558 0.116314
0.0311627 -0.00190211 0.0325092 0.000717867 3.43224e-05 0.0236969
0.0325092 0.000717867 0.0345057 9.88431e-06 0.000134706 0.176075
0.0330199 -0.00300032 0.0345057 9.88431e-06 7.59274e-05 0.130415
0.0345057 9.88431e-06 0.0369482 -0.000856241 0.000133603 0.231756
0.0299248 0.00969347 0.0343745 0.00434743 2.92457e-05 0.0099343
0.0343745 0.00434743 0.0338746 0.00337478 3.50796e-05 0.000955531
0.0350615 0.00352199 0.0358009 0.00263369 2.94299e-05 0.00593145
0.0348415 0.000690202 0.0358009 0.00263369 7.75944e-05 0.0315525
-0.0353736 0.0457372 -0.0235794 0.0352221 0.000147664 0.028814
-0.0235794 0.0352221 -0.0221915 0.034739 0.000198773 0.195569
-0.0221915 0.034739 -0.0228246 0.0430204 7.51281e-05 0.0194336
-0.0221915 0.034739 -0.0184557 0.0334386 0.000198696 0.19362
-0.0146557 0.0321158 -0.00925826 0.030237 0.000198836 0.187907
-0.0146557 0.0321158 -0.0124993 0.035441 6.33674e-05 0.0232882
0.0225854 -0.0059362 0.0253428 -0.00839457 0.000155058 0.106636
0.0253428 -0.00839457 0.0275068 -0.0090161 6.89454e-05 0.0317771
0.0207342 -0.0221945 0.0222895 -0.0191682 3.37301e-05 0.0144788
0.0247164 -0.0198224 0.0222895 -0.0191682 2.29373e-05 0.00103019
0.0245446 -0.01478 0.0267548 -0.0104793 3.34468e-05 0.0164102
0.0267548 -0.0104793 0.0284509 -0.0111656 8.49183e-05 0.0554067
0.0297981 -0.00952739 0.0298551 -0.00969057 0.000275587 0.166597
0.0298551 -0.00969057 0.0428417 -0.0134206 6.90556e-05 0.0578546
0.0298551 -0.00969057 0.0306862 -0.0120701 0.000275431 0.161104
0.0306862 -0.0120701 0.0421297 -0.0167004 8.97907e-05 0.112385
0.0312384 -0.0136508 0.0365775 -0.0184109 0.000155197 0.276558
0.0365775 -0.0184109 0.0414853 -0.0196689 2.40826e-05 0.00897068
0.0401368 -0.0258803 0.0405268 -0.0240839 7.55757e-05 0.054052
0.0405268 -0.0240839 0.0439864 -0.0250164 2.34401e-05 0.0110694
0.0405268 -0.0240839 0.0407652 -0.0229858 7.5804e-05 0.0534354
0.0407652 -0.0229858 0.0429468 -0.0240894 3.24472e-05 0.0185623
0.0456829 -0.0254736 0.05 -0.0276576 3.2469e-05 0.0187017
0.0456829 -0.0254736 0.05 -0.0266372 2.30885e-05 0.0102327
0.0446821 -0.0249673 0.0456829 -0.0254736 3.24841e-05 0.0185285
0.0446821 -0.0249673 0.05 -0.0238991 0.000114135 0.253408
0.0352305 -0.0226563 0.0405268 -0.0240839 2.26299e-05 0.00994547
0.0352305 -0.0226563 0.0384951 -0.0218374 9.77551e-05 0.210068
0.0325395 -0.0173759 0.0331542 -0.0191354 0.000262816 0.0662947
0.0331542 -0.0191354 0.0384951 -0.0218374 3.15851e-05 0.0159023
0.00784604 -0.0152752 0.0179489 -0.0179983 2.22934e-05 0.00283072
0.00784604 -0.0152752 0.0158301 -0.0235104 0.00023855 0.00819258
0.00689861 -0.00309706 0.00699088 -0.00248235 8.48083e-05 0.0465492
0.00689861 -0.00309706 0.0124523 -0.00469219 6.61e-05 0.0290871
0.00544276 -0.0127963 0.00578474 -0.0105179 8.51135e-05 0.050775
0.00544276 -0.0127963 0.00784604 -0.0152752 0.000239369 0.00828436
0.0234044 -0.0224804 0.0217653 -0.025801 7.37e-05 0.0477792
0.0207342 -0.0221945 0.0196669 -0.0184613 2.17093e-05 0.00463155
0.0199569 -0.023707 0.0207342 -0.0221945 3.37665e-05 0.0126025
0.0150887 -0.0254391 0.0170303 -0.0247483 0.000285678 0.30398
0.0150887 -0.0254391 0.0158301 -0.0235104 6.81996e-05 0.0171954
0.00866106 -0.0277261 0.0101681 -0.0271899 0.000286249 0.30907
0.00866106 -0.0277261 0.0087066 -0.0277688 0.000140691 0.0550021
0.00863331 -0.0277497 0.00994201 -0.0289998 9.85562e-05 0.0272864
0.00863331 -0.0277497 0.0087066 -0.0277688 4.85474e-05 0.00880632
0.0141232 -0.0279509 0.0153135 -0.0276524 0.000100179 0.0467152
0.0141232 -0.0279509 0.0142739 -0.0275589 6.80833e-05 0.00723878
0.0100032 -0.0289844 0.0117229 -0.0285531 0.00010108 0.044622
0.0100032 -0.0289844 0.012593 -0.0314127 0.000139472 0.0522925
0.00994201 -0.0289998 0.0100032 -0.0289844 0.000107596 0.0381288
0.00994201 -0.0289998 0.0124898 -0.0314334 9.75071e-05 0.0251631
0.00846053 -0.0293714 0.00959347 -0.0320152 0.000109031 0.0160896
0.00959347 -0.0320152 0.0124898 -0.0314334 0.000114334 0.0499444
0.0136947 -0.0290658 0.0141232 -0.0279509 6.77781e-05 0.00979344
0.0136947 -0.0290658 0.0167894 -0.0298705 4.75451e-05 0.0106817
0.0127397 -0.0315502 0.0128093 -0.0313692 6.69989e-05 0.0141257
0.0127397 -0.0315502 0.01489 -0.0335663 0.000137228 0.0408605
0.0127054 -0.0316394 0.0127397 -0.0315502 6.7528e-05 0.0100515
0.0127054 -0.0316394 0.014835 -0.0336735 9.60609e-05 0.0196848
-0.0194662 -0.000909324 -0.0196786 0.00186924 7.63983e-05 0.00952435
-0.0194662 -0.000909324 -0.0173055 -0.00297324 9.78905e-05 0.0147066
-0.0194296 -0.00138849 -0.0194662 -0.000909324 7.76018e-05 0.0091923
-0.0194296 -0.00138849 -0.0176886 -0.00302077 0.000140965 0.030796
-0.0173055 -0.00297324 -0.015546 -0.00275501 9.85721e-05 0.0426467
-0.0173055 -0.00297324 -0.0149788 -0.00519563 9.93173e-05 0.0133818
-0.0176886 -0.00302077 -0.0173055 -0.00297324 9.91613e-05 0.0412781
-0.0176886 -0.00302077 -0.0155158 -0.00505798 0.000139525 0.027808
-0.0149788 -0.00519563 -0.0128852 -0.00573227 2.37376e-05 0.00199562
-0.0149788 -0.00519563 -0.0092509 -0.0106669 9.78037e-05 0.0135273
-0.0155158 -0.00505798 -0.0149788 -0.00519563 2.3661e-05 0.00174751
-0.0155158 -0.00505798 -0.00964767 -0.0105599 0.000138698 0.0279305
-0.0364765 -0.0160203 -0.0304868 -0.00895197 0.000239102 0.190158
-0.0323158 -0.00483502 -0.0304868 -0.00895197 0.000364392 0.00510683
-0.0215804 -0.00350347 -0.0192896 -0.00321934 9.97239e-05 0.037657
-0.0215804 -0.00350347 -0.0192217 -0.00410808 2.48898e-05 0.00192079
-0.0132999 0.0243908 -0.0125871 0.0254219 5.77336e-05 0.0173903
-0.0135945 0.024565 -0.0132999 0.0243908 0.000283063 0.379333
-0.0140892 0.0232492 -0.0132999 0.0243908 5.30893e-05 0.0163068
-0.0143597 0.0238806 -0.0140892 0.0232492 0.000114173 0.00813572
-0.0110535 0.0161654 -0.00963023 0.0156607 0.000134051 0.104524
-0.0140892 0.0232492 -0.0110535 0.0161654 0.000109577 0.00816674
-0.0231712 0.0101122 -0.0206601 0.0137445 5.34465e-05 0.0155457
-0.0268552 0.0112228 -0.0231712 0.0101122 0.000257295 0.382652
-0.023382 0.00980732 -0.0231712 0.0101122 5.42228e-05 0.0172343
-0.023382 0.00980732 -0.0201866 0.00851437 9.16347e-05 0.0453007
-0.023557 0.00955423 -0.023382 0.00980732 5.25871e-05 0.0160395
-0.023557 0.00955423 -0.0201337 0.00782243 3.28149e-05 0.00536128
-0.0282489 0.0114591 -0.0281347 0.0113313 0.000269007 0.200945
-0.0281347 0.0113313 -0.0279844 0.0115631 6.73639e-05 0.0234344
-0.0217903 0.00131067 -0.0194662 -0.000909324 9.82953e-05 0.0147915
-0.0220197 0.00104 -0.0217903 0.00131067 0.000233776 0.211209
-0.0265237 0.00526295 -0.0262868 0.00560566 4.95485e-05 0.00831772
-0.0265237 0.00526295 -0.0220197 0.00104 0.000133991 0.0565236
-0.0251044 -0.00260018 -0.0215804 -0.00350347 2.33844e-05 0.00167144
-0.0263736 -0.00409799 -0.0251044 -0.00260018 0.00023658 0.195447
0.027312 0.0025608 0.0325092 0.000717867 0.00013499 0.17126
0.027312 0.0025608 0.0315732 0.00308933 0.000106092 0.113074
0.0297346 -0.00965597 0.0298551 -0.00969057 6.80109e-05 0.0361165
0.0288998 -0.0113472 0.0297346 -0.00965597 7.55312e-05 0.0268636
0.0380694 -0.0354037 0.0392844 -0.029807 7.40942e-05 0.0805202
0.0392844 -0.029807 0.0441759 -0.0302466 0.000104314 0.226666
-0.0168058 -0.0357093 -0.0102404 -0.0340624 0.000100774 0.0361308
-0.0172736 -0.0295896 -0.0168058 -0.0357093 7.2776e-05 0.00233113
-0.0363896 -0.0406218 -0.0341654 -0.0400639 0.000105766 0.0377802
-0.0363896 -0.0406218 -0.035836 -0.0411401 0.000108763 0.0354664
0.0120432 0.0311774 0.0119076 0.030274 8.34282e-05 0.00135043
0.00664838 0.0348709 0.0119076 0.030274 0.000189987 0.168003
-0.00580815 0.0457587 -0.00126987 0.0417919 0.000163787 0.0100768
-0.00126987 0.0417919 0.000762129 0.0447311 4.91882e-05 0.002444
0.00425806 0.0405309 0.0103954 0.0460197 0.00016248 0.084368
0.00203864 0.0431975 0.00425806 0.0405309 2.63052e-05 0.00101352
0.00309769 0.0394932 0.00425806 0.0405309 0.000162522 0.0844031
0.00203864 0.0431975 0.00309769 0.0394932 2.13905e-05 1.27188e-05
0.00223883 0.0387251 0.00367658 0.0374684 0.000167804 0.0688253
0.00309769 0.0394932 0.00367658 0.0374684 2.13905e-05 0.000214159
0.00419724 0.0319783 0.00498158 0.0329039 0.000245177 0.223149
0.00367658 0.0374684 0.00498158 0.0329039 2.13905e-05 1.07788e-05
0.00781914 0.0362525 0.0120432 0.0311774 2.6663e-05 0.00293035
0.0131062 0.0382591 0.0120432 0.0311774 8.37157e-05 0.00119299
0.0120593 0.0412562 0.0131062 0.0382591 0.000267444 0.16775
0.0131062 0.0382591 0.0142945 0.0461761 8.49514e-05 0.00334587
0.0313775 0.0169369 0.0317427 0.0167348 0.000101005 0.103549
0.0317427 0.0167348 0.0397398 0.0147875 0.000120866 0.181167
0.0358009 0.00263369 0.0363161 0.00367761 7.78316e-05 0.0310555
0.0363161 0.00367761 0.0415878 0.00433147 0.000103801 0.143528
0.0045319 -0.0266833 0.00765677 -0.0274958 4.81846e-05 0.0158956
0.0045319 -0.0266833 0.00595249 -0.026811 9.95524e-05 0.0119371
0.0028938 -0.0297781 0.00787526 -0.0280057 0.000287936 0.293818
0.00337395 -0.0265792 0.0028938 -0.0297781 8.6634e-05 0.0168945
-0.00984838 -0.0343117 -0.00653594 -0.0331332 0.000288724 0.287053
-0.00984838 -0.0343117 -0.00792624 -0.0355342 3.1129e-05 0.00294624
-0.00792624 -0.0355342 0.00233931 -0.0334722 0.000115213 0.0485163
-0.00792624 -0.0355342 0.00116224 -0.0413141 2.98227e-05 0.00316364
0.0313377 0.0168335 0.0317427 0.0167348 0.000122802 0.18934
0.0313377 0.0168335 0.0313775 0.0169369 6.8937e-05 0.042747
-0.00592698 0.0200308 0.00904148 0.0111793 0.000270952 0.419602
0.00904148 0.0111793 0.00978205 0.0161131 9.06751e-05 0.00269431
-0.0158391 0.0283212 -0.0126117 0.0254439 0.000191952 0.116593
-0.0126117 0.0254439 -0.0125074 0.0255371 0.000208533 0.251869
-0.00774825 0.0211078 -0.0061909 0.0197194 0.000172042 0.109249
-0.00963023 0.0156607 -0.0061909 0.0197194 0.000240006 0.350022
-0.0217903 0.00131067 -0.0205196 0.00281026 0.00023324 0.217044
-0.0228853 0.00545744 -0.0205196 0.00281026 0.00026767 0.196928
-0.0205196 0.00281026 -0.0198142 0.00364269 0.000237008 0.343078
-0.0198142 0.00364269 -0.0198871 0.00459629 7.85182e-05 0.0109108
-0.00416004 7.91886e-05 -0.00070239 -0.000913913 6.78534e-05 0.0267826
-0.00517119 0.00243874 -0.00416004 7.91886e-05 0.000106884 0.000535963
-0.00570439 0.000522754 -0.00416004 7.91886e-05 6.8063e-05 0.0276576
-0.00570439 0.000522754 -0.00397527 -0.000351996 3.31809e-05 0.005475
-0.017431 0.00645512 -0.0168351 0.00715826 0.000236899 0.345279
-0.0168351 0.00715826 -0.00517119 0.00243874 8.95853e-05 0.0431121
-0.0231712 0.0101122 -0.0202413 0.009229 0.000257015 0.383472
-0.0202413 0.009229 -0.0205842 0.0137145 7.88974e-05 0.00929791
-0.0161305 0.00798981 -0.0136158 0.0109574 0.000242218 0.356118
-0.0136158 0.0109574 -0.00784293 0.00867334 0.000125701 0.0881006
-0.0135945 0.024565 -0.0126117 0.0254439 0.000209075 0.266461
-0.0150123 0.0254034 -0.0135945 0.024565 0.00030329 0.417535
-0.0143597 0.0238806 -0.0135945 0.024565 0.00017623 0.206841
-0.0150123 0.0254034 -0.0143597 0.0238806 0.000132158 0.00675327
-0.0212174 0.0219977 -0.0217839 0.0294078 7.92111e-05 0.0135296
-0.0212174 0.0219977 -0.017901 0.0271116 6.75323e-05 0.0271538
0.0408212 0.0128043 0.047993 0.0103078 0.000220012 0.614716
0.0403972 0.0119455 0.0408212 0.0128043 8.03157e-05 0.0874728
0.00371968 0.0490092 0.00945447 0.0487133 3.09373e-05 0.0048074
0.0117214 0.0485964 0.0124794 0.0478835 7.21898e-05 0.000271843
0.0124794 0.0478835 0.0131918 0.0485206 0.000161201 0.00815184
0.0145618 0.0497459 0.0148086 0.049601 3.56763e-05 0.0317853
0.0148086 0.049601 0.0146352 0.0484461 8.30702e-05 0.00889547
0.0131918 0.0485206 0.0146352 0.0484461 3.09266e-05 0.00605344
-0.0061909 0.0197194 -0.00592698 0.0200308 0.000243426 0.354664
-0.00774825 0.0211078 -0.00592698 0.0200308 0.000287327 0.395782
-0.00642169 0.0309798 -0.00193877 0.027689 5.05116e-05 0.00970098
-0.00193877 0.027689 -7.21369e-06 0.0270167 0.000225623 0.257124
-0.0401716 0.0409978 -0.0235794 0.0352221 0.000199653 0.220065
-0.0401716 0.0409978 -0.0353736 0.0457372 7.04298e-05 0.0559858
0.0144284 -0.000138394 0.0141243 0.000925088 2.16172e-05 0.00047012
0.0144284 -0.000138394 0.017402 -0.00131493 0.000122117 0.0854101
0.00749381 0.000868339 0.00929331 0.000325885 0.000250625 0.38388
0.00929331 0.000325885 0.0123094 0.00069998 9.95613e-05 0.0752814
0.0225854 -0.0059362 0.0233622 -0.00391516 6.91947e-05 0.0170751
0.0187637 -0.00252893 0.0225854 -0.0059362 0.000156333 0.101149
0.0216353 -0.00840786 0.0267548 -0.0104793 8.50327e-05 0.0526451
0.0216353 -0.00840786 0.0220085 -0.00743691 6.56207e-05 0.0333412
0.0267349 -0.015888 0.0331542 -0.0191354 3.17571e-05 0.0148017
0.0267349 -0.015888 0.0325395 -0.0173759 2.30497e-05 0.00920263
0.0200584 -0.0125104 0.0245446 -0.01478 3.15376e-05 0.00306029
0.0200584 -0.0125104 0.0216353 -0.00840786 6.57199e-05 0.0453895
0.026667 -0.0158706 0.0267349 -0.015888 2.31598e-05 0.00958075
0.0247164 -0.0198224 0.026667 -0.0158706 7.3709e-05 0.0984052
0.0242964 -0.0152629 0.026667 -0.0158706 2.29688e-05 0.00285004
0.0222895 -0.0191682 0.0242964 -0.0152629 3.36196e-05 0.0158773
0.0197 -0.0299852 0.0205122 -0.0283397 7.57918e-05 0.0150164
0.0205122 -0.0283397 0.021715 -0.0295804 0.000250348 0.23294
0.0205122 -0.0283397 0.0206162 -0.028129 7.66001e-05 0.0682889
0.0206162 -0.028129 0.0224787 -0.0282964 0.000103596 0.153914
0.0206162 -0.028129 0.0216341 -0.0260669 7.59402e-05 0.0331227
0.0216341 -0.0260669 0.0218274 -0.0260184 9.99098e-05 0.156414
0.0217653 -0.025801 0.0218274 -0.0260184 2.17783e-05 0.0118643
0.0218274 -0.0260184 0.0344522 -0.0228515 9.97849e-05 0.158706
0.0263675 -0.0286459 0.0392844 -0.029807 0.000105943 0.192964
0.0263675 -0.0286459 0.0358135 -0.0267486 0.000115721 0.19956
0.0361102 -0.0444284 0.0369058 -0.045249 0.000245124 0.130778
0.0358697 -0.0455362 0.0361102 -0.0444284 7.38715e-05 0.0191704
0.0380694 -0.0354037 0.0446417 -0.0371126 4.78018e-05 0.0626434
0.0361102 -0.0444284 0.0380694 -0.0354037 7.47673e-05 0.0998749
-0.0107736 0.0270877 -0.00179886 0.0249024 0.000149073 0.12291
-0.0107736 0.0270877 -0.0078143 0.0297343 0.00019799 0.228253
-0.00925826 0.030237 -0.0079627 0.0321109 5.03397e-05 0.0131309
-0.00925826 0.030237 -0.0078143 0.0297343 0.000198963 0.188399
-0.0169423 0.0285899 -0.0163121 0.0284364 0.00015046 0.135333
-0.0169423 0.0285899 -0.0166485 0.0290429 8.38353e-05 0.045156
-0.0201866 0.00851437 -0.0202413 0.009229 7.97506e-05 0.0119174
-0.0201866 0.00851437 -0.0168351 0.00715826 9.05379e-05 0.0444903
-0.0201337 0.00782243 -0.0201866 0.00851437 7.65334e-05 0.0108105
-0.0201337 0.00782243 -0.017431 0.00645512 3.30805e-05 0.00550348
-0.0297207 0.0088857 -0.0281347 0.0113313 6.65228e-05 0.0162217
-0.0297207 0.0088857 -0.0275275 0.00679075 9.75801e-05 0.0299422
-0.0299729 0.00849686 -0.0297207 0.0088857 6.30251e-05 0.0137415
-0.0299729 0.00849686 -0.0284296 0.00704984 0.000134284 0.0577861
-0.0280045 0.0116777 -0.0279142 0.0117585 0.000175725 0.191874
-0.0280045 0.0116777 -0.0279297 0.0116474 9.14249e-05 0.0452489
-0.0280952 0.0115966 -0.0280045 0.0116777 0.00017593 0.191112
-0.0284738 0.0117107 -0.0280952 0.0115966 0.000254192 0.376506
-0.0282489 0.0114591 -0.0280952 0.0115966 0.000182797 0.199891
-0.0284738 0.0117107 -0.0282489 0.0114591 0.000275305 0.240401
-0.0419703 -0.0225035 -0.0342233 -0.0231998 0.000107028 0.0364301
-0.0480626 -0.0296929 -0.0419703 -0.0225035 0.00024356 0.183589
-0.0341654 -0.0400639 -0.0332804 -0.0406268 0.000119946 0.0476882
-0.0341654 -0.0400639 -0.0218692 -0.0369794 0.000103324 0.0372343
-0.0104318 0.0147147 -0.00784293 0.00867334 0.000112651 0.00875633
-0.00784293 0.00867334 0.00773991 0.00250792 0.000124391 0.0885074
0.0123094 0.00069998 0.0144284 -0.000138394 0.000122176 0.0853842
0.0123094 0.00069998 0.0141243 0.000925088 0.000100267 0.0777619
0.00837422 0.00673381 0.0138625 0.00184068 0.000156797 0.0859381
0.0138625 0.00184068 0.0121161 0.00794934 2.15945e-05 0.00104549
0.0257784 0.00237058 0.027312 0.0025608 9.42445e-05 0.0960212
0.0257784 0.00237058 0.0260267 0.00301657 6.56856e-05 0.0269942
0.0256477 0.00235438 0.0257784 0.00237058 9.38643e-05 0.0929676
0.0253302 0.00326358 0.0256477 0.00235438 0.000263538 0.0226176
0.0242566 0.00218183 0.0256477 0.00235438 9.25934e-05 0.0206578
0.0203295 0.00450413 0.0242566 0.00218183 0.000237403 0.0641967
0.023443 -0.00370508 0.0259314 -0.00468961 0.000122047 0.0831333
0.023443 -0.00370508 0.0254374 0.00148353 6.91241e-05 0.0269167
0.025707 0.00218477 0.0256477 0.00235438 0.000259939 0.00328139
0.025707 0.00218477 0.0257784 0.00237058 6.683e-05 0.0313672
0.0242566 0.00218183 0.0254374 0.00148353 0.000243251 0.0878747
0.0254374 0.00148353 0.025707 0.00218477 6.63856e-05 0.00781103
0.026667 -0.0158706 0.0266737 -0.015857 7.36728e-05 0.0963303
0.0266737 -0.015857 0.0267349 -0.015888 3.17801e-05 0.0144836
0.0270459 -0.00991294 0.0284509 -0.0111656 0.000153641 0.108624
0.0284509 -0.0111656 0.0288998 -0.0113472 8.81806e-05 0.0547099
0.0485758 -0.0193087 0.05 -0.0189514 0.000100693 0.191023
0.0485758 -0.0193087 0.05 -0.0198849 8.8391e-05 0.140668
0.044282 -0.0203858 0.0485758 -0.0193087 0.000100617 0.186435
0.044282 -0.0203858 0.05 -0.0218515 2.37142e-05 0.010403
0.0414853 -0.0196689 0.0421297 -0.0167004 7.5446e-05 0.0156424
0.0421297 -0.0167004 0.0485758 -0.0193087 8.87618e-05 0.145445
0.0189592 -0.0267379 0.0202784 -0.0280986 0.000251188 0.27937
0.0189592 -0.0267379 0.0216341 -0.0260669 0.000101472 0.0957408
0.0167894 -0.0298705 0.0178138 -0.0278771 3.42569e-05 0.00301265
0.0178138 -0.0278771 0.0202784 -0.0280986 0.000102273 0.0534263
0.0178138 -0.0278771 0.0183164 -0.0268991 3.50082e-05 0.00139308
0.0183164 -0.0268991 0.0189592 -0.0267379 9.95515e-05 0.0448273
0.0199569 -0.023707 0.0210549 -0.0233163 0.000276894 0.0408763
0.0199569 -0.023707 0.0185933 -0.0263604 3.36487e-05 0.00337265
0.00581157 -0.0250544 0.00716424 -0.0263465 9.71379e-05 0.0243565
0.00581157 -0.0250544 0.00714719 -0.0263067 0.00013738 0.0501671
0.0101681 -0.0271899 0.0142739 -0.0275589 0.000102432 0.0472126
0.0101681 -0.0271899 0.0150887 -0.0254391 0.000285733 0.307488
0.0078269 -0.0269794 0.00786874 -0.0269832 9.94724e-05 0.0636751
0.0078269 -0.0269794 0.00862282 -0.0277397 9.51769e-05 0.0320069
0.00716424 -0.0263465 0.00714719 -0.0263067 0.000109309 0.0106535
0.00716424 -0.0263465 0.0078269 -0.0269794 9.58883e-05 0.0235774
0.00578474 -0.0105179 0.018314 -0.0137295 2.28319e-05 0.00318966
0.00578474 -0.0105179 0.00651414 -0.00565849 8.50449e-05 0.0506792
-0.00416004 7.91886e-05 -0.00397527 -0.000351996 0.00010973 0.00111601
-0.00397527 -0.000351996 -0.00243879 -0.00112928 3.26683e-05 0.00513891
0.00737671 8.81628e-05 0.00929331 0.000325885 9.57214e-05 0.0738761
0.00737671 8.81628e-05 0.00749381 0.000868339 8.64951e-05 0.0387302
-0.00070239 -0.000913913 0.00221908 -0.000551554 9.56085e-05 0.0670874
-0.00070239 -0.000913913 0.00689861 -0.00309706 6.62187e-05 0.0239455
-0.00243879 -0.00112928 -0.00070239 -0.000913913 9.50628e-05 0.0650357
-0.00243879 -0.00112928 0.00651414 -0.00565849 3.1414e-05 0.00370481
-0.00653594 -0.0331332 0.00273943 -0.0308065 0.000100775 0.036246
-0.00653594 -0.0331332 0.0028938 -0.0297781 0.000288406 0.287264
-0.0176482 -0.0246896 -0.0179426 -0.0208395 7.61565e-05 0.00615735
-0.0176482 -0.0246896 0.00337395 -0.0265792 0.000102106 0.0344142
-0.0304868 -0.00895197 -0.0261544 -0.0187042 0.000363122 0.0010981
-0.0261544 -0.0187042 -0.0179426 -0.0208395 4.5621e-05 0.00666722
-0.0342233 -0.0231998 -0.0218692 -0.0369794 4.94695e-05 0.005668
-0.0342233 -0.0231998 -0.0261849 -0.0239223 0.000105418 0.0356366
-0.0280952 0.0115966 -0.0279844 0.0115631 0.000257444 0.38308
-0.0279844 0.0115631 -0.0279297 0.0116474 6.84873e-05 0.0242387
-0.0279844 0.0115631 -0.0269532 0.0112523 0.000257569 0.382578
-0.0269532 0.0112523 -0.0267553 0.0111722 9.26993e-05 0.0457388
-0.0277797 0.0118787 -0.025363 0.0156052 6.72441e-05 0.0228524
-0.0277797 0.0118787 -0.0241497 0.0151252 0.000175825 0.192476
-0.0205842 0.0137145 -0.0136158 0.0109574 0.000123507 0.0853061
-0.0205842 0.0137145 -0.0205938 0.0138404 7.86358e-05 0.00924044
-0.0205938 0.0138404 -0.0174246 0.0184246 5.25443e-05 0.0154813
-0.0205938 0.0138404 -0.0209133 0.0180196 7.72394e-05 0.00919622
-0.0241497 0.0151252 -0.0206601 0.0137445 0.000123724 0.0848278
-0.0241497 0.0151252 -0.0209133 0.0180196 0.000175527 0.197986
-0.0231368 0.0471047 -0.00974227 0.0396923 9.82437e-05 0.0308519
-0.00974227 0.0396923 -0.00580815 0.0457587 6.30195e-05 0.0270692
-0.00466419 0.0368821 -0.00167286 0.0352268 9.77265e-05 0.0275223
-0.00167286 0.0352268 0.00223883 0.0387251 0.000164818 0.139801
0.0282438 0.00878432 0.0299248 0.00969347 0.000479088 0.270977
0.0282438 0.00878432 0.0290139 0.0107879 7.32633e-05 0.0169026
0.0338746 0.00337478 0.0350615 0.00352199 0.000105154 0.119689
0.0331377 0.0019409 0.0338746 0.00337478 3.76534e-05 0.00728747
0.0299248 0.00969347 0.0290139 0.0107879 3.03967e-05 0.00292177
0.0299248 0.00969347 0.0333401 0.0115405 0.000478701 0.270403
0.0343745 0.00434743 0.0350615 0.00352199 2.82659e-05 0.0102643
0.0350615 0.00352199 0.0363161 0.00367761 0.000104902 0.121078
-0.0367862 0.0469967 -0.0353736 0.0457372 0.000169352 0.00487409
-0.0353736 0.0457372 -0.0321437 0.0489277 7.16426e-05 0.00717039
0.0247164 -0.0198224 0.034296 -0.0224044 2.26583e-05 0.00983087
0.0234044 -0.0224804 0.0247164 -0.0198224 7.3822e-05 0.101592
0.0242964 -0.0152629 0.0245446 -0.01478 3.35251e-05 0.015791
0.0245446 -0.01478 0.0266737 -0.015857 3.1539e-05 0.0024427
0.0414853 -0.0196689 0.044282 -0.0203858 2.38165e-05 0.0108457
0.0411596 -0.021169 0.0414853 -0.0196689 7.5642e-05 0.016161
0.0384951 -0.0218374 0.0399979 -0.0214604 9.77017e-05 0.209702
0.0384951 -0.0218374 0.0407652 -0.0229858 3.19149e-05 0.0172094
0.0312384 -0.0136508 0.0325395 -0.0173759 0.000262819 0.0663562
0.0325395 -0.0173759 0.0365775 -0.0184109 2.29947e-05 0.00993799
0.00699088 -0.00248235 0.00737671 8.81628e-05 8.48794e-05 0.0402988
0.00699088 -0.00248235 0.0124523 -0.00469219 8.56348e-05 0.0428737
0.0124523 -0.00469219 0.0160235 -0.00571791 6.61465e-05 0.0292193
0.0124523 -0.00469219 0.0161591 -0.00619204 8.52621e-05 0.0429426
0.0087066 -0.0277688 0.0100032 -0.0289844 0.000139798 0.0550883
0.0087066 -0.0277688 0.0117229 -0.0285531 4.84229e-05 0.00959527
0.0153135 -0.0276524 0.0183164 -0.0268991 9.97819e-05 0.0445558
0.0153135 -0.0276524 0.0178138 -0.0278771 0.000102516 0.0527688
0.0142739 -0.0275589 0.0150887 -0.0254391 6.77099e-05 0.00226397
0.0142739 -0.0275589 0.0153135 -0.0276524 0.00010223 0.050627
0.0117229 -0.0285531 0.0141232 -0.0279509 0.000100476 0.0448759
0.0117229 -0.0285531 0.0136947 -0.0290658 4.82474e-05 0.0096595
0.012593 -0.0314127 0.0127397 -0.0315502 0.000137238 0.0428078
0.012593 -0.0314127 0.0128093 -0.0313692 0.000116038 0.065132
0.0124898 -0.0314334 0.0127054 -0.0316394 9.63642e-05 0.0210101
0.0124898 -0.0314334 0.012593 -0.0314127 0.000114709 0.0535205
0.0194191 -0.0305542 0.0234218 -0.031595 4.67463e-05 0.0103736
0.0169698 -0.0355163 0.0194191 -0.0305542 7.47417e-05 0.0214545
0.0167894 -0.0298705 0.0183068 -0.030265 4.72975e-05 0.0108818
0.0163886 -0.0306503 0.0167894 -0.0298705 3.46047e-05 0.00317944
0.0128093 -0.0313692 0.0136947 -0.0290658 6.78073e-05 0.0104059
0.0128093 -0.0313692 0.0163886 -0.0306503 0.00011574 0.0673802
0.0169698 -0.0355163 0.0273164 -0.0452172 0.000136199 0.0368355
0.0169039 -0.0356497 0.0169698 -0.0355163 7.43929e-05 0.0142172
0.01489 -0.0335663 0.0169698 -0.0355163 0.000136993 0.0406067
0.014835 -0.0336735 0.01489 -0.0335663 3.39901e-05 0.00310864
0.0169039 -0.0356497 0.0274652 -0.0457378 9.41083e-05 0.0176714
0.0138245 -0.0418884 0.0169039 -0.0356497 7.29973e-05 0.011715
0.014835 -0.0336735 0.0169039 -0.0356497 9.55924e-05 0.0195154
0.0123643 -0.038481 0.014835 -0.0336735 3.33339e-05 0.00240738
-0.0125074 0.0255371 -0.0113401 0.0272257 6.4259e-05 0.0208342
-0.0125074 0.0255371 -0.0107736 0.0270877 0.000208306 0.251928
-0.0125871 0.0254219 -0.0125074 0.0255371 6.41045e-05 0.0201874
-0.0126117 0.0254439 -0.0125871 0.0254219 0.00019105 0.133826
-0.0251044 -0.00260018 -0.0220197 0.00104 0.000236305 0.195681
-0.0220197 0.00104 -0.0194296 -0.00138849 0.000141538 0.0313597
0.0288249 -0.011499 0.0288998 -0.0113472 7.47229e-05 0.034171
0.0288998 -0.0113472 0.0306862 -0.0120701 8.78257e-05 0.060901
-0.00580815 0.0457587 -0.0103577 0.0497353 0.000161947 2.40925e-05
-0.00580815 0.0457587 -0.00346 0.0493795 6.23751e-05 0.000826344
0.000762129 0.0447311 0.00135499 0.0455887 4.8922e-05 0.00229527
-0.00309095 0.0493605 0.000762129 0.0447311 2.62923e-05 0.000520452
0.000762129 0.0447311 0.00203864 0.0431975 2.63926e-05 0.00081882
0.00135499 0.0455887 0.00203864 0.0431975 2.14255e-05 0.000248402
0.0198986 0.0232893 0.0313775 0.0169369 0.000100391 0.0887193
0.0313775 0.0169369 0.0350957 0.0266099 6.65783e-05 0.020947
-0.0125871 0.0254219 -0.00774825 0.0211078 0.000189502 0.133388
-0.0132999 0.0243908 -0.00774825 0.0211078 0.000282679 0.379359
-0.00517119 0.00243874 -0.00627716 0.00501956 0.00010745 0.000687134
-0.00517119 0.00243874 0.00221908 -0.000551554 8.86797e-05 0.0420738
-0.0191786 0.00439278 -0.017431 0.00645512 0.00023676 0.345403
-0.017431 0.00645512 -0.00570439 0.000522754 3.22828e-05 0.00505876
-0.017901 0.0271116 -0.0150123 0.0254034 0.000303959 0.417484
-0.0163121 0.0284364 -0.0150123 0.0254034 0.00012931 0.0048614
-0.0217839 0.0294078 -0.021812 0.0297757 9.46199e-05 0.0210557
-0.0228218 0.0300215 -0.0217839 0.0294078 0.000306439 0.420839
-0.017901 0.0271116 -0.0169423 0.0285899 7.97771e-05 0.0373119
-0.0217839 0.0294078 -0.017901 0.0271116 0.000305486 0.419137
0.0131918 0.0485206 0.0145618 0.0497459 0.000161201 0.00703461
0.0117214 0.0485964 0.0131918 0.0485206 3.09266e-05 0.000230033
-0.0079627 0.0321109 -0.00642169 0.0309798 5.09803e-05 0.00757417
-0.00642169 0.0309798 -0.00167286 0.0352268 0.000165212 0.147125
0.0141243 0.000925088 0.0138625 0.00184068 2.29024e-05 0.000491
0.0141243 0.000925088 0.0147961 0.00100841 0.000100222 0.0777858
0.0194191 -0.0305542 0.0197 -0.0299852 7.50998e-05 0.0212551
0.0197 -0.0299852 0.021715 -0.0295804 0.000115147 0.0723748
0.021715 -0.0295804 0.0233188 -0.0312346 0.000246179 0.159134
0.021715 -0.0295804 0.0227844 -0.0293656 0.000118089 0.23266
-0.0078143 0.0297343 -0.00642169 0.0309798 0.000165292 0.147682
-0.0078143 0.0297343 -0.00193877 0.027689 0.000226397 0.25736
-0.0279297 0.0116474 -0.0269532 0.0112523 9.1636e-05 0.0453692
-0.0279297 0.0116474 -0.0278717 0.011737 6.80093e-05 0.0241065
-0.0346169 0.0135625 -0.0284738 0.0117107 0.000260357 0.361212
-0.0286934 0.0119564 -0.0284738 0.0117107 0.000266438 0.254634
-0.0218692 -0.0369794 -0.0168058 -0.0357093 0.000101653 0.0370015
-0.0218692 -0.0369794 -0.0208395 -0.0381279 5.03496e-05 0.00727387
0.00786874 -0.0269832 0.00866106 -0.0277261 0.000136768 0.0649036
0.00786874 -0.0269832 0.0101681 -0.0271899 9.9833e-05 0.0423194
0.00714719 -0.0263067 0.00786874 -0.0269832 0.000137388 0.04926
0.00714719 -0.0263067 0.00438304 -0.0198564 0.000108297 0.0119004
0.00651414 -0.00565849 0.00689861 -0.00309706 8.49383e-05 0.0504458
0.00651414 -0.00565849 0.0176116 -0.0112726 3.14849e-05 0.00449766
0.00221908 -0.000551554 0.00737671 8.81628e-05 9.67768e-05 0.0723413
0.00221908 -0.000551554 0.00699088 -0.00248235 8.58238e-05 0.0366362
-0.0209133 0.0180196 -0.0210423 0.0197074 7.85701e-05 0.00760238
-0.0209133 0.0180196 -0.0195985 0.0191954 0.00017515 0.199057
0.0290139 0.0107879 0.0303184 0.0141817 7.23482e-05 0.0186493
0.0221123 0.0190799 0.0290139 0.0107879 2.70741e-05 0.000815997
0.0183068 -0.030265 0.0194191 -0.0305542 4.8256e-05 0.00989788
0.0183068 -0.030265 0.0197 -0.0299852 0.000115436 0.0682249
0.01489 -0.0335663 0.0163886 -0.0306503 3.39399e-05 0.00442035
0.0163886 -0.0306503 0.0183068 -0.030265 0.000115501 0.0678656
0.00135499 0.0455887 0.00371968 0.0490092 4.88691e-05 0.00222666
0.000327051 0.0491842 0.00135499 0.0455887 2.13905e-05 8.63846e-05
