# time=700000
x1 y1 x2 y2 aperture velocity
0.0443843 -0.00631477 0.05 -0.010437 5.42403e-05 0.0845483
0.0440694 -0.0250904 0.05 -0.0303778 0.000165699 0.432598
-0.05 0.000316541 -0.04286 -0.00160796 2.22582e-05 0.00229047
-0.05 -0.0312056 -0.04959 -0.0314953 0.000362862 0.388179
0.0474957 0.00801726 0.05 0.0066314 0.000205084 0.617552
0.0458809 0.000579001 0.05 -0.00302134 0.000244228 0.914169
-0.05 0.0299759 -0.0423835 0.0272751 0.000129534 0.0783925
-0.05 -0.0125039 -0.0445168 -0.0139297 4.557e-05 0.00893392
0.0450408 -0.0429945 0.05 -0.0416201 0.000100142 0.266888
0.0477065 0.0302897 0.05 0.0347524 3.30357e-05 0.0077879
-0.05 -0.043985 -0.0489825 -0.0437807 0.000111544 0.0430324
-0.05 0.0229315 -0.0399407 0.0178426 3.11145e-05 0.00420049
-0.05 0.0272741 -0.046455 0.0239504 0.000136554 0.0661982
-0.05 -0.00702845 -0.0488496 -0.00688577 9.4142e-05 0.0418285
0.0497351 -0.0141077 0.05 -0.014426 3.15911e-05 0.0196895
0.0490599 0.0294953 0.05 0.0313998 7.394e-05 0.0361003
-0.05 0.025353 -0.046455 0.0239504 0.000117012 0.0619565
-0.05 0.0444191 -0.0461801 0.0430894 0.000732801 6.25928
-0.05 0.0366396 -0.0456549 0.0355815 0.000119209 0.0954913
-0.05 0.0132453 -0.0320246 0.00808241 6.46759e-05 0.0193714
-0.05 0.00378124 -0.039767 0.00115824 2.26532e-05 0.00238504
0.0487448 0.0137711 0.05 0.0195529 7.98886e-05 0.0201523
-0.05 -0.0286948 -0.0496576 -0.0281995 4.88291e-05 0.00524484
-0.05 -0.027879 -0.0496576 -0.0281995 0.00010176 0.0292403
-0.05 -0.00799343 -0.0488104 -0.00692954 0.000172181 0.105088
-0.05 -0.00560268 -0.0488496 -0.00688577 4.70573e-05 0.00703
0.0487448 0.0137711 0.05 0.0125904 9.87197e-05 0.105654
-0.05 -0.0440359 -0.0489825 -0.0437807 9.59352e-05 0.0314918
-0.05 -0.0299924 -0.048906 -0.0306882 0.000110426 0.0389688
-0.05 0.0415005 -0.0461801 0.0430894 3.30736e-05 0.012474
0.0453562 -0.0476437 0.05 -0.044689 8.52886e-05 0.179885
-0.05 -0.00877678 -0.043752 -0.0127503 2.93384e-05 0.00325089
-0.05 0.0282563 -0.0448113 0.0233 9.34728e-05 0.0308435
-0.05 0.0205776 -0.0374354 0.0154937 8.40817e-05 0.0318931
0.0490599 0.0294953 0.05 0.0289434 3.66287e-05 0.0172612
0.0429283 0.0469867 0.05 0.046622 3.09266e-05 0.0226846
-0.05 0.0312895 -0.0478601 0.0334032 7.043e-05 0.0176245
-0.05 -0.0223847 -0.0496305 -0.0218149 6.2024e-05 0.00857523
-0.05 -0.0217817 -0.0496305 -0.0218149 9.89772e-05 0.0399725
-0.0228246 0.0430204 -0.0224412 0.042739 7.49563e-05 0.01503
-0.0224412 0.042739 -0.0228816 0.0437668 0.00015423 0.0163345
0.0101839 0.0187903 0.0232593 0.00919225 8.08618e-05 0.0328769
0.019591 0.0196938 0.0232593 0.00919225 0.000524861 0.460913
0.0348415 0.000690202 0.0369482 -0.000856241 5.48784e-05 0.036084
0.0369482 -0.000856241 0.0394415 -0.00174035 0.000145676 0.30834
0.0369482 -0.000856241 0.0414656 -0.00417222 5.60518e-05 0.0105018
0.0414656 -0.00417222 0.0394415 -0.00174035 2.84577e-05 0.00504347
0.0414656 -0.00417222 0.0443843 -0.00631477 5.3578e-05 0.0115691
0.0441494 -0.00739678 0.0443843 -0.00631477 7.78087e-05 0.254218
-0.0166485 0.0290429 -0.0165246 0.0289324 0.000684024 1.33659
-0.0166024 0.029114 -0.0165246 0.0289324 0.000225382 0.0169522
0.0429468 -0.0240894 0.0439864 -0.0250164 0.000165769 0.393168
0.0439864 -0.0250164 0.0441792 -0.0250683 2.55781e-05 0.0128486
0.0439864 -0.0250164 0.0440694 -0.0250904 0.000165667 0.393406
0.0440694 -0.0250904 0.0441792 -0.0250683 0.000122672 0.312765
0.0017112 -0.0136216 -0.000285636 -0.00896189 0.000113186 0.0214788
0.0017112 -0.0136216 0.0051786 -0.0145562 2.35062e-05 0.00176557
0.00765677 -0.0274958 0.00787526 -0.0280057 0.000116759 0.051787
0.00787526 -0.0280057 0.00861096 -0.0277439 0.000312313 0.344491
0.0111578 -0.0356656 0.0123643 -0.038481 0.000108911 0.00840172
0.00850765 -0.0459855 0.0123643 -0.038481 3.30298e-05 0.000265437
0.0123643 -0.038481 0.0138245 -0.0418884 0.000107944 0.00779217
0.011015 -0.0475801 0.0138245 -0.0418884 7.20998e-05 0.000466976
-0.0189195 -0.00806083 -0.00964767 -0.0105599 2.23796e-05 0.00140426
-0.0189195 -0.00806083 -0.0192217 -0.00410808 7.40455e-05 0.00696218
-0.0313376 -0.00471369 -0.0277213 -0.00568841 2.25667e-05 0.0014203
-0.0313376 -0.00471369 -0.0263736 -0.00409799 9.53428e-05 0.0311569
-0.0330937 -0.00424034 -0.0325101 -0.00439765 2.33645e-05 0.00213236
-0.0330937 -0.00424034 -0.032781 -0.00378792 5.1056e-05 0.011164
-0.04286 -0.00160796 -0.0374684 -0.00306119 2.30653e-05 0.00245848
-0.04286 -0.00160796 -0.039767 0.00115824 0.000169413 0.103126
0.0241711 0.00658176 0.0253302 0.00326358 0.000324477 0.132179
0.0253302 0.00326358 0.0260267 0.00301657 0.000164943 0.232194
0.0284573 -0.00568901 0.0287646 -0.00656861 0.000313819 0.233841
0.0275068 -0.0090161 0.0287646 -0.00656861 3.92202e-05 0.00548603
0.0344522 -0.0228515 0.0358135 -0.0267486 0.000282822 0.0624711
0.0358135 -0.0267486 0.0401368 -0.0258803 0.000122563 0.375008
-0.0336307 -0.0427735 -0.0312417 -0.0419235 0.00031011 0.278619
-0.0359186 -0.0411567 -0.0355098 -0.0414455 0.000301133 0.272266
-0.0359186 -0.0411567 -0.035836 -0.0411401 0.00012637 0.0470178
-0.04959 -0.0314953 -0.0366005 -0.0406747 0.000307124 0.272369
-0.05 -0.0319792 -0.04959 -0.0314953 0.000245658 0.140845
-0.0339645 -0.0428923 -0.0336307 -0.0427735 0.000308512 0.0159216
0.0179605 0.0243618 0.0198986 0.0232893 0.000137986 0.14551
0.017648 0.0252564 0.0198986 0.0232893 0.000193659 0.235706
0.0354949 0.0146584 0.0387482 0.0128581 0.000374017 1.47757
0.0366047 0.00868707 0.0387482 0.0128581 5.22736e-05 0.0636147
0.0387482 0.0128581 0.0403972 0.0119455 0.000358087 1.45292
0.0381305 0.00735337 0.0403972 0.0119455 0.000121497 0.272864
0.0403972 0.0119455 0.0474957 0.00801726 0.000215313 0.613965
0.0468369 0.00498253 0.0474957 0.00801726 0.000127073 0.108146
-0.0179426 -0.0208395 -0.0189195 -0.00806083 7.57721e-05 0.00673524
-0.0179426 -0.0208395 0.00340241 -0.0263896 4.96085e-05 0.00717801
-0.0162276 -0.043272 -0.0166847 -0.0372934 7.47327e-05 0.0027766
0.0257193 0.0182016 0.0259861 0.0179684 0.00022935 0.254858
0.0259861 0.0179684 0.031091 0.0161914 0.000708882 6.08661
0.0303184 0.0141817 0.0259861 0.0179684 0.000167425 0.0346216
0.0303184 0.0141817 0.031091 0.0161914 0.000117922 0.469043
0.0333401 0.0115405 0.0303184 0.0141817 0.000260449 0.220106
0.0381305 0.00735337 0.0415878 0.00433147 0.000258615 1.07848
0.0415878 0.00433147 0.0468369 0.00498253 0.00015754 0.503295
0.0415878 0.00433147 0.0458809 0.000579001 0.000246284 0.917407
0.0449531 -0.0036948 0.0458809 0.000579001 8.03707e-05 0.0369032
0.0121161 0.00794934 0.0180793 0.00583476 0.000166201 0.20508
0.0121161 0.00794934 0.0116303 0.00964834 2.3227e-05 0.000511491
-0.00963023 0.0156607 0.0036393 0.0109552 0.00017175 0.176481
-0.0104318 0.0147147 -0.00963023 0.0156607 0.000302574 0.504083
-0.0423835 0.0272751 -0.0223923 0.0201861 0.000168163 0.156783
-0.0478601 0.0334032 -0.0423835 0.0272751 0.000330986 0.360803
-0.0405122 -0.0149709 -0.0400859 -0.0150818 4.58829e-05 0.00808336
-0.0405122 -0.0149709 -0.0404352 -0.0148596 4.90397e-05 0.00717364
-0.0419318 -0.0146018 -0.0405122 -0.0149709 4.57849e-05 0.00858847
-0.0419318 -0.0146018 -0.0409862 -0.0156566 4.7475e-05 0.00590019
-0.0445168 -0.0139297 -0.0419318 -0.0146018 4.60085e-05 0.00859506
-0.0445168 -0.0139297 -0.043752 -0.0127503 6.22903e-05 0.00991452
0.0291917 -0.0473869 0.0295304 -0.047293 9.57792e-05 0.0183183
0.0358697 -0.0455362 0.0369058 -0.045249 9.77331e-05 0.0587699
0.0369058 -0.045249 0.0450408 -0.0429945 0.000100172 0.426102
0.0450408 -0.0429945 0.0453562 -0.0476437 0.000439497 0.0349085
0.0390393 0.0134246 0.0397398 0.0147875 0.000112437 0.0973726
0.0397398 0.0147875 0.041579 0.0143397 0.000148381 0.29879
0.0397398 0.0147875 0.0423221 0.0198124 3.8063e-05 0.00949641
0.0350957 0.0266099 0.0423221 0.0198124 7.61408e-05 0.0580883
0.0423221 0.0198124 0.0477065 0.0302897 3.40856e-05 0.00741247
0.0385714 0.0356521 0.0477065 0.0302897 3.5699e-05 0.0181748
-0.0489825 -0.0437807 -0.0359186 -0.0411567 0.000110674 0.0425506
-0.0489825 -0.0437807 -0.0366005 -0.0406747 9.67838e-05 0.0321536
-0.0399407 0.0178426 -0.0381487 0.0169361 3.19786e-05 0.00446133
-0.0399407 0.0178426 -0.0374354 0.0154937 0.000135523 0.0654207
-0.046455 0.0239504 -0.0399407 0.0178426 0.000135792 0.0653794
-0.046455 0.0239504 -0.0448113 0.0233 0.000117485 0.063083
-0.0487472 -0.00687306 -0.0391701 -0.00568519 9.8679e-05 0.0459384
-0.0487472 -0.00687306 -0.04286 -0.00160796 0.000169732 0.102967
-0.0488496 -0.00688577 -0.0487472 -0.00687306 9.39636e-05 0.0417406
-0.0488496 -0.00688577 -0.0488104 -0.00692954 4.7817e-05 0.00724705
0.0441494 -0.00739678 0.0414656 -0.00417222 2.84302e-05 0.00614588
0.0437291 -0.00933319 0.0441494 -0.00739678 7.7932e-05 0.263777
0.0441494 -0.00739678 0.0497351 -0.0141077 2.8029e-05 0.0214615
0.0497351 -0.0141077 0.05 -0.0142125 0.000137384 0.541237
0.041579 0.0143397 0.0436595 0.0185545 8.6987e-05 0.0484879
0.0423221 0.0198124 0.0436595 0.0185545 7.62364e-05 0.0594426
0.0436595 0.0185545 0.0490599 0.0294953 7.45798e-05 0.0356304
0.0477065 0.0302897 0.0490599 0.0294953 3.5938e-05 0.0179254
0.0243782 0.0185281 0.0259861 0.0179684 0.000795496 5.34314
0.0243782 0.0185281 0.0257193 0.0182016 0.000166355 0.254004
-7.21369e-06 0.0270167 0.00740212 0.0244375 0.00091381 4.51859
-0.000396682 0.0265571 -7.21369e-06 0.0270167 0.000958692 4.18077
-0.0461801 0.0430894 -0.0431173 0.0420233 0.000730008 6.25586
-0.0461801 0.0430894 -0.0367862 0.0469967 0.00012243 0.166504
0.0160235 -0.00571791 0.0147674 -0.00132426 2.16178e-05 0.000588473
0.0160235 -0.00571791 0.0220085 -0.00743691 6.97997e-05 0.0332387
0.018314 -0.0137295 0.0176116 -0.0112726 2.15154e-05 0.00196169
0.018314 -0.0137295 0.0194753 -0.0140272 2.31033e-05 0.00361965
0.0188582 -0.0156327 0.018314 -0.0137295 2.22515e-05 0.00223277
0.0188582 -0.0156327 0.0194753 -0.0140272 6.79392e-05 0.0457688
0.0233188 -0.0312346 0.0227844 -0.0293656 2.27802e-05 0.00322239
0.0233188 -0.0312346 0.0237512 -0.0316807 0.000256802 0.176247
0.0273164 -0.0452172 0.0274652 -0.0457378 2.1707e-05 0.000544192
0.0274652 -0.0457378 0.0291917 -0.0473869 9.48757e-05 0.0182456
0.0274652 -0.0457378 0.0280288 -0.0477092 2.15496e-05 0.00108833
0.0106464 0.0218719 0.0173765 0.0202331 0.000219782 0.246009
0.0106464 0.0218719 0.0108513 0.0232368 0.000392641 0.555163
-0.0228218 0.0300215 -0.021812 0.0297757 0.000679769 2.47717
-0.0406253 0.0405496 -0.0228218 0.0300215 0.00103168 4.11525
-0.0456549 0.0355815 -0.0228218 0.0300215 0.000128655 0.102789
-0.0456549 0.0355815 -0.0406253 0.0405496 7.36123e-05 0.0505208
-0.0228853 0.00545744 -0.0198871 0.00459629 7.89694e-05 0.0330506
-0.024861 0.00766809 -0.0228853 0.00545744 0.000304862 0.233212
-0.0275275 0.00679075 -0.0258088 0.00629711 7.71863e-05 0.0254728
-0.0275275 0.00679075 -0.0262868 0.00560566 0.000100981 0.0288787
-0.0320246 0.00808241 -0.0305216 0.00765072 6.75591e-05 0.0192005
-0.0320246 0.00808241 -0.0307483 0.00922386 0.000168311 0.103494
-0.0128852 -0.00573227 -0.000285636 -0.00896189 2.39636e-05 0.00317821
-0.015546 -0.00275501 -0.0128852 -0.00573227 0.000287542 0.0828196
-0.0343629 -0.000226973 -0.0309279 -0.00110746 2.26532e-05 0.00110169
-0.039767 0.00115824 -0.0354497 5.1619e-05 2.34453e-05 0.00262694
-0.039767 0.00115824 -0.0320246 0.00808241 0.000169101 0.103272
0.0485023 0.0126538 0.0487448 0.0137711 0.000124227 0.0478796
0.0436595 0.0185545 0.0487448 0.0137711 8.33318e-05 0.0731077
-0.0496576 -0.0281995 -0.0455004 -0.0221862 4.93057e-05 0.00566339
-0.0496576 -0.0281995 -0.0480626 -0.0296929 0.000101577 0.0290651
0.00781914 0.0362525 0.0120593 0.0412562 0.000283034 0.229386
0.0103954 0.0460197 0.0120593 0.0412562 0.000271328 0.0465921
-0.00627716 0.00501956 0.00749381 0.000868339 0.000286652 0.484128
0.00749381 0.000868339 0.00773991 0.00250792 0.000101893 0.0316132
0.0147674 -0.00132426 0.0187637 -0.00252893 0.000282378 0.489624
0.017402 -0.00131493 0.0187637 -0.00252893 0.000179208 0.122776
0.0259314 -0.00468961 0.0283644 -0.00542305 0.000283587 0.487676
0.0283644 -0.00542305 0.0260859 0.00110009 0.000308924 0.00910647
0.0283644 -0.00542305 0.0292206 -0.00568115 0.000283476 0.222254
0.0292206 -0.00568115 0.0290883 -0.00593867 4.0798e-05 0.0109655
0.0292206 -0.00568115 0.0313759 -0.00633085 0.000283347 0.22029
0.0313759 -0.00633085 0.0311641 -0.00675996 8.75516e-05 0.136057
0.0313759 -0.00633085 0.0435821 -0.0100104 0.000282344 0.173961
0.0435821 -0.0100104 0.0432496 -0.0115417 8.65862e-05 0.594478
0.0158301 -0.0235104 0.0179489 -0.0179983 6.84525e-05 0.0441687
0.0158301 -0.0235104 0.0170303 -0.0247483 0.000248676 0.00839673
0.00744961 -0.0453126 0.0111578 -0.0356656 6.46934e-05 0.000805988
0.00744961 -0.0453126 0.00850765 -0.0459855 2.93384e-05 0.00144644
-0.0488104 -0.00692954 -0.0487472 -0.00687306 0.000171943 0.105196
-0.0488104 -0.00692954 -0.0436847 -0.0126466 4.92868e-05 0.00715898
-0.00300402 -0.016789 0.00371497 -0.0243073 0.000280238 0.0776935
0.00371497 -0.0243073 0.00387531 -0.023239 9.95498e-05 0.0857438
0.00371497 -0.0243073 0.00595249 -0.026811 0.000268777 0.0506627
0.00595249 -0.026811 0.00741981 -0.0269428 0.000105135 0.141726
-0.00187863 -0.00524458 0.00239031 -0.00964781 0.000264345 0.0221256
-0.00187863 -0.00524458 -0.00358144 -0.00127101 0.000131947 0.0264353
-0.00550027 -0.00150901 -0.00187863 -0.00524458 0.000300475 0.0228762
-0.00550027 -0.00150901 -0.00358144 -0.00127101 9.29303e-05 0.0352063
0.0450408 -0.0429945 0.0446417 -0.0371126 0.000427132 0.00143874
0.0446417 -0.0371126 0.05 -0.0385058 4.78948e-05 0.056725
0.0446417 -0.0371126 0.0441759 -0.0302466 0.000445965 0.00355311
0.0441759 -0.0302466 0.05 -0.0307701 0.000118579 0.328902
-0.0312417 -0.0419235 -0.0207753 -0.0381995 0.000309279 0.297943
-0.0332804 -0.0406268 -0.0312417 -0.0419235 0.000121825 0.0471571
-0.0332804 -0.0406268 -0.0208395 -0.0381279 0.000158433 0.0829056
-0.048906 -0.0306882 -0.0429602 -0.03447 0.000165094 0.0750803
-0.04959 -0.0314953 -0.048906 -0.0306882 0.000331625 0.27683
0.0203295 0.00450413 0.0209244 0.00482588 0.000555694 0.296596
0.0180793 0.00583476 0.0203295 0.00450413 0.000306817 0.596041
0.00116224 -0.0413141 0.00744961 -0.0453126 2.95291e-05 0.00320288
0.00116224 -0.0413141 0.00233931 -0.0334722 8.31211e-05 4.468e-06
-0.0229115 -0.0260041 -0.0172736 -0.0295896 3.01038e-05 0.00313455
-0.0237386 -0.0241422 -0.0229115 -0.0260041 0.000360923 6.15139e-05
-0.0261849 -0.0239223 -0.0229115 -0.0260041 3.31361e-05 0.0021777
-0.0261849 -0.0239223 -0.0237386 -0.0241422 0.000125649 0.049449
-0.0372237 -0.016902 -0.0261849 -0.0239223 3.17035e-05 0.00178372
-0.0385093 -0.0184192 -0.0372237 -0.016902 0.000298724 0.258037
-0.0400859 -0.0150818 -0.0372237 -0.016902 2.94782e-05 0.00279279
-0.0400859 -0.0150818 -0.0364765 -0.0160203 4.58407e-05 0.00803955
-0.0404352 -0.0148596 -0.0400859 -0.0150818 2.95165e-05 0.00270958
-0.0404352 -0.0148596 -0.0336164 -0.00499634 4.89485e-05 0.00736365
-0.043752 -0.0127503 -0.0433793 -0.0129873 2.94381e-05 0.00299693
-0.043752 -0.0127503 -0.0436847 -0.0126466 6.22352e-05 0.0100382
-0.0360532 0.0149344 -0.0346169 0.0135625 9.50435e-05 0.032
-0.0360532 0.0149344 -0.0286934 0.0119564 8.5678e-05 0.0339303
-0.0381487 0.0169361 -0.0360532 0.0149344 9.52993e-05 0.0322443
-0.0381487 0.0169361 -0.0290135 0.0123146 3.16324e-05 0.00443924
-0.0448113 0.0233 -0.0381487 0.0169361 9.56359e-05 0.0321073
-0.0448113 0.0233 -0.0355598 0.0196396 0.000116181 0.0621763
-0.0374354 0.0154937 -0.0360532 0.0149344 8.56797e-05 0.0335623
-0.0374354 0.0154937 -0.0357353 0.0138996 0.000134624 0.0644167
0.00544336 0.0312887 0.00770911 0.0300349 0.000147632 0.335714
0.0113219 0.0263719 0.0162766 0.0213483 0.00177319 0.643294
0.0162766 0.0213483 0.0193919 0.0202638 0.000816945 4.99592
0.0162766 0.0213483 0.0173765 0.0202331 0.00161356 0.197816
0.0173765 0.0202331 0.019591 0.0196938 0.000322282 1.15817
-0.00346 0.0493795 -0.00309095 0.0493605 3.19569e-05 0.00122262
-0.00330532 0.049618 -0.00309095 0.0493605 2.62861e-05 0.000856907
0.000327051 0.0491842 0.00371968 0.0490092 3.10318e-05 0.00141394
0.0169823 0.0483251 0.0429283 0.0469867 3.09266e-05 0.00907451
0.0260859 0.00110009 0.0311627 -0.00190211 0.000268328 0.141794
0.0292206 -0.00568115 0.0311627 -0.00190211 3.90871e-05 0.00352438
0.0311627 -0.00190211 0.0330199 -0.00300032 0.000267658 0.138471
0.0313759 -0.00633085 0.0330199 -0.00300032 8.71852e-05 0.0159398
0.0330199 -0.00300032 0.0437291 -0.00933319 0.000258 0.0888123
0.0437291 -0.00933319 0.0435821 -0.0100104 7.8134e-05 0.0301641
-0.0478601 0.0334032 -0.0456549 0.0355815 9.61894e-05 0.0578004
-0.05 0.0357977 -0.0478601 0.0334032 0.000333771 0.370731
-0.0496305 -0.0218149 -0.0445168 -0.0139297 6.29204e-05 0.00962971
-0.0496305 -0.0218149 -0.0455004 -0.0221862 9.85093e-05 0.0394108
-0.0313319 0.0492653 -0.0228246 0.0430204 6.85497e-05 0.0214133
-0.0228246 0.0430204 -0.0228816 0.0437668 0.000129657 0.0458171
-0.0228816 0.0437668 -0.0246774 0.0479573 0.000175095 0.0372505
-0.0228816 0.0437668 -0.0231368 0.0471047 9.09617e-05 0.0212988
-0.0124993 0.035441 -0.0079627 0.0321109 7.91685e-05 0.0197822
-0.0079627 0.0321109 -0.00466419 0.0368821 6.40286e-05 0.0199317
0.00367248 0.0235701 0.00870661 0.0198747 0.00014118 0.0895969
0.00794775 0.022529 0.00870661 0.0198747 4.24281e-05 0.00247336
0.00870661 0.0198747 0.0101839 0.0187903 0.000130803 0.0969499
0.0101839 0.0187903 0.0106464 0.0218719 0.000238047 0.0407686
0.0179605 0.0243618 0.0181373 0.0238556 0.000358465 0.222876
0.0175072 0.0246126 0.0181373 0.0238556 3.97464e-05 0.00406928
0.0181373 0.0238556 0.0193919 0.0202638 0.000357548 0.223437
0.0193919 0.0202638 0.0218346 0.0194136 0.000285938 0.66596
0.0193919 0.0202638 0.019591 0.0196938 0.00142311 2.79028
0.019591 0.0196938 0.0221123 0.0190799 0.000777503 5.27612
0.0315732 0.00308933 0.0331377 0.0019409 6.44244e-05 0.0362273
0.0325092 0.000717867 0.0331377 0.0019409 3.64143e-05 0.00699117
0.0331377 0.0019409 0.0348415 0.000690202 6.18094e-05 0.034872
0.0345057 9.88431e-06 0.0348415 0.000690202 8.05489e-05 0.0393822
0.0394415 -0.00174035 0.0449531 -0.0036948 0.000145398 0.31181
0.0358009 0.00263369 0.0394415 -0.00174035 3.00287e-05 0.00917113
-0.0235794 0.0352221 -0.0221296 0.0339296 0.000366722 0.367428
-0.0221296 0.0339296 -0.0221915 0.034739 0.000105964 0.0193454
-0.0221296 0.0339296 -0.0166485 0.0290429 0.000529316 0.766676
-0.0166485 0.0290429 -0.0166024 0.029114 0.000139875 0.094058
-0.0184557 0.0334386 -0.0224412 0.042739 0.000169137 0.0119669
-0.0184557 0.0334386 -0.0146557 0.0321158 0.000353393 0.574495
-0.0184557 0.0334386 -0.0166024 0.029114 0.000133348 0.00357484
-0.0166024 0.029114 -0.0146557 0.0321158 0.000125954 0.0779038
0.0253428 -0.00839457 0.0270459 -0.00991294 0.000170983 0.138319
0.0267548 -0.0104793 0.0270459 -0.00991294 3.4908e-05 0.01013
0.0288249 -0.011499 0.0312384 -0.0136508 0.000160464 0.160607
0.0306862 -0.0120701 0.0312384 -0.0136508 0.000307451 0.204701
0.0365775 -0.0184109 0.0399979 -0.0214604 0.000175331 0.377387
0.0399979 -0.0214604 0.0411596 -0.021169 0.000114099 0.24088
0.0399979 -0.0214604 0.0409182 -0.0222809 0.000166377 0.37762
0.0407652 -0.0229858 0.0409182 -0.0222809 7.94431e-05 0.062166
0.0409182 -0.0222809 0.0429468 -0.0240894 0.000166378 0.391804
0.0429468 -0.0240894 0.0446821 -0.0249673 3.53568e-05 0.0221818
0.0441792 -0.0250683 0.0456829 -0.0254736 2.49473e-05 0.0125385
0.0441792 -0.0250683 0.0446821 -0.0249673 0.0001227 0.312822
-0.000285636 -0.00896189 -0.00187863 -0.00524458 0.000112278 0.0219376
-0.000285636 -0.00896189 0.00239031 -0.00964781 2.38595e-05 0.00185051
0.034296 -0.0224044 0.0352305 -0.0226563 2.31682e-05 0.0105937
0.0331542 -0.0191354 0.034296 -0.0224044 0.00026889 0.0830797
0.0196669 -0.0184613 0.0222895 -0.0191682 2.2574e-05 0.0010535
0.0196669 -0.0184613 0.0188582 -0.0156327 2.15099e-05 0.00368957
0.0179489 -0.0179983 0.0196669 -0.0184613 2.25561e-05 0.000303966
0.0179489 -0.0179983 0.0188582 -0.0156327 6.82758e-05 0.0451085
0.0051786 -0.0145562 0.00784604 -0.0152752 2.34217e-05 0.00165228
0.0051786 -0.0145562 0.00544276 -0.0127963 8.86481e-05 0.032945
0.00741981 -0.0269428 0.00765677 -0.0274958 0.000113066 0.0466482
0.00765677 -0.0274958 0.00861096 -0.0277439 4.88459e-05 0.0117736
0.0210549 -0.0233163 0.0234044 -0.0224804 0.000276858 0.0392233
0.0210549 -0.0233163 0.0207342 -0.0221945 2.1926e-05 0.00726745
0.00862282 -0.0277397 0.00866106 -0.0277261 0.00031145 0.347266
0.00862282 -0.0277397 0.00863331 -0.0277497 0.000107066 0.0311436
0.00861096 -0.0277439 0.00862282 -0.0277397 0.000312112 0.344833
0.00861096 -0.0277439 0.00863331 -0.0277497 5.28728e-05 0.0101658
0.00787526 -0.0280057 0.00846053 -0.0293714 0.000120215 0.0203295
0.00846053 -0.0293714 0.00994201 -0.0289998 0.00010785 0.0433443
0.00959347 -0.0320152 0.0111578 -0.0356656 0.000113018 0.0132059
0.0111578 -0.0356656 0.0127054 -0.0316394 7.09982e-05 0.00886807
0.00850765 -0.0459855 0.011015 -0.0475801 2.93384e-05 0.0011476
-0.0092509 -0.0106669 -0.00822913 -0.0109423 2.54736e-05 0.00274678
-0.0092509 -0.0106669 -0.00395127 -0.015729 0.000107363 0.017549
-0.00964767 -0.0105599 -0.0092509 -0.0106669 2.6541e-05 0.00151389
-0.00964767 -0.0105599 -0.00300402 -0.016789 0.000153312 0.0348901
-0.0192896 -0.00321934 -0.0194296 -0.00138849 9.56535e-05 0.0120366
-0.0192896 -0.00321934 -0.0176886 -0.00302077 0.000116975 0.0489887
-0.0192217 -0.00410808 -0.0192896 -0.00321934 7.47528e-05 0.00737966
-0.0192217 -0.00410808 -0.0155158 -0.00505798 2.29194e-05 0.00148524
-0.0277213 -0.00568841 -0.0189195 -0.00806083 2.37837e-05 0.00153893
-0.0304868 -0.00895197 -0.0277213 -0.00568841 0.000291475 0.271218
-0.0263736 -0.00409799 -0.0215804 -0.00350347 0.00012373 0.0513793
-0.0277213 -0.00568841 -0.0263736 -0.00409799 0.000290834 0.271799
-0.0325101 -0.00439765 -0.0313376 -0.00471369 2.27835e-05 0.00143866
-0.032781 -0.00378792 -0.0325101 -0.00439765 0.000374584 0.00117452
-0.0174246 0.0184246 -0.0140892 0.0232492 5.86296e-05 0.0177889
-0.0174246 0.0184246 -0.0110535 0.0161654 0.000151854 0.126583
-0.024861 0.00766809 -0.023557 0.00955423 6.047e-05 0.0189511
-0.0281347 0.0113313 -0.024861 0.00766809 0.000305933 0.233887
-0.0258088 0.00629711 -0.024861 0.00766809 5.80777e-05 0.0118766
-0.0258088 0.00629711 -0.0228853 0.00545744 7.40973e-05 0.0240221
-0.0262868 0.00560566 -0.0258088 0.00629711 5.33575e-05 0.00943796
-0.0262868 0.00560566 -0.0217903 0.00131067 9.96171e-05 0.0280578
-0.0309279 -0.00110746 -0.0265237 0.00526295 4.88317e-05 0.00531294
-0.0309279 -0.00110746 -0.0251044 -0.00260018 2.26542e-05 0.00164052
-0.032781 -0.00378792 -0.0309279 -0.00110746 4.88341e-05 0.00556266
-0.0343629 -0.000226973 -0.032781 -0.00378792 0.000359476 0.00039394
-0.0374684 -0.00306119 -0.0330937 -0.00424034 2.31066e-05 0.00262787
-0.0374684 -0.00306119 -0.0354497 5.1619e-05 6.48153e-05 0.0117814
0.0232593 0.00919225 0.0241711 0.00658176 0.000518482 0.46785
0.0241711 0.00658176 0.0256937 0.00740522 0.000672479 0.564469
0.0260267 0.00301657 0.027312 0.0025608 0.00016079 0.249489
0.0260267 0.00301657 0.0272691 0.00624878 7.6619e-05 0.000503072
0.0283644 -0.00542305 0.0284573 -0.00568901 0.000314317 0.230601
0.0284573 -0.00568901 0.0290883 -0.00593867 0.000138518 0.105278
0.0270459 -0.00991294 0.0275068 -0.0090161 3.983e-05 0.00693767
0.0275068 -0.0090161 0.0297346 -0.00965597 7.62817e-05 0.0418513
0.034296 -0.0224044 0.0344522 -0.0228515 0.00026863 0.0830731
0.0344522 -0.0228515 0.0352305 -0.0226563 0.000101609 0.238753
0.0401368 -0.0258803 0.0440694 -0.0250904 0.000123397 0.363656
0.0392844 -0.029807 0.0401368 -0.0258803 8.87398e-05 0.0453845
-0.0355098 -0.0414455 -0.0336307 -0.0427735 0.000301202 0.270551
-0.0355098 -0.0414455 -0.0339645 -0.0428923 0.000115191 0.0426423
-0.035836 -0.0411401 -0.0332804 -0.0406268 0.000125321 0.0469128
-0.035836 -0.0411401 -0.0355098 -0.0414455 0.000116272 0.037964
-0.0366005 -0.0406747 -0.0359186 -0.0411567 0.000304157 0.273611
-0.0366005 -0.0406747 -0.0363896 -0.0406218 0.000111248 0.0318424
0.0115525 0.027908 0.00770911 0.0300349 0.000141044 0.00558208
0.0119076 0.030274 0.0115525 0.027908 0.00013809 0.106001
0.0175072 0.0246126 0.0179605 0.0243618 0.000151191 0.0709107
0.017648 0.0252564 0.0179605 0.0243618 0.000357049 0.249968
-0.00126987 0.0417919 0.00223883 0.0387251 0.000203614 0.0284311
0.00223883 0.0387251 0.00309769 0.0394932 0.000168371 0.0936865
0.00367658 0.0374684 0.00664838 0.0348709 0.000271284 0.196995
0.00498158 0.0329039 0.00664838 0.0348709 0.000285141 0.294599
0.0119076 0.030274 0.015165 0.0274268 0.000240496 0.240976
0.0120432 0.0311774 0.015165 0.0274268 2.63026e-05 0.00258496
0.015165 0.0274268 0.017648 0.0252564 0.000239357 0.241647
0.0131062 0.0382591 0.017648 0.0252564 0.00031691 0.243152
0.0317427 0.0167348 0.0354949 0.0146584 0.000232783 0.605262
0.0354949 0.0146584 0.0390393 0.0134246 0.00065877 5.81548
0.0366047 0.00868707 0.0343745 0.00434743 3.89127e-05 0.000938188
0.0333401 0.0115405 0.0366047 0.00868707 0.000260473 1.20946
0.0363161 0.00367761 0.0381305 0.00735337 8.59456e-05 0.00457059
0.0366047 0.00868707 0.0381305 0.00735337 0.000260143 1.19808
0.0458809 0.000579001 0.0468369 0.00498253 0.000106551 0.0529643
0.0468369 0.00498253 0.05 0.00537486 0.000153428 0.463996
0.00340241 -0.0263896 0.0045319 -0.0266833 5.04153e-05 0.00408865
0.00340241 -0.0263896 0.00371497 -0.0243073 8.92723e-05 0.00425764
-0.0168058 -0.0357093 -0.0167256 -0.0367587 8.88688e-05 0.00896868
-0.0167256 -0.0367587 -0.00984838 -0.0343117 0.000314999 0.319181
-0.0166847 -0.0372934 -0.0167256 -0.0367587 8.09216e-05 0.00242037
-0.0166847 -0.0372934 -0.00792624 -0.0355342 0.000122927 0.0505541
0.0198986 0.0232893 0.0257193 0.0182016 0.000205614 0.25341
0.0257193 0.0182016 0.0313377 0.0168335 0.000140308 0.255921
0.031091 0.0161914 0.0354949 0.0146584 0.000685253 6.19159
0.031091 0.0161914 0.0313377 0.0168335 0.000222681 0.571207
0.0443843 -0.00631477 0.0449531 -0.0036948 7.74203e-05 0.204266
0.0449531 -0.0036948 0.05 -0.00548444 0.000141993 0.409775
0.0209244 0.00482588 0.0253302 0.00326358 0.000160791 0.0462301
0.0209244 0.00482588 0.0241711 0.00658176 0.000552097 0.325869
0.0180793 0.00583476 0.0209244 0.00482588 0.00015812 0.142473
0.0116303 0.00964834 0.0180793 0.00583476 0.000304859 0.561961
0.00870661 0.0198747 0.00978205 0.0161131 2.98228e-05 0.00244435
0.0101839 0.0187903 0.00978205 0.0161131 0.000132738 0.00239598
0.00978205 0.0161131 0.0116303 0.00964834 2.44789e-05 0.00174228
0.00904148 0.0111793 0.0116303 0.00964834 0.000305581 0.560454
0.00873655 0.00914773 0.0121161 0.00794934 0.000167106 0.203887
0.00873655 0.00914773 0.00904148 0.0111793 0.000107909 0.055587
0.0036393 0.0109552 0.00873655 0.00914773 0.00016719 0.193937
-0.0061909 0.0197194 0.0036393 0.0109552 0.000192095 0.153245
-0.0198142 0.00364269 -0.0191786 0.00439278 0.000275731 0.435896
-0.0191786 0.00439278 -0.00570439 0.000522754 7.89754e-05 0.0340051
-0.0168351 0.00715826 -0.0161305 0.00798981 0.000275192 0.438664
-0.0202413 0.009229 -0.0161305 0.00798981 0.00031899 0.548717
-0.0136158 0.0109574 -0.0104318 0.0147147 0.000301901 0.505814
-0.0110535 0.0161654 -0.0104318 0.0147147 0.000127157 0.0158407
-0.0195985 0.0191954 -0.0174246 0.0184246 0.000152474 0.126155
-0.0195985 0.0191954 -0.0143597 0.0238806 0.000206025 0.255902
-0.0210423 0.0197074 -0.0195985 0.0191954 0.000163889 0.152211
-0.0210423 0.0197074 -0.0212174 0.0219977 9.37064e-05 0.0127591
-0.0223923 0.0201861 -0.0210423 0.0197074 0.000164218 0.155068
-0.0223923 0.0201861 -0.0212174 0.0219977 8.25916e-05 0.0365537
-0.0409862 -0.0156566 -0.0385093 -0.0184192 4.73366e-05 0.00552195
-0.0409862 -0.0156566 -0.0405122 -0.0149709 4.92314e-05 0.00669203
0.0280288 -0.0477092 0.0291917 -0.0473869 9.38743e-05 0.000249834
0.0295304 -0.047293 0.0358697 -0.0455362 9.81604e-05 0.0745356
0.0387482 0.0128581 0.0390393 0.0134246 0.000127226 0.280536
0.0390393 0.0134246 0.0408212 0.0128043 0.000660974 5.83352
0.041579 0.0143397 0.0485023 0.0126538 0.000218061 0.667326
0.0408212 0.0128043 0.041579 0.0143397 0.000245016 0.430179
0.00945447 0.0487133 0.0117214 0.0485964 3.09266e-05 0.00090069
0.0124794 0.0478835 0.0142945 0.0461761 7.21898e-05 0.0263541
0.0146352 0.0484461 0.0142945 0.0461761 8.30702e-05 0.0082616
0.0142945 0.0461761 0.0350957 0.0266099 7.26704e-05 0.0412507
0.0350957 0.0266099 0.0385714 0.0356521 6.47017e-05 0.0101535
0.0148086 0.049601 0.0169823 0.0483251 3.56763e-05 0.0117661
0.0146352 0.0484461 0.0169823 0.0483251 3.09266e-05 0.00884863
0.0169823 0.0483251 0.0385714 0.0356521 3.56763e-05 0.0115703
0.0385714 0.0356521 0.0429283 0.0469867 6.4639e-05 0.00651176
-0.0323158 -0.00483502 -0.0313376 -0.00471369 9.54972e-05 0.0310989
-0.0325101 -0.00439765 -0.0323158 -0.00483502 0.000370846 0.00123232
-0.0336164 -0.00499634 -0.0323158 -0.00483502 9.67525e-05 0.0440935
-0.0336164 -0.00499634 -0.0330937 -0.00424034 5.12929e-05 0.0109
-0.0391701 -0.00568519 -0.0336164 -0.00499634 9.74516e-05 0.0458157
-0.0391701 -0.00568519 -0.0374684 -0.00306119 6.55959e-05 0.0117024
0.0108513 0.0232368 0.0162766 0.0213483 0.000853095 3.82127
0.0108513 0.0232368 0.0113219 0.0263719 0.000493275 2.20401
0.00740212 0.0244375 0.0108513 0.0232368 0.000908626 4.54434
0.00740212 0.0244375 0.00544336 0.0312887 2.67028e-05 0.000829072
-0.00592698 0.0200308 -0.00179886 0.0249024 0.000900257 3.72175
-0.00179886 0.0249024 0.00367248 0.0235701 0.000356018 0.677288
-0.00179886 0.0249024 -0.000396682 0.0265571 0.000943523 4.28077
-0.00193877 0.027689 -0.000396682 0.0265571 9.22443e-05 0.0331077
-0.0431173 0.0420233 -0.0401716 0.0409978 0.000192714 0.180576
-0.0321437 0.0489277 -0.0313319 0.0492653 5.44914e-05 0.00601527
-0.0321437 0.0489277 -0.0316015 0.0494632 0.000104403 0.0109201
-0.0367862 0.0469967 -0.0321437 0.0489277 3.30736e-05 0.00090293
0.0147674 -0.00132426 0.0144284 -0.000138394 2.2337e-05 3.76824e-05
0.00929331 0.000325885 0.0147674 -0.00132426 0.000282883 0.488707
0.0220085 -0.00743691 0.0253428 -0.00839457 6.91286e-05 0.037969
0.0220085 -0.00743691 0.0225854 -0.0059362 6.86789e-05 0.0311803
0.0161591 -0.00619204 0.0160235 -0.00571791 2.24363e-05 0.00112056
0.0161591 -0.00619204 0.0216353 -0.00840786 9.01065e-05 0.0490923
0.0176116 -0.0112726 0.0161591 -0.00619204 2.16761e-05 0.00204369
0.0176116 -0.0112726 0.0200584 -0.0125104 3.14709e-05 0.00486913
0.0194753 -0.0140272 0.0242964 -0.0152629 2.36604e-05 0.0028371
0.0194753 -0.0140272 0.0200584 -0.0125104 6.79657e-05 0.0459937
0.0210549 -0.0233163 0.0217653 -0.025801 2.1701e-05 0.00612749
0.0217653 -0.025801 0.0216341 -0.0260669 7.3572e-05 0.04591
0.0218274 -0.0260184 0.0224787 -0.0282964 2.40887e-05 0.00266622
0.0224787 -0.0282964 0.0263675 -0.0286459 0.000114604 0.189259
0.0227844 -0.0293656 0.0224787 -0.0282964 2.66952e-05 0.0030581
0.0227844 -0.0293656 0.0263675 -0.0286459 0.000135218 0.305344
0.0237512 -0.0316807 0.0361102 -0.0444284 0.000256176 0.172174
0.0237512 -0.0316807 0.0380694 -0.0354037 4.89939e-05 0.0348356
0.0234218 -0.031595 0.0233188 -0.0312346 2.13905e-05 4.57398e-05
0.0234218 -0.031595 0.0237512 -0.0316807 4.80408e-05 0.0115126
0.0273164 -0.0452172 0.0234218 -0.031595 2.14267e-05 0.000415767
0.0273164 -0.0452172 0.0295304 -0.047293 0.000139887 0.0397602
-0.0113401 0.0272257 -0.0107736 0.0270877 0.000241523 0.308466
-0.0113401 0.0272257 -0.00925826 0.030237 7.99149e-05 0.0309522
-0.0158391 0.0283212 -0.0113401 0.0272257 0.000227854 0.265106
-0.0165246 0.0289324 -0.0158391 0.0283212 0.000679399 1.35107
-0.0163121 0.0284364 -0.0158391 0.0283212 0.000554824 1.70087
-0.0165246 0.0289324 -0.0163121 0.0284364 0.000439135 0.000370542
-0.021812 0.0297757 -0.0169423 0.0285899 0.000643811 2.24434
-0.021812 0.0297757 -0.0221296 0.0339296 0.000479961 0.569049
-0.0431173 0.0420233 -0.0406253 0.0405496 0.00107103 4.23145
-0.0406253 0.0405496 -0.0401716 0.0409978 0.000345766 0.839017
-0.0198871 0.00459629 -0.0191786 0.00439278 7.9598e-05 0.0352046
-0.0198871 0.00459629 -0.0201337 0.00782243 8.57975e-05 0.0124698
-0.0284296 0.00704984 -0.0275275 0.00679075 6.67243e-05 0.0183846
-0.0284296 0.00704984 -0.0265237 0.00526295 0.000136291 0.0532296
-0.0305216 0.00765072 -0.0284296 0.00704984 6.66845e-05 0.0180395
-0.0305216 0.00765072 -0.0299729 0.00849686 6.50325e-05 0.0115765
-0.0304004 0.00953495 -0.0282489 0.0114591 0.000210117 0.182842
-0.0304004 0.00953495 -0.0297207 0.0088857 0.00011746 0.0389045
-0.0307483 0.00922386 -0.0304004 0.00953495 0.000206545 0.171967
-0.0307483 0.00922386 -0.0299729 0.00849686 0.000136302 0.0538917
-0.0205196 0.00281026 -0.0196786 0.00186924 0.000284761 0.0954686
-0.0196786 0.00186924 -0.0198142 0.00364269 8.3746e-05 0.0182991
-0.0196786 0.00186924 -0.015546 -0.00275501 0.000283912 0.0940879
-0.015546 -0.00275501 -0.00550027 -0.00150901 0.00010792 0.0940087
-0.0354497 5.1619e-05 -0.0343629 -0.000226973 2.35883e-05 0.0070615
-0.0354497 5.1619e-05 -0.0305216 0.00765072 6.39667e-05 0.0102965
0.0474957 0.00801726 0.047993 0.0103078 0.000155982 0.123646
0.047993 0.0103078 0.05 0.0096092 0.000663763 6.2384
0.047993 0.0103078 0.0485023 0.0126538 0.000248007 0.202008
0.0485023 0.0126538 0.05 0.0122891 0.000236095 0.803356
-0.0455004 -0.0221862 -0.0409862 -0.0156566 4.93108e-05 0.00630161
-0.0455004 -0.0221862 -0.0419703 -0.0225035 9.83674e-05 0.0391474
-0.0429602 -0.03447 -0.0363896 -0.0406218 0.000154055 0.0643613
-0.0429602 -0.03447 -0.0341654 -0.0400639 0.000147483 0.0648102
-0.0480626 -0.0296929 -0.0429602 -0.03447 0.000145456 0.048663
-0.048906 -0.0306882 -0.0480626 -0.0296929 0.0003199 0.261681
0.00664838 0.0348709 0.00781914 0.0362525 0.000284042 0.228837
0.00425806 0.0405309 0.00781914 0.0362525 2.66576e-05 0.00149809
0.00945447 0.0487133 0.0103954 0.0460197 0.000258214 0.000514885
0.0103954 0.0460197 0.0124794 0.0478835 0.000161201 0.0201883
-0.0161305 0.00798981 -0.00627716 0.00501956 0.000287304 0.47133
-0.00784293 0.00867334 -0.00627716 0.00501956 0.000144417 0.0223448
0.00837422 0.00673381 0.00873655 0.00914773 0.000112327 0.068058
0.0036393 0.0109552 0.00837422 0.00673381 0.00019234 0.142061
0.00773991 0.00250792 0.00837422 0.00673381 0.000112585 0.0463885
0.00773991 0.00250792 0.0123094 0.00069998 0.000149429 0.127884
0.0138625 0.00184068 0.0147961 0.00100841 0.000188772 0.131823
0.0147961 0.00100841 0.0242566 0.00218183 0.000119556 0.116291
0.0147961 0.00100841 0.017402 -0.00131493 0.000190294 0.132111
0.017402 -0.00131493 0.023443 -0.00370508 0.00014858 0.126119
0.0187637 -0.00252893 0.0233622 -0.00391516 0.000282449 0.483719
0.0233622 -0.00391516 0.023443 -0.00370508 7.81913e-05 0.0276423
0.0233622 -0.00391516 0.0259314 -0.00468961 0.000282033 0.482513
0.0259314 -0.00468961 0.0284573 -0.00568901 0.000137823 0.112355
0.025707 0.00218477 0.0260859 0.00110009 0.000274159 0.00944418
0.0254374 0.00148353 0.0260859 0.00110009 0.000264795 0.123284
0.0287646 -0.00656861 0.0290883 -0.00593867 3.93127e-05 0.00329703
0.0290883 -0.00593867 0.0311641 -0.00675996 0.000138409 0.10953
0.0266737 -0.015857 0.0288249 -0.011499 7.37296e-05 0.0893523
0.0284509 -0.0111656 0.0288249 -0.011499 0.000165047 0.134826
0.0297346 -0.00965597 0.0297981 -0.00952739 8.34368e-05 0.0284352
0.0287646 -0.00656861 0.0297981 -0.00952739 0.000313929 0.234032
0.0297981 -0.00952739 0.0311641 -0.00675996 8.57007e-05 0.0162581
0.0311641 -0.00675996 0.0432496 -0.0115417 0.000137095 0.207632
0.0409182 -0.0222809 0.0411596 -0.021169 8.18932e-05 0.031484
0.0411596 -0.021169 0.044282 -0.0203858 0.000112971 0.251103
0.0428417 -0.0134206 0.0421297 -0.0167004 7.93765e-05 0.0272848
0.0428417 -0.0134206 0.05 -0.0154766 7.3203e-05 0.130756
0.0432496 -0.0115417 0.0428417 -0.0134206 7.70898e-05 0.0721409
0.0432496 -0.0115417 0.0497351 -0.0141077 0.000138116 0.538515
0.0202784 -0.0280986 0.0205122 -0.0283397 0.000275129 0.298214
0.0202784 -0.0280986 0.0206162 -0.028129 0.000114286 0.153202
0.0185933 -0.0263604 0.0189592 -0.0267379 0.000276002 0.362356
0.0183164 -0.0268991 0.0185933 -0.0263604 3.64337e-05 0.00110716
0.0170303 -0.0247483 0.0185933 -0.0263604 0.000276182 0.36156
0.0170303 -0.0247483 0.0199569 -0.023707 0.000277174 0.0421373
-0.0433793 -0.0129873 -0.0419318 -0.0146018 4.72116e-05 0.00588602
-0.0433793 -0.0129873 -0.0404352 -0.0148596 2.94229e-05 0.00301209
-0.0436847 -0.0126466 -0.0433793 -0.0129873 4.72496e-05 0.00588976
-0.0436847 -0.0126466 -0.0391701 -0.00568519 6.30033e-05 0.0110992
-0.0128852 -0.00573227 -0.00822913 -0.0109423 0.000286006 0.0832884
-0.00822913 -0.0109423 0.0017112 -0.0136216 2.40558e-05 0.0031687
-0.00822913 -0.0109423 -0.00395127 -0.015729 0.000283943 0.0838714
-0.00395127 -0.015729 0.00387979 -0.0232092 0.000104463 0.0211453
-0.00395127 -0.015729 -0.00300402 -0.016789 0.000282718 0.0830861
-0.00300402 -0.016789 0.00387531 -0.023239 0.000151085 0.0467702
0.00438304 -0.0198564 0.0051786 -0.0145562 8.90849e-05 0.032752
0.00438304 -0.0198564 0.0017112 -0.0136216 0.000115159 0.0208093
0.00387979 -0.0232092 0.00438304 -0.0198564 9.01527e-05 0.0433103
0.00387979 -0.0232092 0.00581157 -0.0250544 0.000102748 0.0281195
0.00387531 -0.023239 0.00387979 -0.0232092 9.07062e-05 0.0505462
0.00387531 -0.023239 0.00581157 -0.0250544 0.000158811 0.0693731
0.00741981 -0.0269428 0.0078269 -0.0269794 0.00010575 0.0813087
0.00741981 -0.0269428 0.00716424 -0.0263465 0.000113157 0.0090812
0.00239031 -0.00964781 0.00544276 -0.0127963 0.000259817 0.0224185
0.00239031 -0.00964781 0.00578474 -0.0105179 2.43358e-05 0.00280376
-0.00397527 -0.000351996 -0.00358144 -0.00127101 0.000117885 0.00436238
-0.00358144 -0.00127101 -0.00243879 -0.00112928 0.000102291 0.0711112
-0.0202296 -0.0380054 -0.0167256 -0.0367587 0.000315277 0.31575
-0.0202296 -0.0380054 -0.0166847 -0.0372934 0.00012452 0.0498139
-0.0207753 -0.0381995 -0.0202296 -0.0380054 0.000309332 0.300779
-0.0207753 -0.0381995 -0.0162276 -0.043272 5.13242e-05 0.00404298
-0.0208395 -0.0381279 -0.0202296 -0.0380054 0.000153491 0.0828123
-0.0208395 -0.0381279 -0.0207753 -0.0381995 6.61331e-05 0.0166443
0.00337395 -0.0265792 0.00340241 -0.0263896 0.00010123 0.00227334
0.00337395 -0.0265792 0.0045319 -0.0266833 0.000113658 0.0213321
0.00273943 -0.0308065 0.0028938 -0.0297781 9.425e-05 0.00412675
0.00273943 -0.0308065 0.00846053 -0.0293714 0.000107014 0.0396804
0.00233931 -0.0334722 0.00273943 -0.0308065 8.94401e-05 0.0030671
0.00233931 -0.0334722 0.00959347 -0.0320152 0.000120336 0.0494138
-0.0102404 -0.0340624 -0.00984838 -0.0343117 3.36838e-05 0.00470083
-0.0102404 -0.0340624 -0.00653594 -0.0331332 0.000111548 0.043395
-0.0172736 -0.0295896 -0.0102404 -0.0340624 3.04938e-05 0.00307273
-0.0176482 -0.0246896 -0.0172736 -0.0295896 8.32125e-05 0.00393657
-0.0237386 -0.0241422 -0.0261544 -0.0187042 0.000365362 0.000312514
-0.0237386 -0.0241422 -0.0176482 -0.0246896 0.000122293 0.0496905
-0.0419703 -0.0225035 -0.0385093 -0.0184192 0.000299238 0.257188
-0.0385093 -0.0184192 -0.0342233 -0.0231998 5.51622e-05 0.00254235
-0.0364765 -0.0160203 -0.0261544 -0.0187042 5.70015e-05 0.00839498
-0.0372237 -0.016902 -0.0364765 -0.0160203 0.000298028 0.258725
-0.0346169 0.0135625 -0.0304004 0.00953495 0.000130165 0.0573814
-0.0357353 0.0138996 -0.0346169 0.0135625 0.000327034 0.50996
-0.0267553 0.0111722 -0.023382 0.00980732 0.000115206 0.0653786
-0.0267553 0.0111722 -0.023557 0.00955423 4.18086e-05 0.00788084
-0.0286934 0.0119564 -0.0280045 0.0116777 0.000103559 0.0552633
-0.0290135 0.0123146 -0.0286934 0.0119564 0.000306145 0.305642
-0.0268552 0.0112228 -0.0267553 0.0111722 4.28714e-05 0.00802448
-0.0269532 0.0112523 -0.0268552 0.0112228 0.000319493 0.543531
-0.0278717 0.011737 -0.0268552 0.0112228 3.83287e-05 0.00679563
-0.0278717 0.011737 -0.0277797 0.0118787 7.66221e-05 0.026944
-0.0279142 0.0117585 -0.0278717 0.011737 3.78981e-05 0.00648544
-0.0279142 0.0117585 -0.0277797 0.0118787 0.000200445 0.220646
-0.0290135 0.0123146 -0.0279142 0.0117585 3.94052e-05 0.00764384
-0.0355598 0.0196396 -0.0290135 0.0123146 0.000306648 0.305665
-0.0206601 0.0137445 -0.0205842 0.0137145 0.000140076 0.101954
-0.0206601 0.0137445 -0.0205938 0.0138404 5.91542e-05 0.0169742
-0.025363 0.0156052 -0.0241497 0.0151252 0.000144166 0.114713
-0.025363 0.0156052 -0.0223923 0.0201861 7.68956e-05 0.0275567
-0.0355598 0.0196396 -0.025363 0.0156052 0.000146083 0.114336
-0.0423835 0.0272751 -0.0355598 0.0196396 0.000316285 0.326321
-0.0357353 0.0138996 -0.0307483 0.00922386 0.000195064 0.130447
-0.05 0.0181997 -0.0357353 0.0138996 0.000340244 0.539459
-0.0246774 0.0479573 -0.0231368 0.0471047 0.000155097 0.0420535
-0.00974227 0.0396923 -0.00466419 0.0368821 0.00014012 0.0656188
-0.00466419 0.0368821 -0.00126987 0.0417919 6.83219e-05 0.027466
-0.00167286 0.0352268 0.00419724 0.0319783 0.000138856 0.0815694
-7.21369e-06 0.0270167 0.00419724 0.0319783 0.000300097 0.407245
0.00419724 0.0319783 0.00544336 0.0312887 0.000148737 0.331796
0.00498158 0.0329039 0.00544336 0.0312887 2.65935e-05 0.00714266
0.00770911 0.0300349 0.0113219 0.0263719 0.000723435 0.069598
0.0115525 0.027908 0.0113219 0.0263719 0.00013666 0.0230454
-0.0103577 0.0497353 -0.00346 0.0493795 3.09266e-05 9.68461e-05
-0.00346 0.0493795 -0.00330532 0.049618 6.2024e-05 0.000363162
-0.00309095 0.0493605 0.000327051 0.0491842 3.13004e-05 0.00147767
-0.0316015 0.0494632 -0.0313319 0.0492653 7.20933e-05 0.0158142
-0.0224412 0.042739 -0.0124993 0.035441 6.2293e-05 0.0101353
-0.0124993 0.035441 -0.00974227 0.0396923 9.73873e-05 0.0497242
-0.000396682 0.0265571 0.00367248 0.0235701 0.000205897 0.165038
0.00367248 0.0235701 0.00794775 0.022529 0.000362412 0.724198
0.00794775 0.022529 0.00740212 0.0244375 2.42124e-05 0.000376882
0.00794775 0.022529 0.0106464 0.0218719 0.000354128 0.740817
0.015165 0.0274268 0.0175072 0.0246126 3.60852e-05 0.00503625
0.0115525 0.027908 0.0175072 0.0246126 0.000156814 0.0682404
0.0218346 0.0194136 0.0243782 0.0185281 0.0002858 0.665733
0.0181373 0.0238556 0.0218346 0.0194136 3.25643e-05 0.00508552
0.0221123 0.0190799 0.0243782 0.0185281 0.000788647 5.20186
0.0218346 0.0194136 0.0221123 0.0190799 3.86198e-05 0.00835368
0.0232593 0.00919225 0.0256937 0.00740522 9.53543e-05 0.0209944
0.0256937 0.00740522 0.0282438 0.00878432 0.000671107 0.564689
0.0256937 0.00740522 0.0272691 0.00624878 8.34026e-05 0.0315224
0.0282438 0.00878432 0.0272691 0.00624878 0.000102928 0.0203639
0.0272691 0.00624878 0.0315732 0.00308933 7.5869e-05 0.0627875
0.0315732 0.00308933 0.0338746 0.00337478 0.000125956 0.177452
0.0311627 -0.00190211 0.0325092 0.000717867 3.76077e-05 0.0298384
0.0325092 0.000717867 0.0345057 9.88431e-06 0.000144367 0.215834
0.0330199 -0.00300032 0.0345057 9.88431e-06 8.67463e-05 0.179132
0.0345057 9.88431e-06 0.0369482 -0.000856241 0.000146443 0.297223
0.0299248 0.00969347 0.0343745 0.00434743 4.0625e-05 0.0202074
0.0343745 0.00434743 0.0338746 0.00337478 4.36843e-05 0.00324637
0.0350615 0.00352199 0.0358009 0.00263369 3.55746e-05 0.00895151
0.0348415 0.000690202 0.0358009 0.00263369 8.48707e-05 0.0394409
-0.0353736 0.0457372 -0.0235794 0.0352221 0.000238246 0.0925128
-0.0235794 0.0352221 -0.0221915 0.034739 0.000357781 0.584359
-0.0221915 0.034739 -0.0228246 0.0430204 0.000130046 0.0430555
-0.0221915 0.034739 -0.0184557 0.0334386 0.000354957 0.57901
-0.0146557 0.0321158 -0.00925826 0.030237 0.000354409 0.584233
-0.0146557 0.0321158 -0.0124993 0.035441 0.000108492 0.0532507
0.0225854 -0.0059362 0.0253428 -0.00839457 0.000174019 0.138817
0.0253428 -0.00839457 0.0275068 -0.0090161 7.7399e-05 0.0404569
0.0207342 -0.0221945 0.0222895 -0.0191682 3.37535e-05 0.0141152
0.0247164 -0.0198224 0.0222895 -0.0191682 2.29373e-05 0.000911384
0.0245446 -0.01478 0.0267548 -0.0104793 3.3572e-05 0.0162322
0.0267548 -0.0104793 0.0284509 -0.0111656 8.80362e-05 0.0606229
0.0297981 -0.00952739 0.0298551 -0.00969057 0.000312727 0.238063
0.0298551 -0.00969057 0.0428417 -0.0134206 7.8376e-05 0.078802
0.0298551 -0.00969057 0.0306862 -0.0120701 0.000311998 0.229918
0.0306862 -0.0120701 0.0421297 -0.0167004 0.000102864 0.155913
0.0312384 -0.0136508 0.0365775 -0.0184109 0.000175773 0.376785
0.0365775 -0.0184109 0.0414853 -0.0196689 2.69904e-05 0.011887
0.0401368 -0.0258803 0.0405268 -0.0240839 8.07579e-05 0.0633425
0.0405268 -0.0240839 0.0439864 -0.0250164 2.48728e-05 0.0131824
0.0405268 -0.0240839 0.0407652 -0.0229858 8.05748e-05 0.0626824
0.0407652 -0.0229858 0.0429468 -0.0240894 3.45926e-05 0.0223051
0.0456829 -0.0254736 0.05 -0.0276576 3.45702e-05 0.0225983
0.0456829 -0.0254736 0.05 -0.0266372 2.49415e-05 0.0127283
0.0446821 -0.0249673 0.0456829 -0.0254736 3.49103e-05 0.0225117
0.0446821 -0.0249673 0.05 -0.0238991 0.000122881 0.312349
0.0352305 -0.0226563 0.0405268 -0.0240839 2.34018e-05 0.0112425
0.0352305 -0.0226563 0.0384951 -0.0218374 0.000101553 0.238712
0.0325395 -0.0173759 0.0331542 -0.0191354 0.000269349 0.0832754
0.0331542 -0.0191354 0.0384951 -0.0218374 3.21671e-05 0.0174576
0.00784604 -0.0152752 0.0179489 -0.0179983 2.24324e-05 0.00281797
0.00784604 -0.0152752 0.0158301 -0.0235104 0.000242808 0.0150609
0.00689861 -0.00309706 0.00699088 -0.00248235 9.00278e-05 0.0508219
0.00689861 -0.00309706 0.0124523 -0.00469219 7.06052e-05 0.0327562
0.00544276 -0.0127963 0.00578474 -0.0105179 9.16931e-05 0.0552253
0.00544276 -0.0127963 0.00784604 -0.0152752 0.000245386 0.0150026
0.0234044 -0.0224804 0.0217653 -0.025801 7.37235e-05 0.0474785
0.0207342 -0.0221945 0.0196669 -0.0184613 2.17093e-05 0.0044353
0.0199569 -0.023707 0.0207342 -0.0221945 3.37724e-05 0.0122401
0.0150887 -0.0254391 0.0170303 -0.0247483 0.000310656 0.352311
0.0150887 -0.0254391 0.0158301 -0.0235104 7.44314e-05 0.019543
0.00866106 -0.0277261 0.0101681 -0.0271899 0.00031131 0.35695
0.00866106 -0.0277261 0.0087066 -0.0277688 0.000152758 0.063056
0.00863331 -0.0277497 0.00994201 -0.0289998 0.000106881 0.0311794
0.00863331 -0.0277497 0.0087066 -0.0277688 5.29864e-05 0.01018
0.0141232 -0.0279509 0.0153135 -0.0276524 0.000108363 0.054081
0.0141232 -0.0279509 0.0142739 -0.0275589 7.31144e-05 0.00898011
0.0100032 -0.0289844 0.0117229 -0.0285531 0.000110122 0.0519111
0.0100032 -0.0289844 0.012593 -0.0314127 0.000150701 0.0597414
0.00994201 -0.0289998 0.0100032 -0.0289844 0.000116619 0.043795
0.00994201 -0.0289998 0.0124898 -0.0314334 0.000103858 0.0279213
0.00846053 -0.0293714 0.00959347 -0.0320152 0.00011535 0.0174734
0.00959347 -0.0320152 0.0124898 -0.0314334 0.000120091 0.0538701
0.0136947 -0.0290658 0.0141232 -0.0279509 7.32133e-05 0.0114345
0.0136947 -0.0290658 0.0167894 -0.0298705 5.09507e-05 0.0121918
0.0127397 -0.0315502 0.0128093 -0.0313692 6.96994e-05 0.0151943
0.0127397 -0.0315502 0.01489 -0.0335663 0.000143137 0.0436795
0.0127054 -0.0316394 0.0127397 -0.0315502 7.10399e-05 0.0110903
0.0127054 -0.0316394 0.014835 -0.0336735 0.000100135 0.0209581
-0.0194662 -0.000909324 -0.0196786 0.00186924 8.62642e-05 0.0122807
-0.0194662 -0.000909324 -0.0173055 -0.00297324 0.000114077 0.0181016
-0.0194296 -0.00138849 -0.0194662 -0.000909324 9.15312e-05 0.0123348
-0.0194296 -0.00138849 -0.0176886 -0.00302077 0.000168801 0.0401193
-0.0173055 -0.00297324 -0.015546 -0.00275501 0.000118704 0.0610502
-0.0173055 -0.00297324 -0.0149788 -0.00519563 0.00011828 0.0164701
-0.0176886 -0.00302077 -0.0173055 -0.00297324 0.000122334 0.0582833
-0.0176886 -0.00302077 -0.0155158 -0.00505798 0.00016059 0.0334553
-0.0149788 -0.00519563 -0.0128852 -0.00573227 2.8326e-05 0.0029304
-0.0149788 -0.00519563 -0.0092509 -0.0106669 0.000112922 0.0169488
-0.0155158 -0.00505798 -0.0149788 -0.00519563 2.66629e-05 0.00183089
-0.0155158 -0.00505798 -0.00964767 -0.0105599 0.000157301 0.034061
-0.0364765 -0.0160203 -0.0304868 -0.00895197 0.000295598 0.260481
-0.0323158 -0.00483502 -0.0304868 -0.00895197 0.000374543 0.00468118
-0.0215804 -0.00350347 -0.0192896 -0.00321934 0.000121719 0.0520062
-0.0215804 -0.00350347 -0.0192217 -0.00410808 2.91116e-05 0.00241047
-0.0132999 0.0243908 -0.0125871 0.0254219 6.71042e-05 0.0215632
-0.0135945 0.024565 -0.0132999 0.0243908 0.000328513 0.493135
-0.0140892 0.0232492 -0.0132999 0.0243908 6.18918e-05 0.0202731
-0.0143597 0.0238806 -0.0140892 0.0232492 0.000132212 0.0126692
-0.0110535 0.0161654 -0.00963023 0.0156607 0.00014988 0.124573
-0.0140892 0.0232492 -0.0110535 0.0161654 0.000118627 0.0123348
-0.0231712 0.0101122 -0.0206601 0.0137445 6.53409e-05 0.0205117
-0.0268552 0.0112228 -0.0231712 0.0101122 0.000319634 0.543028
-0.023382 0.00980732 -0.0231712 0.0101122 7.24528e-05 0.0288093
-0.023382 0.00980732 -0.0201866 0.00851437 0.000110672 0.0606218
-0.023557 0.00955423 -0.023382 0.00980732 6.03676e-05 0.0209456
-0.023557 0.00955423 -0.0201337 0.00782243 3.58508e-05 0.00588608
-0.0282489 0.0114591 -0.0281347 0.0113313 0.000305892 0.2351
-0.0281347 0.0113313 -0.0279844 0.0115631 7.62599e-05 0.0274785
-0.0217903 0.00131067 -0.0194662 -0.000909324 0.000114559 0.0174175
-0.0220197 0.00104 -0.0217903 0.00131067 0.000275668 0.275832
-0.0265237 0.00526295 -0.0262868 0.00560566 5.03505e-05 0.00759526
-0.0265237 0.00526295 -0.0220197 0.00104 0.000135905 0.0524761
-0.0251044 -0.00260018 -0.0215804 -0.00350347 2.51205e-05 0.00171859
-0.0263736 -0.00409799 -0.0251044 -0.00260018 0.000286718 0.26389
0.027312 0.0025608 0.0325092 0.000717867 0.000144757 0.209259
0.027312 0.0025608 0.0315732 0.00308933 0.000123531 0.161266
0.0297346 -0.00965597 0.0298551 -0.00969057 7.55464e-05 0.045819
0.0288998 -0.0113472 0.0297346 -0.00965597 8.34417e-05 0.031657
0.0380694 -0.0354037 0.0392844 -0.029807 7.67228e-05 0.0881051
0.0392844 -0.029807 0.0441759 -0.0302466 0.000119623 0.312786
-0.0168058 -0.0357093 -0.0102404 -0.0340624 0.000113428 0.0432454
-0.0172736 -0.0295896 -0.0168058 -0.0357093 7.49156e-05 0.00438139
-0.0363896 -0.0406218 -0.0341654 -0.0400639 0.00014648 0.0621645
-0.0363896 -0.0406218 -0.035836 -0.0411401 0.000115207 0.0377729
0.0120432 0.0311774 0.0119076 0.030274 8.63055e-05 0.00169859
0.00664838 0.0348709 0.0119076 0.030274 0.000248491 0.291539
-0.00580815 0.0457587 -0.00126987 0.0417919 0.000206083 0.0196336
-0.00126987 0.0417919 0.000762129 0.0447311 5.18783e-05 0.00257744
0.00425806 0.0405309 0.0103954 0.0460197 0.000168103 0.093771
0.00203864 0.0431975 0.00425806 0.0405309 2.6448e-05 0.0012186
0.00309769 0.0394932 0.00425806 0.0405309 0.000168311 0.0937005
0.00203864 0.0431975 0.00309769 0.0394932 2.13905e-05 0.000106283
0.00223883 0.0387251 0.00367658 0.0374684 0.000273459 0.195421
0.00309769 0.0394932 0.00367658 0.0374684 2.13905e-05 0.00025689
0.00419724 0.0319783 0.00498158 0.0329039 0.0002854 0.294986
0.00367658 0.0374684 0.00498158 0.0329039 2.36445e-05 0.000144063
0.00781914 0.0362525 0.0120432 0.0311774 3.01766e-05 0.00381119
0.0131062 0.0382591 0.0120432 0.0311774 8.40161e-05 0.00118525
0.0120593 0.0412562 0.0131062 0.0382591 0.000318075 0.24386
0.0131062 0.0382591 0.0142945 0.0461761 9.41024e-05 0.00434539
0.0313775 0.0169369 0.0317427 0.0167348 0.000112118 0.137592
0.0317427 0.0167348 0.0397398 0.0147875 0.000136131 0.247907
0.0358009 0.00263369 0.0363161 0.00367761 8.55826e-05 0.0396158
0.0363161 0.00367761 0.0415878 0.00433147 0.000122221 0.215353
0.0045319 -0.0266833 0.00765677 -0.0274958 5.76653e-05 0.0233655
0.0045319 -0.0266833 0.00595249 -0.026811 0.000104534 0.0122765
0.0028938 -0.0297781 0.00787526 -0.0280057 0.000313386 0.331815
0.00337395 -0.0265792 0.0028938 -0.0297781 9.72752e-05 0.0258896
-0.00984838 -0.0343117 -0.00653594 -0.0331332 0.000314274 0.320101
-0.00984838 -0.0343117 -0.00792624 -0.0355342 3.33101e-05 0.00302359
-0.00792624 -0.0355342 0.00233931 -0.0334722 0.000121477 0.051205
-0.00792624 -0.0355342 0.00116224 -0.0413141 3.04206e-05 0.00312123
0.0313377 0.0168335 0.0317427 0.0167348 0.000227824 0.698858
0.0313377 0.0168335 0.0313775 0.0169369 7.42956e-05 0.0523334
-0.00592698 0.0200308 0.00904148 0.0111793 0.000306323 0.538378
0.00978205 0.0161131 0.00904148 0.0111793 0.000105057 0.0033152
-0.0158391 0.0283212 -0.0126117 0.0254439 0.000838679 2.14766
-0.0126117 0.0254439 -0.0125074 0.0255371 0.000518498 1.46369
-0.00774825 0.0211078 -0.0061909 0.0197194 0.000194497 0.139963
-0.00963023 0.0156607 -0.0061909 0.0197194 0.000293866 0.479411
-0.0217903 0.00131067 -0.0205196 0.00281026 0.00027355 0.280891
-0.0228853 0.00545744 -0.0205196 0.00281026 0.000304167 0.231016
-0.0205196 0.00281026 -0.0198142 0.00364269 0.000277449 0.432221
-0.0198142 0.00364269 -0.0198871 0.00459629 9.21792e-05 0.0136918
-0.00416004 7.91886e-05 -0.00070239 -0.000913913 7.48751e-05 0.0315225
-0.00517119 0.00243874 -0.00416004 7.91886e-05 0.000113891 0.00196218
-0.00570439 0.000522754 -0.00416004 7.91886e-05 7.59695e-05 0.0347688
-0.00570439 0.000522754 -0.00397527 -0.000351996 3.60989e-05 0.00659313
-0.017431 0.00645512 -0.0168351 0.00715826 0.000275356 0.436974
-0.0168351 0.00715826 -0.00517119 0.00243874 0.000103162 0.0548323
-0.0231712 0.0101122 -0.0202413 0.009229 0.000319048 0.546368
-0.0202413 0.009229 -0.0205842 0.0137145 9.55716e-05 0.0105849
-0.0161305 0.00798981 -0.0136158 0.0109574 0.000307524 0.521379
-0.0136158 0.0109574 -0.00784293 0.00867334 0.000160801 0.137688
-0.0135945 0.024565 -0.0126117 0.0254439 0.000753249 3.20462
-0.0150123 0.0254034 -0.0135945 0.024565 0.00083637 2.99377
-0.0143597 0.0238806 -0.0135945 0.024565 0.0002275 0.316398
-0.0150123 0.0254034 -0.0143597 0.0238806 0.000355597 0.0588683
-0.0212174 0.0219977 -0.0217839 0.0294078 9.57212e-05 0.0171243
-0.0212174 0.0219977 -0.017901 0.0271116 7.82569e-05 0.0329098
0.0408212 0.0128043 0.047993 0.0103078 0.000671993 6.20785
0.0403972 0.0119455 0.0408212 0.0128043 0.000300443 1.40202
0.00371968 0.0490092 0.00945447 0.0487133 3.10179e-05 0.0051843
0.0117214 0.0485964 0.0124794 0.0478835 7.21898e-05 0.000282998
0.0124794 0.0478835 0.0131918 0.0485206 0.000161201 0.00851297
0.0145618 0.0497459 0.0148086 0.049601 3.56763e-05 0.0332005
0.0148086 0.049601 0.0146352 0.0484461 8.30702e-05 0.00920548
0.0131918 0.0485206 0.0146352 0.0484461 3.09266e-05 0.00631333
-0.0061909 0.0197194 -0.00592698 0.0200308 0.000292805 0.473582
-0.00774825 0.0211078 -0.00592698 0.0200308 0.000894963 3.77309
-0.00642169 0.0309798 -0.00193877 0.027689 6.96978e-05 0.0185077
-0.00193877 0.027689 -7.21369e-06 0.0270167 0.000365581 0.665409
-0.0401716 0.0409978 -0.0235794 0.0352221 0.000403471 0.797523
-0.0401716 0.0409978 -0.0353736 0.0457372 7.04298e-05 0.0443719
0.0144284 -0.000138394 0.0141243 0.000925088 2.19473e-05 0.000287701
0.0144284 -0.000138394 0.017402 -0.00131493 0.000139037 0.11221
0.00749381 0.000868339 0.00929331 0.000325885 0.000285373 0.490895
0.00929331 0.000325885 0.0123094 0.00069998 0.000113997 0.0934932
0.0225854 -0.0059362 0.0233622 -0.00391516 7.79888e-05 0.0207769
0.0187637 -0.00252893 0.0225854 -0.0059362 0.000177265 0.133336
0.0216353 -0.00840786 0.0267548 -0.0104793 8.85522e-05 0.058109
0.0216353 -0.00840786 0.0220085 -0.00743691 6.86603e-05 0.0356263
0.0267349 -0.015888 0.0331542 -0.0191354 3.17571e-05 0.0148229
0.0267349 -0.015888 0.0325395 -0.0173759 2.30497e-05 0.00918492
0.0200584 -0.0125104 0.0245446 -0.01478 3.23297e-05 0.0034324
0.0200584 -0.0125104 0.0216353 -0.00840786 6.75271e-05 0.0469183
0.026667 -0.0158706 0.0267349 -0.015888 2.31598e-05 0.00955419
0.0247164 -0.0198224 0.026667 -0.0158706 7.37349e-05 0.096509
0.0242964 -0.0152629 0.026667 -0.0158706 2.29688e-05 0.00296415
0.0222895 -0.0191682 0.0242964 -0.0152629 3.36366e-05 0.0154927
0.0197 -0.0299852 0.0205122 -0.0283397 8.04587e-05 0.0168125
0.0205122 -0.0283397 0.021715 -0.0295804 0.000272806 0.279525
0.0205122 -0.0283397 0.0206162 -0.028129 8.58337e-05 0.0832277
0.0206162 -0.028129 0.0224787 -0.0282964 0.000114503 0.188153
0.0206162 -0.028129 0.0216341 -0.0260669 8.21614e-05 0.0378344
0.0216341 -0.0260669 0.0218274 -0.0260184 0.000108142 0.179583
0.0217653 -0.025801 0.0218274 -0.0260184 2.18005e-05 0.0117228
0.0218274 -0.0260184 0.0344522 -0.0228515 0.000107414 0.182582
0.0263675 -0.0286459 0.0392844 -0.029807 0.000125242 0.276935
0.0263675 -0.0286459 0.0358135 -0.0267486 0.000124269 0.227683
0.0361102 -0.0444284 0.0369058 -0.045249 0.000254625 0.145075
0.0358697 -0.0455362 0.0361102 -0.0444284 7.60226e-05 0.020687
0.0380694 -0.0354037 0.0446417 -0.0371126 5.06265e-05 0.0728249
0.0361102 -0.0444284 0.0380694 -0.0354037 7.83021e-05 0.111617
-0.0107736 0.0270877 -0.00179886 0.0249024 0.000557817 1.6665
-0.0107736 0.0270877 -0.0078143 0.0297343 0.000265653 0.386411
-0.00925826 0.030237 -0.0079627 0.0321109 9.4259e-05 0.0354919
-0.00925826 0.030237 -0.0078143 0.0297343 0.000354472 0.581669
-0.0169423 0.0285899 -0.0163121 0.0284364 0.000555195 1.77218
-0.0169423 0.0285899 -0.0166485 0.0290429 0.000442529 1.17868
-0.0201866 0.00851437 -0.0202413 0.009229 9.6115e-05 0.0179922
-0.0201866 0.00851437 -0.0168351 0.00715826 0.000106257 0.0569352
-0.0201337 0.00782243 -0.0201866 0.00851437 8.3756e-05 0.0127753
-0.0201337 0.00782243 -0.017431 0.00645512 3.55751e-05 0.00592811
-0.0297207 0.0088857 -0.0281347 0.0113313 8.03753e-05 0.0215735
-0.0297207 0.0088857 -0.0275275 0.00679075 0.000109277 0.033453
-0.0299729 0.00849686 -0.0297207 0.0088857 6.40168e-05 0.0128079
-0.0299729 0.00849686 -0.0284296 0.00704984 0.000136387 0.0533663
-0.0280045 0.0116777 -0.0279142 0.0117585 0.00020004 0.220816
-0.0280045 0.0116777 -0.0279297 0.0116474 0.000103738 0.0527058
-0.0280952 0.0115966 -0.0280045 0.0116777 0.000200082 0.219493
-0.0284738 0.0117107 -0.0280952 0.0115966 0.000293877 0.455961
-0.0282489 0.0114591 -0.0280952 0.0115966 0.000250575 0.341647
-0.0284738 0.0117107 -0.0282489 0.0114591 0.000346585 0.343653
-0.0419703 -0.0225035 -0.0342233 -0.0231998 0.000134415 0.0481781
-0.0480626 -0.0296929 -0.0419703 -0.0225035 0.000309839 0.256862
-0.0341654 -0.0400639 -0.0332804 -0.0406268 0.000160472 0.0810158
-0.0341654 -0.0400639 -0.0218692 -0.0369794 0.000121331 0.0466778
-0.0104318 0.0147147 -0.00784293 0.00867334 0.000136107 0.0161473
-0.00784293 0.00867334 0.00773991 0.00250792 0.000155525 0.135741
0.0123094 0.00069998 0.0144284 -0.000138394 0.000139342 0.112003
0.0123094 0.00069998 0.0141243 0.000925088 0.000123332 0.114818
0.00837422 0.00673381 0.0138625 0.00184068 0.00018963 0.131318
0.0138625 0.00184068 0.0121161 0.00794934 2.35678e-05 0.00109263
0.0257784 0.00237058 0.027312 0.0025608 9.63708e-05 0.104782
0.0257784 0.00237058 0.0260267 0.00301657 6.69653e-05 0.0277007
0.0256477 0.00235438 0.0257784 0.00237058 9.57813e-05 0.100879
0.0253302 0.00326358 0.0256477 0.00235438 0.000270551 0.0444419
0.0242566 0.00218183 0.0256477 0.00235438 9.25934e-05 0.0210107
0.0203295 0.00450413 0.0242566 0.00218183 0.000237403 0.0760684
0.023443 -0.00370508 0.0259314 -0.00468961 0.000145869 0.121335
0.023443 -0.00370508 0.0254374 0.00148353 8.40162e-05 0.0381015
0.0256477 0.00235438 0.025707 0.00218477 0.000260655 0.0165235
0.025707 0.00218477 0.0257784 0.00237058 6.87353e-05 0.0333252
0.0242566 0.00218183 0.0254374 0.00148353 0.00026165 0.114721
0.0254374 0.00148353 0.025707 0.00218477 7.14447e-05 0.00801861
0.026667 -0.0158706 0.0266737 -0.015857 7.36989e-05 0.0944775
0.0266737 -0.015857 0.0267349 -0.015888 3.17801e-05 0.0145112
0.0270459 -0.00991294 0.0284509 -0.0111656 0.000170458 0.139198
0.0284509 -0.0111656 0.0288998 -0.0113472 9.81903e-05 0.0693739
0.0485758 -0.0193087 0.05 -0.0189514 0.000114234 0.26086
0.0485758 -0.0193087 0.05 -0.0198849 9.8842e-05 0.186648
0.044282 -0.0203858 0.0485758 -0.0193087 0.000113016 0.251424
0.044282 -0.0203858 0.05 -0.0218515 2.58046e-05 0.0131413
0.0414853 -0.0196689 0.0421297 -0.0167004 8.38891e-05 0.0194207
0.0421297 -0.0167004 0.0485758 -0.0193087 0.000100018 0.19829
0.0189592 -0.0267379 0.0202784 -0.0280986 0.000274997 0.336904
0.0189592 -0.0267379 0.0216341 -0.0260669 0.000112116 0.115365
0.0167894 -0.0298705 0.0178138 -0.0278771 3.62218e-05 0.00336987
0.0178138 -0.0278771 0.0202784 -0.0280986 0.00011041 0.0625722
0.0178138 -0.0278771 0.0183164 -0.0268991 3.76693e-05 0.0016161
0.0183164 -0.0268991 0.0189592 -0.0267379 0.00010709 0.0520191
0.0199569 -0.023707 0.0210549 -0.0233163 0.000276999 0.0402587
0.0199569 -0.023707 0.0185933 -0.0263604 3.36703e-05 0.00339723
0.00581157 -0.0250544 0.00716424 -0.0263465 0.000111895 0.0338537
0.00581157 -0.0250544 0.00714719 -0.0263067 0.000153811 0.0657846
0.0101681 -0.0271899 0.0142739 -0.0275589 0.000111251 0.0545869
0.0101681 -0.0271899 0.0150887 -0.0254391 0.000310625 0.35641
0.0078269 -0.0269794 0.00786874 -0.0269832 0.000106489 0.0745571
0.0078269 -0.0269794 0.00862282 -0.0277397 0.000100958 0.0382737
0.00716424 -0.0263465 0.00714719 -0.0263067 0.000127999 0.0125818
0.00716424 -0.0263465 0.0078269 -0.0269794 0.000105356 0.0304227
0.00578474 -0.0105179 0.018314 -0.0137295 2.33094e-05 0.00326692
0.00578474 -0.0105179 0.00651414 -0.00565849 9.12634e-05 0.0553986
-0.00416004 7.91886e-05 -0.00397527 -0.000351996 0.000123933 0.00407144
-0.00397527 -0.000351996 -0.00243879 -0.00112928 3.64196e-05 0.00626943
0.00737671 8.81628e-05 0.00929331 0.000325885 0.000103448 0.0852295
0.00737671 8.81628e-05 0.00749381 0.000868339 9.59302e-05 0.0472563
-0.00070239 -0.000913913 0.00221908 -0.000551554 0.000103611 0.0760058
-0.00070239 -0.000913913 0.00689861 -0.00309706 7.04342e-05 0.0264615
-0.00243879 -0.00112928 -0.00070239 -0.000913913 0.00010257 0.0719372
-0.00243879 -0.00112928 0.00651414 -0.00565849 3.23115e-05 0.00383191
-0.00653594 -0.0331332 0.00273943 -0.0308065 0.000109026 0.0399992
-0.00653594 -0.0331332 0.0028938 -0.0297781 0.000314053 0.321854
-0.0176482 -0.0246896 -0.0179426 -0.0208395 8.87426e-05 0.00649221
-0.0176482 -0.0246896 0.00337395 -0.0265792 0.000117407 0.0440614
-0.0261544 -0.0187042 -0.0304868 -0.00895197 0.00036989 0.000817564
-0.0261544 -0.0187042 -0.0179426 -0.0208395 4.71583e-05 0.00615582
-0.0342233 -0.0231998 -0.0218692 -0.0369794 5.57469e-05 0.00694756
-0.0342233 -0.0231998 -0.0261849 -0.0239223 0.000128664 0.0484114
-0.0280952 0.0115966 -0.0279844 0.0115631 0.000321143 0.547071
-0.0279844 0.0115631 -0.0279297 0.0116474 8.77234e-05 0.0343234
-0.0279844 0.0115631 -0.0269532 0.0112523 0.000321561 0.543513
-0.0269532 0.0112523 -0.0267553 0.0111722 0.000115795 0.0649207
-0.0277797 0.0118787 -0.025363 0.0156052 7.60066e-05 0.0257099
-0.0277797 0.0118787 -0.0241497 0.0151252 0.000200053 0.22163
-0.0205842 0.0137145 -0.0136158 0.0109574 0.000140284 0.103428
-0.0205842 0.0137145 -0.0205938 0.0138404 8.88216e-05 0.00882348
-0.0205938 0.0138404 -0.0174246 0.0184246 5.90132e-05 0.0174475
-0.0205938 0.0138404 -0.0209133 0.0180196 8.53819e-05 0.00887987
-0.0241497 0.0151252 -0.0206601 0.0137445 0.000139709 0.099816
-0.0241497 0.0151252 -0.0209133 0.0180196 0.000201619 0.232767
-0.0231368 0.0471047 -0.00974227 0.0396923 0.000137894 0.0613496
-0.00974227 0.0396923 -0.00580815 0.0457587 8.3113e-05 0.0494236
-0.00466419 0.0368821 -0.00167286 0.0352268 0.000135717 0.0633247
-0.00167286 0.0352268 0.00223883 0.0387251 0.000232267 0.273068
0.0282438 0.00878432 0.0299248 0.00969347 0.000669667 0.557591
0.0282438 0.00878432 0.0290139 0.0107879 0.000104681 0.0331536
0.0338746 0.00337478 0.0350615 0.00352199 0.000125155 0.18318
0.0331377 0.0019409 0.0338746 0.00337478 4.26508e-05 0.0101541
0.0299248 0.00969347 0.0290139 0.0107879 4.23859e-05 0.00519562
0.0299248 0.00969347 0.0333401 0.0115405 0.000668166 0.557285
0.0343745 0.00434743 0.0350615 0.00352199 3.64677e-05 0.0196233
0.0350615 0.00352199 0.0363161 0.00367761 0.000126776 0.183972
-0.0367862 0.0469967 -0.0353736 0.0457372 0.000468632 0.0434344
-0.0353736 0.0457372 -0.0321437 0.0489277 0.000120027 0.0119808
0.0247164 -0.0198224 0.034296 -0.0224044 2.26653e-05 0.00979589
0.0234044 -0.0224804 0.0247164 -0.0198224 7.38485e-05 0.0996501
0.0242964 -0.0152629 0.0245446 -0.01478 3.35689e-05 0.0154955
0.0245446 -0.01478 0.0266737 -0.015857 3.15541e-05 0.00273141
0.0414853 -0.0196689 0.044282 -0.0203858 2.66399e-05 0.0145232
0.0411596 -0.021169 0.0414853 -0.0196689 8.48804e-05 0.0199721
0.0384951 -0.0218374 0.0399979 -0.0214604 0.000101441 0.238008
0.0384951 -0.0218374 0.0407652 -0.0229858 3.32745e-05 0.019824
0.0312384 -0.0136508 0.0325395 -0.0173759 0.000269573 0.0833854
0.0325395 -0.0173759 0.0365775 -0.0184109 2.35763e-05 0.0110282
0.00699088 -0.00248235 0.00737671 8.81628e-05 8.96595e-05 0.044026
0.00699088 -0.00248235 0.0124523 -0.00469219 9.12877e-05 0.0481911
0.0124523 -0.00469219 0.0160235 -0.00571791 7.02709e-05 0.0328391
0.0124523 -0.00469219 0.0161591 -0.00619204 9.06895e-05 0.0485655
0.0087066 -0.0277688 0.0100032 -0.0289844 0.000151962 0.0632548
0.0087066 -0.0277688 0.0117229 -0.0285531 5.1917e-05 0.0107743
0.0153135 -0.0276524 0.0183164 -0.0268991 0.000107514 0.0516232
0.0153135 -0.0276524 0.0178138 -0.0278771 0.000110985 0.0616968
0.0142739 -0.0275589 0.0150887 -0.0254391 7.32406e-05 0.00262442
0.0142739 -0.0275589 0.0153135 -0.0276524 0.000111321 0.0587241
0.0117229 -0.0285531 0.0141232 -0.0279509 0.000109381 0.0519268
0.0117229 -0.0285531 0.0136947 -0.0290658 5.29253e-05 0.011264
0.012593 -0.0314127 0.0127397 -0.0315502 0.000143054 0.0456002
0.012593 -0.0314127 0.0128093 -0.0313692 0.000126129 0.0760498
0.0124898 -0.0314334 0.0127054 -0.0316394 0.000100661 0.0224206
0.0124898 -0.0314334 0.012593 -0.0314127 0.000121093 0.058734
0.0194191 -0.0305542 0.0234218 -0.031595 4.84697e-05 0.0112471
0.0169698 -0.0355163 0.0194191 -0.0305542 7.79198e-05 0.0232862
0.0167894 -0.0298705 0.0183068 -0.030265 5.03545e-05 0.0124684
0.0163886 -0.0306503 0.0167894 -0.0298705 3.7351e-05 0.00344631
0.0128093 -0.0313692 0.0136947 -0.0290658 7.33611e-05 0.0117526
0.0128093 -0.0313692 0.0163886 -0.0306503 0.000125132 0.0782289
0.0169698 -0.0355163 0.0273164 -0.0452172 0.000141089 0.0395684
0.0169039 -0.0356497 0.0169698 -0.0355163 7.80528e-05 0.0153084
0.01489 -0.0335663 0.0169698 -0.0355163 0.000142599 0.0434945
0.014835 -0.0336735 0.01489 -0.0335663 3.48008e-05 0.00340645
0.0169039 -0.0356497 0.0274652 -0.0457378 9.55335e-05 0.0182418
0.0138245 -0.0418884 0.0169039 -0.0356497 7.37733e-05 0.0118578
0.014835 -0.0336735 0.0169039 -0.0356497 9.91065e-05 0.0208137
0.0123643 -0.038481 0.014835 -0.0336735 3.37999e-05 0.0024463
-0.0125074 0.0255371 -0.0113401 0.0272257 0.000152039 0.108984
-0.0125074 0.0255371 -0.0107736 0.0270877 0.000558995 1.71334
-0.0125871 0.0254219 -0.0125074 0.0255371 0.000360417 0.59764
-0.0126117 0.0254439 -0.0125871 0.0254219 0.000991618 3.48536
-0.0251044 -0.00260018 -0.0220197 0.00104 0.000285086 0.26538
-0.0220197 0.00104 -0.0194296 -0.00138849 0.000170376 0.0396175
0.0288249 -0.011499 0.0288998 -0.0113472 8.02539e-05 0.0382407
0.0288998 -0.0113472 0.0306862 -0.0120701 9.64734e-05 0.0750392
-0.00580815 0.0457587 -0.0103577 0.0497353 0.000161947 1.84945e-05
-0.00580815 0.0457587 -0.00346 0.0493795 7.10998e-05 0.000824204
0.000762129 0.0447311 0.00135499 0.0455887 5.02136e-05 0.00243532
-0.00309095 0.0493605 0.000762129 0.0447311 2.63309e-05 0.000582745
0.000762129 0.0447311 0.00203864 0.0431975 2.7091e-05 0.000988194
0.00135499 0.0455887 0.00203864 0.0431975 2.25375e-05 0.000343069
0.0198986 0.0232893 0.0313775 0.0169369 0.000113392 0.120119
0.0313775 0.0169369 0.0350957 0.0266099 7.44436e-05 0.0279693
-0.0125871 0.0254219 -0.00774825 0.0211078 0.000962405 3.36885
-0.0132999 0.0243908 -0.00774825 0.0211078 0.00032791 0.493457
-0.00517119 0.00243874 -0.00627716 0.00501956 0.000116303 0.00115333
-0.00517119 0.00243874 0.00221908 -0.000551554 0.000100634 0.0526559
-0.0191786 0.00439278 -0.017431 0.00645512 0.000275383 0.43687
-0.017431 0.00645512 -0.00570439 0.000522754 3.47186e-05 0.00558212
-0.017901 0.0271116 -0.0150123 0.0254034 0.000837671 2.96589
-0.0163121 0.0284364 -0.0150123 0.0254034 0.000455639 0.0886387
-0.0217839 0.0294078 -0.021812 0.0297757 0.000257668 0.132519
-0.0228218 0.0300215 -0.0217839 0.0294078 0.000862431 2.9857
-0.017901 0.0271116 -0.0169423 0.0285899 0.000227683 0.266079
-0.0217839 0.0294078 -0.017901 0.0271116 0.000847349 3.00048
0.0131918 0.0485206 0.0145618 0.0497459 0.000161201 0.00734781
0.0117214 0.0485964 0.0131918 0.0485206 3.09266e-05 0.000240109
-0.0079627 0.0321109 -0.00642169 0.0309798 9.72523e-05 0.0373807
-0.00642169 0.0309798 -0.00167286 0.0352268 0.000235188 0.281293
0.0141243 0.000925088 0.0138625 0.00184068 2.45526e-05 0.000340385
0.0141243 0.000925088 0.0147961 0.00100841 0.000122893 0.115212
0.0194191 -0.0305542 0.0197 -0.0299852 7.86694e-05 0.0236201
0.0197 -0.0299852 0.021715 -0.0295804 0.000123725 0.08384
0.021715 -0.0295804 0.0233188 -0.0312346 0.000256925 0.176444
0.021715 -0.0295804 0.0227844 -0.0293656 0.000135195 0.305457
-0.0078143 0.0297343 -0.00642169 0.0309798 0.000231768 0.275324
-0.0078143 0.0297343 -0.00193877 0.027689 0.000367333 0.667037
-0.0279297 0.0116474 -0.0269532 0.0112523 0.000108955 0.0587336
-0.0279297 0.0116474 -0.0278717 0.011737 7.68546e-05 0.0270536
-0.0346169 0.0135625 -0.0284738 0.0117107 0.000323614 0.501667
-0.0286934 0.0119564 -0.0284738 0.0117107 0.000303048 0.299474
-0.0218692 -0.0369794 -0.0168058 -0.0357093 0.000116323 0.0461996
-0.0218692 -0.0369794 -0.0208395 -0.0381279 5.92527e-05 0.0114209
0.00786874 -0.0269832 0.00866106 -0.0277261 0.000150646 0.0836262
0.00786874 -0.0269832 0.0101681 -0.0271899 0.000109721 0.0515929
0.00714719 -0.0263067 0.00786874 -0.0269832 0.000154743 0.0666865
0.00714719 -0.0263067 0.00438304 -0.0198564 0.000119067 0.0118382
0.00651414 -0.00565849 0.00689861 -0.00309706 9.09095e-05 0.0552676
0.00651414 -0.00565849 0.0176116 -0.0112726 3.2569e-05 0.0047692
0.00221908 -0.000551554 0.00737671 8.81628e-05 0.000107379 0.0875661
0.00221908 -0.000551554 0.00699088 -0.00248235 9.1625e-05 0.0411592
-0.0209133 0.0180196 -0.0210423 0.0197074 8.91375e-05 0.00758839
-0.0209133 0.0180196 -0.0195985 0.0191954 0.000200435 0.234549
0.0290139 0.0107879 0.0303184 0.0141817 9.99862e-05 0.03781
0.0221123 0.0190799 0.0290139 0.0107879 4.20164e-05 0.00213512
0.0183068 -0.030265 0.0194191 -0.0305542 5.17508e-05 0.0113789
0.0183068 -0.030265 0.0197 -0.0299852 0.000124279 0.0793987
0.01489 -0.0335663 0.0163886 -0.0306503 3.52924e-05 0.00477262
0.0163886 -0.0306503 0.0183068 -0.030265 0.000124873 0.0787088
0.00135499 0.0455887 0.00371968 0.0490092 4.92075e-05 0.00237624
0.000327051 0.0491842 0.00135499 0.0455887 2.13905e-05 0.000111011
