0.0443843 -0.00631477 0.05 -0.010437 5.4489e-05 0.0860295 5.22282e-06
0.0440694 -0.0250904 0.05 -0.0303778 0.000166322 0.43867 2.09144e-05
-0.05 0.000316541 -0.04286 -0.00160796 2.22582e-05 0.00226119 0
-0.05 -0.0312056 -0.04959 -0.0314953 0.000366845 0.392269 0.000104322
0.0474957 0.00801726 0.05 0.0066314 0.000205493 0.626986 0.000108929
0.0458809 0.000579001 0.05 -0.00302134 0.000247398 0.94681 8.55105e-05
-0.05 0.0299759 -0.0423835 0.0272751 0.000129534 0.0773481 4.90883e-06
-0.05 -0.0125039 -0.0445168 -0.0139297 4.557e-05 0.00881716 0
0.0450408 -0.0429945 0.05 -0.0416201 0.000100237 0.268343 6.46613e-06
0.0477065 0.0302897 0.05 0.0347524 3.30357e-05 0.00789943 5.9363e-09
-0.05 -0.043985 -0.0489825 -0.0437807 0.000111544 0.0426688 2.22085e-06
-0.05 0.0229315 -0.0399407 0.0178426 3.11145e-05 0.00414614 0
-0.05 0.0272741 -0.046455 0.0239504 0.000136554 0.0653398 4.43954e-06
-0.05 -0.00702845 -0.0488496 -0.00688577 9.4142e-05 0.0412916 1.54851e-06
0.0497351 -0.0141077 0.05 -0.014426 3.18091e-05 0.0201174 5.52297e-06
0.0490599 0.0294953 0.05 0.0313998 7.46032e-05 0.0374092 2.50341e-06
-0.05 0.025353 -0.046455 0.0239504 0.000117012 0.0611531 3.25176e-06
-0.05 0.0444191 -0.0461801 0.0430894 0.00231513 61.5048 0.00212242
-0.05 0.0366396 -0.0456549 0.0355815 0.000119209 0.0939275 5.30831e-06
-0.05 0.0132453 -0.0320246 0.00808241 6.46759e-05 0.0191248 0
-0.05 0.00378124 -0.039767 0.00115824 2.26532e-05 0.00235459 0
0.0487448 0.0137711 0.05 0.0195529 8.29347e-05 0.0220985 1.10252e-05
-0.05 -0.0286948 -0.0496576 -0.0281995 4.88291e-05 0.00517453 0
-0.05 -0.027879 -0.0496576 -0.0281995 0.00010176 0.0288483 1.32932e-06
-0.05 -0.00799343 -0.0488104 -0.00692954 0.000172285 0.103865 1.10845e-05
-0.05 -0.00560268 -0.0488496 -0.00688577 4.70573e-05 0.00693977 0
0.0487448 0.0137711 0.05 0.0125904 0.000163644 0.295403 9.14538e-05
-0.05 -0.0440359 -0.0489825 -0.0437807 9.59352e-05 0.0312257 9.3695e-07
-0.05 -0.0299924 -0.048906 -0.0306882 0.000110426 0.0384659 2.01525e-06
-0.05 0.0415005 -0.0461801 0.0430894 3.30736e-05 0.0122718 0
0.0453562 -0.0476437 0.05 -0.044689 8.53758e-05 0.180895 5.02511e-06
-0.05 -0.00877678 -0.043752 -0.0127503 2.93384e-05 0.00320848 0
-0.05 0.0282563 -0.0448113 0.0233 9.34728e-05 0.0304431 7.1269e-07
-0.05 0.0205776 -0.0374354 0.0154937 8.40817e-05 0.0314804 5.42261e-07
0.0490599 0.0294953 0.05 0.0289434 3.66287e-05 0.0175705 9.52416e-07
0.0429283 0.0469867 0.05 0.046622 3.09266e-05 0.022932 0
-0.05 0.0312895 -0.0478601 0.0334032 7.043e-05 0.0173862 2.68893e-10
-0.05 -0.0223847 -0.0496305 -0.0218149 6.2024e-05 0.00845886 0
-0.05 -0.0217817 -0.0496305 -0.0218149 9.89772e-05 0.0394301 1.92446e-06
-0.0228246 0.0430204 -0.0224412 0.042739 8.53044e-05 0.0227857 3.60382e-05
-0.0224412 0.042739 -0.0228816 0.0437668 0.000168675 0.0120688 6.40921e-05
0.0101839 0.0187903 0.0232593 0.00919225 0.000114179 0.0660929 6.49132e-05
0.019591 0.0196938 0.0232593 0.00919225 0.000534404 0.483534 0.000276372
0.0348415 0.000690202 0.0369482 -0.000856241 5.49105e-05 0.036455 5.64432e-06
0.0369482 -0.000856241 0.0394415 -0.00174035 0.000146323 0.31374 2.16971e-05
0.0369482 -0.000856241 0.0414656 -0.00417222 5.62444e-05 0.0106781 6.97816e-06
0.0414656 -0.00417222 0.0394415 -0.00174035 2.84577e-05 0.00508033 2.17156e-06
0.0414656 -0.00417222 0.0443843 -0.00631477 5.37173e-05 0.0117617 4.45107e-06
0.0441494 -0.00739678 0.0443843 -0.00631477 7.80949e-05 0.258082 6.18545e-06
-0.0166485 0.0290429 -0.0165246 0.0289324 0.00364078 37.8866 0.00349537
-0.0166024 0.029114 -0.0165246 0.0289324 0.000748456 0.194232 0.000643873
0.0429468 -0.0240894 0.0439864 -0.0250164 0.00016649 0.399409 2.10828e-05
0.0439864 -0.0250164 0.0441792 -0.0250683 2.56185e-05 0.0129751 3.36025e-06
0.0439864 -0.0250164 0.0440694 -0.0250904 0.00016639 0.39967 2.09826e-05
0.0440694 -0.0250904 0.0441792 -0.0250683 0.000123171 0.317321 1.38484e-05
0.0017112 -0.0136216 -0.000285636 -0.00896189 0.000113691 0.0214948 9.10835e-06
0.0017112 -0.0136216 0.0051786 -0.0145562 2.36098e-05 0.00178212 1.35155e-06
0.00765677 -0.0274958 0.00787526 -0.0280057 0.000117504 0.0531023 1.29207e-05
0.00787526 -0.0280057 0.00861096 -0.0277439 0.00031343 0.345489 4.28519e-05
0.0111578 -0.0356656 0.0123643 -0.038481 0.000108927 0.00838998 4.34421e-06
0.00850765 -0.0459855 0.0123643 -0.038481 3.30298e-05 0.00026449 0
0.0123643 -0.038481 0.0138245 -0.0418884 0.000107959 0.00778203 3.37547e-06
0.011015 -0.0475801 0.0138245 -0.0418884 7.20998e-05 0.000465821 0
-0.0189195 -0.00806083 -0.00964767 -0.0105599 2.23796e-05 0.00139813 1.21376e-07
-0.0189195 -0.00806083 -0.0192217 -0.00410808 7.41032e-05 0.00692128 1.58322e-06
-0.0313376 -0.00471369 -0.0277213 -0.00568841 2.25667e-05 0.00140483 3.08512e-07
-0.0313376 -0.00471369 -0.0263736 -0.00409799 9.53772e-05 0.0308435 2.7838e-06
-0.0330937 -0.00424034 -0.0325101 -0.00439765 2.33896e-05 0.0021103 1.13135e-06
-0.0330937 -0.00424034 -0.032781 -0.00378792 5.10832e-05 0.0110366 2.25411e-06
-0.04286 -0.00160796 -0.0374684 -0.00306119 2.30653e-05 0.00242704 8.07074e-07
-0.04286 -0.00160796 -0.039767 0.00115824 0.000169485 0.101899 8.28416e-06
0.0241711 0.00658176 0.0253302 0.00326358 0.000325011 0.137113 6.69779e-05
0.0253302 0.00326358 0.0260267 0.00301657 0.000165385 0.235532 4.07595e-05
0.0284573 -0.00568901 0.0287646 -0.00656861 0.000315978 0.240505 5.79456e-05
0.0275068 -0.0090161 0.0287646 -0.00656861 3.97444e-05 0.00557778 6.71464e-06
0.0344522 -0.0228515 0.0358135 -0.0267486 0.00028372 0.0642684 2.56873e-05
0.0358135 -0.0267486 0.0401368 -0.0258803 0.000122921 0.379639 1.35976e-05
-0.0336307 -0.0427735 -0.0312417 -0.0419235 0.000310418 0.277107 3.98395e-05
-0.0359186 -0.0411567 -0.0355098 -0.0414455 0.000301435 0.27077 3.89112e-05
-0.0359186 -0.0411567 -0.035836 -0.0411401 0.000126508 0.04656 1.71849e-05
-0.04959 -0.0314953 -0.0366005 -0.0406747 0.000307469 0.270695 4.49452e-05
-0.05 -0.0319792 -0.04959 -0.0314953 0.000246412 0.140108 2.73597e-05
-0.0339645 -0.0428923 -0.0336307 -0.0427735 0.00030885 0.0158391 3.82719e-05
0.0179605 0.0243618 0.0198986 0.0232893 0.00015992 0.196685 6.33558e-05
0.017648 0.0252564 0.0198986 0.0232893 0.000228447 0.330799 6.65593e-05
0.0354949 0.0146584 0.0387482 0.0128581 0.00140911 21.1792 0.00131255
0.0366047 0.00868707 0.0387482 0.0128581 5.339e-05 0.066729 2.03602e-05
0.0387482 0.0128581 0.0403972 0.0119455 0.00132939 20.2628 0.00123283
0.0381305 0.00735337 0.0403972 0.0119455 0.00012382 0.285008 5.172e-05
0.0403972 0.0119455 0.0474957 0.00801726 0.000215399 0.621503 0.000118835
0.0468369 0.00498253 0.0474957 0.00801726 0.000128929 0.112071 5.70197e-05
-0.0179426 -0.0208395 -0.0189195 -0.00806083 7.5886e-05 0.00668606 3.36605e-06
-0.0179426 -0.0208395 0.00340241 -0.0263896 4.98657e-05 0.00723664 4.29571e-06
-0.0162276 -0.043272 -0.0166847 -0.0372934 7.47549e-05 0.00276363 2.23497e-06
0.0257193 0.0182016 0.0259861 0.0179684 0.000238364 0.277338 7.6477e-05
0.0259861 0.0179684 0.031091 0.0161914 0.002265 62.7206 0.00207228
0.0303184 0.0141817 0.0259861 0.0179684 0.000174614 0.0379311 1.27262e-05
0.0303184 0.0141817 0.031091 0.0161914 0.000122008 0.506371 5.73687e-05
0.0333401 0.0115405 0.0303184 0.0141817 0.000266538 0.230462 0.000104651
0.0381305 0.00735337 0.0415878 0.00433147 0.000262546 1.1216 0.000100658
0.0415878 0.00433147 0.0468369 0.00498253 0.000160333 0.525986 6.77398e-05
0.0415878 0.00433147 0.0458809 0.000579001 0.000249451 0.949765 8.75635e-05
0.0449531 -0.0036948 0.0458809 0.000579001 8.07603e-05 0.0374808 8.85078e-06
0.0121161 0.00794934 0.0180793 0.00583476 0.000168754 0.211321 4.41289e-05
0.0121161 0.00794934 0.0116303 0.00964834 2.38311e-05 0.000494087 2.44057e-06
-0.00963023 0.0156607 0.0036393 0.0109552 0.000174613 0.181804 4.99871e-05
-0.0104318 0.0147147 -0.00963023 0.0156607 0.000307411 0.51163 8.83587e-05
-0.0423835 0.0272751 -0.0223923 0.0201861 0.000169607 0.157163 4.4982e-05
-0.0478601 0.0334032 -0.0423835 0.0272751 0.000333641 0.361767 8.60133e-05
-0.0405122 -0.0149709 -0.0400859 -0.0150818 4.58829e-05 0.00797541 3.12862e-07
-0.0405122 -0.0149709 -0.0404352 -0.0148596 4.90397e-05 0.00708514 2.10525e-07
-0.0419318 -0.0146018 -0.0405122 -0.0149709 4.57849e-05 0.00847509 2.14892e-07
-0.0419318 -0.0146018 -0.0409862 -0.0156566 4.7475e-05 0.00581954 4.17717e-07
-0.0445168 -0.0139297 -0.0419318 -0.0146018 4.60085e-05 0.00848075 4.38451e-07
-0.0445168 -0.0139297 -0.043752 -0.0127503 6.22903e-05 0.00978673 2.66285e-07
0.0291917 -0.0473869 0.0295304 -0.047293 9.5794e-05 0.0183372 2.02358e-06
0.0358697 -0.0455362 0.0369058 -0.045249 9.7793e-05 0.0589111 4.02263e-06
0.0369058 -0.045249 0.0450408 -0.0429945 0.000100273 0.427967 6.50263e-06
0.0450408 -0.0429945 0.0453562 -0.0476437 0.000439967 0.0351029 2.69082e-05
0.0390393 0.0134246 0.0397398 0.0147875 0.000331215 0.853989 0.000298185
0.0397398 0.0147875 0.041579 0.0143397 0.000284923 1.11024 0.000171022
0.0397398 0.0147875 0.0423221 0.0198124 3.8063e-05 0.00950614 5.03318e-06
0.0350957 0.0266099 0.0423221 0.0198124 7.71886e-05 0.0599969 4.99879e-06
0.0423221 0.0198124 0.0477065 0.0302897 3.40856e-05 0.00752309 1.0558e-06
0.0385714 0.0356521 0.0477065 0.0302897 3.58678e-05 0.0185333 1.91508e-07
-0.0489825 -0.0437807 -0.0359186 -0.0411567 0.000110674 0.0421917 1.35076e-06
-0.0489825 -0.0437807 -0.0366005 -0.0406747 9.67838e-05 0.0318811 1.78551e-06
-0.0399407 0.0178426 -0.0381487 0.0169361 3.19786e-05 0.00440556 8.64132e-07
-0.0399407 0.0178426 -0.0374354 0.0154937 0.000135523 0.0645747 3.40828e-06
-0.046455 0.0239504 -0.0399407 0.0178426 0.000135792 0.0645343 3.67715e-06
-0.046455 0.0239504 -0.0448113 0.0233 0.000117485 0.0622619 3.72492e-06
-0.0487472 -0.00687306 -0.0391701 -0.00568519 9.87421e-05 0.045408 6.14861e-06
-0.0487472 -0.00687306 -0.04286 -0.00160796 0.000169806 0.10174 8.60483e-06
-0.0488496 -0.00688577 -0.0487472 -0.00687306 9.39636e-05 0.0412049 1.3702e-06
-0.0488496 -0.00688577 -0.0488104 -0.00692954 4.7817e-05 0.00715387 7.59655e-07
0.0441494 -0.00739678 0.0414656 -0.00417222 2.84302e-05 0.00618349 2.14403e-06
0.0437291 -0.00933319 0.0441494 -0.00739678 7.82223e-05 0.267739 6.31285e-06
0.0441494 -0.00739678 0.0497351 -0.0141077 2.81211e-05 0.0217795 1.83501e-06
0.0497351 -0.0141077 0.05 -0.0142125 0.000138342 0.553097 2.45817e-05
0.041579 0.0143397 0.0436595 0.0185545 0.000100389 0.0644871 2.82896e-05
0.0423221 0.0198124 0.0436595 0.0185545 7.72073e-05 0.0613476 5.0175e-06
0.0436595 0.0185545 0.0490599 0.0294953 7.52539e-05 0.0368648 3.15407e-06
0.0477065 0.0302897 0.0490599 0.0294953 3.60895e-05 0.0182938 4.13156e-07
0.0243782 0.0185281 0.0259861 0.0179684 0.00255423 55.5898 0.00236152
0.0243782 0.0185281 0.0257193 0.0182016 0.000166355 0.256168 5.24546e-05
-7.21369e-06 0.0270167 0.00740212 0.0244375 0.00295778 47.1506 0.00276507
-0.000396682 0.0265571 -7.21369e-06 0.0270167 0.00312681 44.4968 0.00290776
-0.0461801 0.0430894 -0.0431173 0.0420233 0.00230556 61.4678 0.00211285
-0.0461801 0.0430894 -0.0367862 0.0469967 0.000398517 1.69185 0.000365444
0.0160235 -0.00571791 0.0147674 -0.00132426 2.16178e-05 0.000573912 2.27285e-07
0.0160235 -0.00571791 0.0220085 -0.00743691 7.00936e-05 0.0334863 5.41769e-06
0.018314 -0.0137295 0.0176116 -0.0112726 2.15428e-05 0.00195001 1.52275e-07
0.018314 -0.0137295 0.0194753 -0.0140272 2.31551e-05 0.00366317 5.0196e-07
0.0188582 -0.0156327 0.018314 -0.0137295 2.2345e-05 0.00220993 9.54468e-07
0.0188582 -0.0156327 0.0194753 -0.0140272 6.80489e-05 0.0456365 3.40992e-06
0.0233188 -0.0312346 0.0227844 -0.0293656 2.27802e-05 0.00321475 1.38964e-06
0.0233188 -0.0312346 0.0237512 -0.0316807 0.000257112 0.177053 1.98222e-05
0.0273164 -0.0452172 0.0274652 -0.0457378 2.1707e-05 0.000545502 3.16448e-07
0.0274652 -0.0457378 0.0291917 -0.0473869 9.48911e-05 0.0182644 2.13104e-06
0.0274652 -0.0457378 0.0280288 -0.0477092 2.15496e-05 0.00108909 1.59017e-07
0.0106464 0.0218719 0.0173765 0.0202331 0.0002229 0.253568 0.000108999
0.0106464 0.0218719 0.0108513 0.0232368 0.000893413 2.91369 0.000810343
-0.0228218 0.0300215 -0.021812 0.0297757 0.0028813 44.0483 0.0027674
-0.0406253 0.0405496 -0.0228218 0.0300215 0.00324356 40.0006 0.00300616
-0.0456549 0.0355815 -0.0228218 0.0300215 0.000129023 0.101667 1.51227e-05
-0.0456549 0.0355815 -0.0406253 0.0405496 7.36123e-05 0.0497305 3.18248e-06
-0.0228853 0.00545744 -0.0198871 0.00459629 7.92561e-05 0.0329362 1.45802e-05
-0.024861 0.00766809 -0.0228853 0.00545744 0.000306626 0.233693 5.89988e-05
-0.0275275 0.00679075 -0.0258088 0.00629711 7.7887e-05 0.0256519 1.32111e-05
-0.0275275 0.00679075 -0.0262868 0.00560566 0.000101462 0.0288119 8.70206e-06
-0.0320246 0.00808241 -0.0305216 0.00765072 6.75849e-05 0.0189929 2.90896e-06
-0.0320246 0.00808241 -0.0307483 0.00922386 0.000168372 0.102251 7.17174e-06
-0.0128852 -0.00573227 -0.000285636 -0.00896189 2.39636e-05 0.00317115 1.31038e-06
-0.015546 -0.00275501 -0.0128852 -0.00573227 0.000289662 0.0841274 4.20344e-05
-0.0343629 -0.000226973 -0.0309279 -0.00110746 2.26532e-05 0.00108952 0
-0.039767 0.00115824 -0.0354497 5.1619e-05 2.34453e-05 0.00259353 7.92129e-07
-0.039767 0.00115824 -0.0320246 0.00808241 0.00016917 0.102045 7.96931e-06
0.0485023 0.0126538 0.0487448 0.0137711 0.000237972 0.175388 0.000166063
0.0436595 0.0185545 0.0487448 0.0137711 9.23865e-05 0.091313 2.01967e-05
-0.0496576 -0.0281995 -0.0455004 -0.0221862 4.93057e-05 0.00558599 4.76551e-07
-0.0496576 -0.0281995 -0.0480626 -0.0296929 0.000101577 0.0286762 1.1466e-06
0.00781914 0.0362525 0.0120593 0.0412562 0.000356507 0.363891 0.000137455
0.0103954 0.0460197 0.0120593 0.0412562 0.000288448 0.0537367 3.04148e-05
-0.00627716 0.00501956 0.00749381 0.000868339 0.000288477 0.488913 5.5744e-05
0.00749381 0.000868339 0.00773991 0.00250792 0.000102519 0.0307477 1.94493e-05
0.0147674 -0.00132426 0.0187637 -0.00252893 0.000284136 0.494986 5.14027e-05
0.017402 -0.00131493 0.0187637 -0.00252893 0.00018024 0.125446 3.48331e-05
0.0259314 -0.00468961 0.0283644 -0.00542305 0.00028564 0.494846 5.29062e-05
0.0283644 -0.00542305 0.0260859 0.00110009 0.00031061 0.00462326 5.25777e-05
0.0283644 -0.00542305 0.0292206 -0.00568115 0.000285584 0.226611 5.28505e-05
0.0292206 -0.00568115 0.0290883 -0.00593867 4.11907e-05 0.0113119 8.16093e-06
0.0292206 -0.00568115 0.0313759 -0.00633085 0.000285423 0.224612 5.26897e-05
0.0313759 -0.00633085 0.0311641 -0.00675996 8.81782e-05 0.139259 1.60784e-05
0.0313759 -0.00633085 0.0435821 -0.0100104 0.000284387 0.177409 5.16539e-05
0.0435821 -0.0100104 0.0432496 -0.0115417 8.7185e-05 0.607312 1.52755e-05
0.0158301 -0.0235104 0.0179489 -0.0179983 6.85807e-05 0.0440346 3.94175e-06
0.0158301 -0.0235104 0.0170303 -0.0247483 0.00024905 0.00937776 1.17608e-05
0.00744961 -0.0453126 0.0111578 -0.0356656 6.46943e-05 0.000802242 5.53412e-08
0.00744961 -0.0453126 0.00850765 -0.0459855 2.93384e-05 0.00144253 0
-0.0488104 -0.00692954 -0.0487472 -0.00687306 0.000172046 0.103972 1.08451e-05
-0.0488104 -0.00692954 -0.0436847 -0.0126466 4.9302e-05 0.00706957 2.24466e-06
-0.00300402 -0.016789 0.00371497 -0.0243073 0.000282072 0.0790988 3.44448e-05
0.00371497 -0.0243073 0.00387531 -0.023239 0.000100574 0.087712 1.75041e-05
0.00371497 -0.0243073 0.00595249 -0.026811 0.000269768 0.0513622 2.21409e-05
0.00595249 -0.026811 0.00741981 -0.0269428 0.000105484 0.143316 8.43129e-06
-0.00187863 -0.00524458 0.00239031 -0.00964781 0.000265821 0.0229671 2.85309e-05
-0.00187863 -0.00524458 -0.00358144 -0.00127101 0.000133227 0.0262544 2.86437e-05
-0.00550027 -0.00150901 -0.00187863 -0.00524458 0.000303301 0.0234992 6.60117e-05
-0.00550027 -0.00150901 -0.00358144 -0.00127101 9.29303e-05 0.0344972 3.36803e-07
0.0450408 -0.0429945 0.0446417 -0.0371126 0.000427309 0.00133785 1.425e-05
0.0446417 -0.0371126 0.05 -0.0385058 4.79274e-05 0.0570058 2.35744e-06
0.0446417 -0.0371126 0.0441759 -0.0302466 0.000446455 0.00347562 3.33967e-05
0.0441759 -0.0302466 0.05 -0.0307701 0.000119364 0.334484 2.23116e-05
-0.0312417 -0.0419235 -0.0207753 -0.0381995 0.000309568 0.296356 3.89899e-05
-0.0332804 -0.0406268 -0.0312417 -0.0419235 0.000121849 0.0469723 1.34382e-05
-0.0332804 -0.0406268 -0.0208395 -0.0381279 0.000161564 0.0856334 5.22411e-05
-0.048906 -0.0306882 -0.0429602 -0.03447 0.000168211 0.0771593 5.98003e-05
-0.04959 -0.0314953 -0.048906 -0.0306882 0.000337214 0.282302 0.000118162
0.0203295 0.00450413 0.0209244 0.00482588 0.0005583 0.299031 0.000143335
0.0180793 0.00583476 0.0203295 0.00450413 0.000308115 0.602464 7.07121e-05
0.00116224 -0.0413141 0.00744961 -0.0453126 2.95323e-05 0.00319048 1.93853e-07
0.00116224 -0.0413141 0.00233931 -0.0334722 8.31211e-05 4.16041e-06 5.08687e-08
-0.0229115 -0.0260041 -0.0172736 -0.0295896 3.01712e-05 0.00314045 8.32757e-07
-0.0237386 -0.0241422 -0.0229115 -0.0260041 0.000360923 5.9224e-05 4.66926e-06
-0.0261849 -0.0239223 -0.0229115 -0.0260041 3.34092e-05 0.00219628 4.07078e-06
-0.0261849 -0.0239223 -0.0237386 -0.0241422 0.00012745 0.0504755 3.0397e-05
-0.0372237 -0.016902 -0.0261849 -0.0239223 3.18554e-05 0.00177657 2.51697e-06
-0.0385093 -0.0184192 -0.0372237 -0.016902 0.00030274 0.26175 8.36881e-05
-0.0400859 -0.0150818 -0.0372237 -0.016902 2.94782e-05 0.00275454 1.39794e-07
-0.0400859 -0.0150818 -0.0364765 -0.0160203 4.58407e-05 0.00793225 2.70655e-07
-0.0404352 -0.0148596 -0.0400859 -0.0150818 2.95165e-05 0.00267253 1.78083e-07
-0.0404352 -0.0148596 -0.0336164 -0.00499634 4.89485e-05 0.00727319 1.19405e-07
-0.043752 -0.0127503 -0.0433793 -0.0129873 2.94381e-05 0.00295684 9.96277e-08
-0.043752 -0.0127503 -0.0436847 -0.0126466 6.22352e-05 0.00990928 2.11197e-07
-0.0360532 0.0149344 -0.0346169 0.0135625 9.50435e-05 0.0315838 2.28339e-06
-0.0360532 0.0149344 -0.0286934 0.0119564 8.5678e-05 0.0335241 2.13854e-06
-0.0381487 0.0169361 -0.0360532 0.0149344 9.52993e-05 0.0318315 2.5392e-06
-0.0381487 0.0169361 -0.0290135 0.0123146 3.16324e-05 0.00438516 5.17936e-07
-0.0448113 0.0233 -0.0381487 0.0169361 9.56359e-05 0.0316968 2.87583e-06
-0.0448113 0.0233 -0.0355598 0.0196396 0.000116181 0.0613618 2.4211e-06
-0.0374354 0.0154937 -0.0360532 0.0149344 8.56797e-05 0.0331535 2.14022e-06
-0.0374354 0.0154937 -0.0357353 0.0138996 0.000134624 0.0635675 2.50921e-06
0.00544336 0.0312887 0.00770911 0.0300349 0.000148642 0.34356 5.20774e-05
0.0113219 0.0263719 0.0162766 0.0213483 0.00860151 15.3101 0.0081206
0.0162766 0.0213483 0.0193919 0.0202638 0.00265622 53.2336 0.0024635
0.0162766 0.0213483 0.0173765 0.0202331 0.00211128 0.340833 0.00163037
0.0173765 0.0202331 0.019591 0.0196938 0.000410312 1.89152 0.000296412
-0.00346 0.0493795 -0.00309095 0.0493605 3.25049e-05 0.00109287 1.57824e-06
-0.00330532 0.049618 -0.00309095 0.0493605 2.62861e-05 0.000740365 0
0.000327051 0.0491842 0.00371968 0.0490092 3.10318e-05 0.00127936 1.05174e-07
0.0169823 0.0483251 0.0429283 0.0469867 3.09266e-05 0.00916763 0
0.0260859 0.00110009 0.0311627 -0.00190211 0.00027016 0.14518 3.27573e-05
0.0292206 -0.00568115 0.0311627 -0.00190211 3.97022e-05 0.00355347 6.6724e-06
0.0311627 -0.00190211 0.0330199 -0.00300032 0.000269482 0.141827 3.20797e-05
0.0313759 -0.00633085 0.0330199 -0.00300032 8.76883e-05 0.0157044 1.55885e-05
0.0330199 -0.00300032 0.0437291 -0.00933319 0.000258972 0.0905072 2.15697e-05
0.0437291 -0.00933319 0.0435821 -0.0100104 7.83941e-05 0.0318352 6.48457e-06
-0.0478601 0.0334032 -0.0456549 0.0355815 9.68961e-05 0.0575997 2.64663e-05
-0.05 0.0357977 -0.0478601 0.0334032 0.000336472 0.371671 8.88443e-05
-0.0496305 -0.0218149 -0.0445168 -0.0139297 6.29204e-05 0.00950418 8.96364e-07
-0.0496305 -0.0218149 -0.0455004 -0.0221862 9.85093e-05 0.0388727 1.45655e-06
-0.0313319 0.0492653 -0.0228246 0.0430204 0.000151744 0.10633 0.000102478
-0.0228246 0.0430204 -0.0228816 0.0437668 0.000198608 0.103469 0.000126088
-0.0228816 0.0437668 -0.0246774 0.0479573 0.000264709 0.0784815 0.000160126
-0.0228816 0.0437668 -0.0231368 0.0471047 9.09617e-05 0.0199069 1.84418e-05
-0.0124993 0.035441 -0.0079627 0.0321109 8.37063e-05 0.0230162 3.44401e-05
-0.0079627 0.0321109 -0.00466419 0.0368821 6.55552e-05 0.0198499 1.6726e-05
0.00367248 0.0235701 0.00870661 0.0198747 0.000227398 0.230998 0.000178131
0.00794775 0.022529 0.00870661 0.0198747 5.07219e-05 0.00329627 2.93314e-05
0.00870661 0.0198747 0.0101839 0.0187903 0.000208807 0.251052 0.00015954
0.0101839 0.0187903 0.0106464 0.0218719 0.000382862 0.114638 0.000299792
0.0179605 0.0243618 0.0181373 0.0238556 0.000402755 0.290029 0.000144723
0.0175072 0.0246126 0.0181373 0.0238556 6.43945e-05 0.0107595 3.81083e-05
0.0181373 0.0238556 0.0193919 0.0202638 0.000401789 0.292033 0.000143757
0.0193919 0.0202638 0.0218346 0.0194136 0.000286089 0.67137 9.33746e-05
0.0193919 0.0202638 0.019591 0.0196938 0.00466808 30.2749 0.00441005
0.019591 0.0196938 0.0221123 0.0190799 0.00252617 56.1496 0.00241227
0.0315732 0.00308933 0.0331377 0.0019409 6.45861e-05 0.036749 1.53199e-05
0.0325092 0.000717867 0.0331377 0.0019409 3.64143e-05 0.00701295 3.3845e-06
0.0331377 0.0019409 0.0348415 0.000690202 6.19616e-05 0.0353825 1.26955e-05
0.0345057 9.88431e-06 0.0348415 0.000690202 8.06594e-05 0.0396472 8.55966e-06
0.0394415 -0.00174035 0.0449531 -0.0036948 0.000146035 0.317265 2.14098e-05
0.0358009 0.00263369 0.0394415 -0.00174035 3.0103e-05 0.00930512 3.81691e-06
-0.0235794 0.0352221 -0.0221296 0.0339296 0.00165168 7.4706 0.00150628
-0.0221296 0.0339296 -0.0221915 0.034739 0.000166696 0.0431004 9.41758e-05
-0.0221296 0.0339296 -0.0166485 0.0290429 0.00351529 33.6408 0.00336988
-0.0166485 0.0290429 -0.0166024 0.029114 0.000321433 0.495049 0.000259409
-0.0184557 0.0334386 -0.0224412 0.042739 0.000180422 0.00504892 7.58389e-05
-0.0184557 0.0334386 -0.0146557 0.0321158 0.000401287 0.736194 0.000208573
-0.0184557 0.0334386 -0.0166024 0.029114 0.000137064 0.00477183 3.24807e-05
-0.0166024 0.029114 -0.0146557 0.0321158 0.000144169 0.09992 8.21454e-05
0.0253428 -0.00839457 0.0270459 -0.00991294 0.000171916 0.140385 2.65084e-05
0.0267548 -0.0104793 0.0270459 -0.00991294 3.49879e-05 0.0101182 1.95814e-06
0.0288249 -0.011499 0.0312384 -0.0136508 0.000161032 0.162287 1.56246e-05
0.0306862 -0.0120701 0.0312384 -0.0136508 0.000309386 0.210408 5.13536e-05
0.0365775 -0.0184109 0.0399979 -0.0214604 0.000176531 0.38531 3.11237e-05
0.0399979 -0.0214604 0.0411596 -0.021169 0.000114967 0.246129 1.99683e-05
0.0399979 -0.0214604 0.0409182 -0.0222809 0.000167128 0.383792 2.17203e-05
0.0407652 -0.0229858 0.0409182 -0.0222809 7.96315e-05 0.0626131 7.72199e-06
0.0409182 -0.0222809 0.0429468 -0.0240894 0.000167105 0.398024 2.16979e-05
0.0429468 -0.0240894 0.0446821 -0.0249673 3.54843e-05 0.0224945 4.36985e-06
0.0441792 -0.0250683 0.0456829 -0.0254736 2.50506e-05 0.0127175 2.79239e-06
0.0441792 -0.0250683 0.0446821 -0.0249673 0.000123197 0.317368 1.38735e-05
-0.000285636 -0.00896189 -0.00187863 -0.00524458 0.000112725 0.0219613 8.14212e-06
-0.000285636 -0.00896189 0.00239031 -0.00964781 2.38595e-05 0.00185119 1.20634e-06
0.034296 -0.0224044 0.0352305 -0.0226563 2.32193e-05 0.0107062 9.61098e-07
0.0331542 -0.0191354 0.034296 -0.0224044 0.000269236 0.0854199 1.12033e-05
0.0196669 -0.0184613 0.0222895 -0.0191682 2.2574e-05 0.00106164 3.15745e-07
0.0196669 -0.0184613 0.0188582 -0.0156327 2.15099e-05 0.00365927 1.19309e-07
0.0179489 -0.0179983 0.0196669 -0.0184613 2.25561e-05 0.000313833 2.97817e-07
0.0179489 -0.0179983 0.0188582 -0.0156327 6.83963e-05 0.0449759 3.75731e-06
0.0051786 -0.0145562 0.00784604 -0.0152752 2.35278e-05 0.00167086 1.26954e-06
0.0051786 -0.0145562 0.00544276 -0.0127963 8.88789e-05 0.0329714 5.80871e-06
0.00741981 -0.0269428 0.00765677 -0.0274958 0.000113435 0.0475645 8.85228e-06
0.00765677 -0.0274958 0.00861096 -0.0277439 4.8992e-05 0.0118795 3.42202e-06
0.0210549 -0.0233163 0.0234044 -0.0224804 0.000276864 0.0390887 6.28592e-06
0.0210549 -0.0233163 0.0207342 -0.0221945 2.1926e-05 0.00722697 5.35497e-07
0.00862282 -0.0277397 0.00866106 -0.0277261 0.000312562 0.348402 4.19842e-05
0.00862282 -0.0277397 0.00863331 -0.0277497 0.000107448 0.0313392 1.46884e-05
0.00861096 -0.0277439 0.00862282 -0.0277397 0.000313227 0.345842 4.26483e-05
0.00861096 -0.0277439 0.00863331 -0.0277497 5.30581e-05 0.0102097 7.48809e-06
0.00787526 -0.0280057 0.00846053 -0.0293714 0.000120628 0.0204991 1.60451e-05
0.00846053 -0.0293714 0.00994201 -0.0289998 0.00010814 0.0434326 1.31421e-05
0.00959347 -0.0320152 0.0111578 -0.0356656 0.000113146 0.0132164 8.56259e-06
0.0111578 -0.0356656 0.0127054 -0.0316394 7.12276e-05 0.00889242 6.5887e-06
0.00850765 -0.0459855 0.011015 -0.0475801 2.93384e-05 0.00114476 0
-0.0092509 -0.0106669 -0.00822913 -0.0109423 2.55846e-05 0.00278887 3.32633e-06
-0.0092509 -0.0106669 -0.00395127 -0.015729 0.000108085 0.0178626 1.53251e-05
-0.00964767 -0.0105599 -0.0092509 -0.0106669 2.6541e-05 0.00146899 4.28273e-06
-0.00964767 -0.0105599 -0.00300402 -0.016789 0.00015447 0.0354911 2.23556e-05
-0.0192896 -0.00321934 -0.0194296 -0.00138849 9.65458e-05 0.0121207 2.40258e-05
-0.0192896 -0.00321934 -0.0176886 -0.00302077 0.000118353 0.0497957 2.57596e-05
-0.0192217 -0.00410808 -0.0192896 -0.00321934 7.48358e-05 0.00734588 2.31582e-06
-0.0192217 -0.00410808 -0.0155158 -0.00505798 2.29194e-05 0.0014765 2.66203e-07
-0.0277213 -0.00568841 -0.0189195 -0.00806083 2.39117e-05 0.00153899 1.6535e-06
-0.0304868 -0.00895197 -0.0277213 -0.00568841 0.000295164 0.275119 7.61116e-05
-0.0263736 -0.00409799 -0.0215804 -0.00350347 0.000125343 0.0521844 3.27496e-05
-0.0277213 -0.00568841 -0.0263736 -0.00409799 0.00029449 0.275731 7.5438e-05
-0.0325101 -0.00439765 -0.0313376 -0.00471369 2.28321e-05 0.00142913 5.73851e-07
-0.032781 -0.00378792 -0.0325101 -0.00439765 0.000374804 0.00116078 1.85502e-05
-0.0174246 0.0184246 -0.0140892 0.0232492 5.88218e-05 0.017517 9.99269e-06
-0.0174246 0.0184246 -0.0110535 0.0161654 0.000152537 0.126573 2.79113e-05
-0.024861 0.00766809 -0.023557 0.00955423 6.06179e-05 0.0187872 1.17887e-05
-0.0281347 0.0113313 -0.024861 0.00766809 0.000307703 0.234314 6.00754e-05
-0.0258088 0.00629711 -0.024861 0.00766809 5.84461e-05 0.0119136 9.61694e-06
-0.0258088 0.00629711 -0.0228853 0.00545744 7.47186e-05 0.0241956 1.00427e-05
-0.0262868 0.00560566 -0.0258088 0.00629711 5.36243e-05 0.00944 4.79519e-06
-0.0262868 0.00560566 -0.0217903 0.00131067 9.98872e-05 0.0279546 7.12714e-06
-0.0309279 -0.00110746 -0.0265237 0.00526295 4.88317e-05 0.00525392 2.52027e-09
-0.0309279 -0.00110746 -0.0251044 -0.00260018 2.26542e-05 0.00162313 1.06458e-09
-0.032781 -0.00378792 -0.0309279 -0.00110746 4.88342e-05 0.00550122 5.02554e-09
-0.0343629 -0.000226973 -0.032781 -0.00378792 0.000359496 0.000389227 3.2422e-06
-0.0374684 -0.00306119 -0.0330937 -0.00424034 2.31066e-05 0.00259482 8.48352e-07
-0.0374684 -0.00306119 -0.0354497 5.1619e-05 6.4833e-05 0.0116397 2.80899e-06
0.0232593 0.00919225 0.0241711 0.00658176 0.000530698 0.497142 0.000272666
0.0241711 0.00658176 0.0256937 0.00740522 0.000683853 0.586603 0.000268887
0.0260267 0.00301657 0.027312 0.0025608 0.000161215 0.253007 3.65897e-05
0.0260267 0.00301657 0.0272691 0.00624878 7.6619e-05 0.000331016 1.198e-05
0.0283644 -0.00542305 0.0284573 -0.00568901 0.00031654 0.237553 5.85076e-05
0.0284573 -0.00568901 0.0290883 -0.00593867 0.000139449 0.107383 2.56891e-05
0.0270459 -0.00991294 0.0275068 -0.0090161 4.00809e-05 0.00695861 7.05115e-06
0.0275068 -0.0090161 0.0297346 -0.00965597 7.67647e-05 0.0424208 1.20888e-05
0.034296 -0.0224044 0.0344522 -0.0228515 0.000268966 0.0854052 1.09334e-05
0.0344522 -0.0228515 0.0352305 -0.0226563 0.000101799 0.240992 6.80077e-06
0.0401368 -0.0258803 0.0440694 -0.0250904 0.000123791 0.367912 1.44676e-05
0.0392844 -0.029807 0.0401368 -0.0258803 8.93738e-05 0.0453659 1.74643e-05
-0.0355098 -0.0414455 -0.0336307 -0.0427735 0.000301501 0.269077 3.89771e-05
-0.0355098 -0.0414455 -0.0339645 -0.0428923 0.00011532 0.0424205 1.48895e-05
-0.035836 -0.0411401 -0.0332804 -0.0406268 0.00012539 0.046479 1.60674e-05
-0.035836 -0.0411401 -0.0355098 -0.0414455 0.0001164 0.0377964 1.597e-05
-0.0366005 -0.0406747 -0.0359186 -0.0411567 0.00030448 0.272071 4.19568e-05
-0.0366005 -0.0406747 -0.0363896 -0.0406218 0.000111373 0.0312068 1.63751e-05
0.0115525 0.027908 0.00770911 0.0300349 0.000141044 0.00624328 4.44793e-05
0.0119076 0.030274 0.0115525 0.027908 0.000146535 0.121906 6.34651e-05
0.0175072 0.0246126 0.0179605 0.0243618 0.000160537 0.0794462 6.39724e-05
0.017648 0.0252564 0.0179605 0.0243618 0.000406513 0.333349 0.000148481
-0.00126987 0.0417919 0.00223883 0.0387251 0.000271984 0.0608953 0.000110097
0.00223883 0.0387251 0.00309769 0.0394932 0.00017776 0.104702 1.65596e-05
0.00367658 0.0374684 0.00664838 0.0348709 0.00034987 0.335802 0.000187982
0.00498158 0.0329039 0.00664838 0.0348709 0.000301069 0.32069 8.20172e-05
0.0119076 0.030274 0.015165 0.0274268 0.00025106 0.26503 8.91727e-05
0.0120432 0.0311774 0.015165 0.0274268 2.63026e-05 0.00261326 1.64237e-08
0.015165 0.0274268 0.017648 0.0252564 0.000249767 0.26594 8.78791e-05
0.0131062 0.0382591 0.017648 0.0252564 0.000388529 0.372322 0.000130497
0.0317427 0.0167348 0.0354949 0.0146584 0.00081173 7.10776 0.000715166
0.0354949 0.0146584 0.0390393 0.0134246 0.00202393 55.4996 0.00183122
0.0366047 0.00868707 0.0343745 0.00434743 3.89127e-05 0.000967406 5.88292e-06
0.0333401 0.0115405 0.0366047 0.00868707 0.000264571 1.25854 0.000102684
0.0363161 0.00367761 0.0381305 0.00735337 8.60513e-05 0.00450028 1.39515e-05
0.0366047 0.00868707 0.0381305 0.00735337 0.000264215 1.24661 0.000102327
0.0458809 0.000579001 0.0468369 0.00498253 0.000106663 0.0535135 3.47539e-05
0.0468369 0.00498253 0.05 0.00537486 0.000156025 0.484486 6.34315e-05
0.00340241 -0.0263896 0.0045319 -0.0266833 5.04873e-05 0.00407601 4.9173e-06
0.00340241 -0.0263896 0.00371497 -0.0243073 8.96072e-05 0.00408309 6.53701e-06
-0.0168058 -0.0357093 -0.0167256 -0.0367587 8.96566e-05 0.00936353 1.71367e-05
-0.0167256 -0.0367587 -0.00984838 -0.0343117 0.000316038 0.319299 4.54602e-05
-0.0166847 -0.0372934 -0.0167256 -0.0367587 8.09698e-05 0.00238452 8.44991e-06
-0.0166847 -0.0372934 -0.00792624 -0.0355342 0.000123043 0.0503541 1.37204e-05
0.0198986 0.0232893 0.0257193 0.0182016 0.000242174 0.355835 8.02861e-05
0.0257193 0.0182016 0.0313377 0.0168335 0.000167633 0.373917 5.37329e-05
0.031091 0.0161914 0.0354949 0.0146584 0.00217503 62.7124 0.00198232
0.031091 0.0161914 0.0313377 0.0168335 0.000755407 7.57492 0.000690769
0.0443843 -0.00631477 0.0449531 -0.0036948 7.76779e-05 0.207254 5.76842e-06
0.0449531 -0.0036948 0.05 -0.00548444 0.000142573 0.416657 1.79474e-05
0.0209244 0.00482588 0.0253302 0.00326358 0.000161747 0.0475865 3.71216e-05
0.0209244 0.00482588 0.0241711 0.00658176 0.000554376 0.328082 0.00013941
0.0180793 0.00583476 0.0209244 0.00482588 0.000158243 0.142999 3.36173e-05
0.0116303 0.00964834 0.0180793 0.00583476 0.000305366 0.565208 6.79632e-05
0.00870661 0.0198747 0.00978205 0.0161131 4.63299e-05 0.00591904 2.49393e-05
0.0101839 0.0187903 0.00978205 0.0161131 0.000224176 0.00439002 0.000141106
0.00978205 0.0161131 0.0116303 0.00964834 2.71677e-05 0.00222651 5.77712e-06
0.00904148 0.0111793 0.0116303 0.00964834 0.00030609 0.563636 6.86868e-05
0.00873655 0.00914773 0.0121161 0.00794934 0.000169661 0.210115 4.50353e-05
0.00873655 0.00914773 0.00904148 0.0111793 0.000109499 0.0561344 2.64289e-05
0.0036393 0.0109552 0.00873655 0.00914773 0.000169696 0.199579 4.50701e-05
-0.0061909 0.0197194 0.0036393 0.0109552 0.000194873 0.158471 4.94654e-05
-0.0198142 0.00364269 -0.0191786 0.00439278 0.000278105 0.438305 5.90527e-05
-0.0191786 0.00439278 -0.00570439 0.000522754 7.95528e-05 0.0343668 1.48769e-05
-0.0168351 0.00715826 -0.0161305 0.00798981 0.000277534 0.440969 5.84815e-05
-0.0202413 0.009229 -0.0161305 0.00798981 0.000323855 0.559799 9.11217e-05
-0.0136158 0.0109574 -0.0104318 0.0147147 0.000306809 0.513764 8.77572e-05
-0.0110535 0.0161654 -0.0104318 0.0147147 0.000127704 0.0164446 2.31209e-05
-0.0195985 0.0191954 -0.0174246 0.0184246 0.00015318 0.126101 2.85542e-05
-0.0195985 0.0191954 -0.0143597 0.0238806 0.000207495 0.25466 4.62938e-05
-0.0210423 0.0197074 -0.0195985 0.0191954 0.000165175 0.152718 4.05492e-05
-0.0210423 0.0197074 -0.0212174 0.0219977 9.46145e-05 0.0124677 2.20945e-05
-0.0223923 0.0201861 -0.0210423 0.0197074 0.000165552 0.15555 4.09264e-05
-0.0223923 0.0201861 -0.0212174 0.0219977 8.32374e-05 0.0363496 2.12134e-05
-0.0409862 -0.0156566 -0.0385093 -0.0184192 4.73366e-05 0.00544381 2.79307e-07
-0.0409862 -0.0156566 -0.0405122 -0.0149709 4.92314e-05 0.00660872 4.0227e-07
0.0280288 -0.0477092 0.0291917 -0.0473869 9.38743e-05 0.00025001 1.03948e-07
0.0295304 -0.047293 0.0358697 -0.0455362 9.82281e-05 0.0747079 4.45768e-06
0.0387482 0.0128581 0.0390393 0.0134246 0.000549219 5.29864 0.000516189
0.0390393 0.0134246 0.0408212 0.0128043 0.00204175 56.3019 0.00184904
0.041579 0.0143397 0.0485023 0.0126538 0.000550075 4.29851 0.000436174
0.0408212 0.0128043 0.041579 0.0143397 0.000658212 3.12156 0.000586112
0.00945447 0.0487133 0.0117214 0.0485964 3.09266e-05 0.000908366 0
0.0124794 0.0478835 0.0142945 0.0461761 7.21898e-05 0.0265156 4.82255e-11
0.0146352 0.0484461 0.0142945 0.0461761 8.30702e-05 0.0082928 0
0.0142945 0.0461761 0.0350957 0.0266099 7.28449e-05 0.0419033 6.55086e-07
0.0350957 0.0266099 0.0385714 0.0356521 6.51595e-05 0.0103354 5.20548e-07
0.0148086 0.049601 0.0169823 0.0483251 3.56763e-05 0.0118847 0
0.0146352 0.0484461 0.0169823 0.0483251 3.09266e-05 0.00894076 0
0.0169823 0.0483251 0.0385714 0.0356521 3.56763e-05 0.011688 0
0.0385714 0.0356521 0.0429283 0.0469867 6.4639e-05 0.00658557 0
-0.0323158 -0.00483502 -0.0313376 -0.00471369 9.5532e-05 0.0307838 2.9385e-06
-0.0325101 -0.00439765 -0.0323158 -0.00483502 0.000370984 0.00121782 1.47296e-05
-0.0336164 -0.00499634 -0.0323158 -0.00483502 9.67973e-05 0.0435819 4.20383e-06
-0.0336164 -0.00499634 -0.0330937 -0.00424034 5.13271e-05 0.0107777 2.49801e-06
-0.0391701 -0.00568519 -0.0336164 -0.00499634 9.7505e-05 0.0452878 4.9116e-06
-0.0391701 -0.00568519 -0.0374684 -0.00306119 6.56161e-05 0.0115614 3.59212e-06
0.0108513 0.0232368 0.0162766 0.0213483 0.00125663 8.29975 0.00106392
0.0108513 0.0232368 0.0113219 0.0263719 0.00243982 53.9526 0.00235675
0.00740212 0.0244375 0.0108513 0.0232368 0.00293471 47.5213 0.00274199
0.00740212 0.0244375 0.00544336 0.0312887 6.96578e-05 0.00539703 4.82672e-05
-0.00592698 0.0200308 -0.00179886 0.0249024 0.00196464 17.7016 0.00174559
-0.00179886 0.0249024 0.00367248 0.0235701 0.000625158 2.06055 0.000511257
-0.00179886 0.0249024 -0.000396682 0.0265571 0.00307929 45.6295 0.00286024
-0.00193877 0.027689 -0.000396682 0.0265571 0.000119229 0.0557531 6.99629e-05
-0.0431173 0.0420233 -0.0401716 0.0409978 0.000192714 0.177207 0
-0.0321437 0.0489277 -0.0313319 0.0492653 0.000205745 0.0699064 0.000172671
-0.0321437 0.0489277 -0.0316015 0.0494632 0.000129274 0.0135532 5.88437e-05
-0.0367862 0.0469967 -0.0321437 0.0489277 3.30736e-05 0.000651782 0
0.0144284 -0.000138394 0.0147674 -0.00132426 2.2337e-05 9.15175e-06 9.46475e-07
0.00929331 0.000325885 0.0147674 -0.00132426 0.000284658 0.494035 5.19241e-05
0.0220085 -0.00743691 0.0253428 -0.00839457 6.93437e-05 0.0381918 4.66778e-06
0.0220085 -0.00743691 0.0225854 -0.0059362 6.89339e-05 0.0312029 4.29499e-06
0.0161591 -0.00619204 0.0160235 -0.00571791 2.24363e-05 0.00110126 1.04571e-06
0.0161591 -0.00619204 0.0216353 -0.00840786 9.04796e-05 0.049488 6.94016e-06
0.0176116 -0.0112726 0.0161591 -0.00619204 2.16761e-05 0.00202768 2.85549e-07
0.0176116 -0.0112726 0.0200584 -0.0125104 3.15218e-05 0.00490635 4.07362e-07
0.0194753 -0.0140272 0.0242964 -0.0152629 2.36604e-05 0.00284135 1.00722e-06
0.0194753 -0.0140272 0.0200584 -0.0125104 6.80763e-05 0.0458765 3.43739e-06
0.0210549 -0.0233163 0.0217653 -0.025801 2.1701e-05 0.00611873 3.10444e-07
0.0217653 -0.025801 0.0216341 -0.0260669 7.3572e-05 0.0458502 1.47219e-06
0.0218274 -0.0260184 0.0224787 -0.0282964 2.40887e-05 0.00268424 2.69813e-06
0.0224787 -0.0282964 0.0263675 -0.0286459 0.000115176 0.190937 1.81236e-05
0.0227844 -0.0293656 0.0224787 -0.0282964 2.67983e-05 0.00308686 5.4078e-06
0.0227844 -0.0293656 0.0263675 -0.0286459 0.000136115 0.309134 2.67924e-05
0.0237512 -0.0316807 0.0361102 -0.0444284 0.000256471 0.172963 1.91813e-05
0.0237512 -0.0316807 0.0380694 -0.0354037 4.90671e-05 0.0349995 3.49706e-06
0.0234218 -0.031595 0.0233188 -0.0312346 2.13905e-05 4.25097e-05 0
0.0234218 -0.031595 0.0237512 -0.0316807 4.80887e-05 0.0115419 2.51874e-06
0.0273164 -0.0452172 0.0234218 -0.031595 2.14267e-05 0.00041406 3.61908e-08
0.0273164 -0.0452172 0.0295304 -0.047293 0.000140013 0.0398666 7.89783e-06
-0.0113401 0.0272257 -0.0107736 0.0270877 0.00100948 5.40936 0.000895584
-0.0113401 0.0272257 -0.00925826 0.030237 0.000309727 0.45679 0.000260898
-0.0158391 0.0283212 -0.0113401 0.0272257 0.000947027 4.55246 0.000833126
-0.0165246 0.0289324 -0.0158391 0.0283212 0.00361209 38.1365 0.00346668
-0.0163121 0.0284364 -0.0158391 0.0283212 0.000654521 2.33676 0.00054062
-0.0165246 0.0289324 -0.0163121 0.0284364 0.00182518 0.180512 0.0017206
-0.021812 0.0297757 -0.0169423 0.0285899 0.00157555 13.3465 0.00146165
-0.021812 0.0297757 -0.0221296 0.0339296 0.00352182 30.0769 0.0034493
-0.0431173 0.0420233 -0.0406253 0.0405496 0.0033905 41.7883 0.0031531
-0.0406253 0.0405496 -0.0401716 0.0409978 0.00120453 9.91504 0.0011341
-0.0198871 0.00459629 -0.0191786 0.00439278 8.00957e-05 0.0352796 1.54198e-05
-0.0198871 0.00459629 -0.0201337 0.00782243 8.58553e-05 0.0122962 1.33353e-05
-0.0284296 0.00704984 -0.0275275 0.00679075 6.67373e-05 0.0181861 2.06143e-06
-0.0284296 0.00704984 -0.0265237 0.00526295 0.000136315 0.0527057 4.20076e-06
-0.0305216 0.00765072 -0.0284296 0.00704984 6.66989e-05 0.0178479 2.02302e-06
-0.0305216 0.00765072 -0.0299729 0.00849686 6.5058e-05 0.0114366 3.03401e-06
-0.0304004 0.00953495 -0.0282489 0.0114591 0.000212834 0.185543 5.16337e-05
-0.0304004 0.00953495 -0.0297207 0.0088857 0.000118783 0.039349 2.60225e-05
-0.0307483 0.00922386 -0.0304004 0.00953495 0.000209124 0.174143 4.7923e-05
-0.0307483 0.00922386 -0.0299729 0.00849686 0.000136324 0.0533504 4.20942e-06
-0.0205196 0.00281026 -0.0196786 0.00186924 0.000286688 0.096669 3.90605e-05
-0.0196786 0.00186924 -0.0198142 0.00364269 8.42443e-05 0.0182391 1.17243e-05
-0.0196786 0.00186924 -0.015546 -0.00275501 0.000285813 0.0953514 3.81852e-05
-0.015546 -0.00275501 -0.00550027 -0.00150901 0.000108677 0.0950811 1.60839e-05
-0.0354497 5.1619e-05 -0.0343629 -0.000226973 2.35946e-05 0.00697644 9.41467e-07
-0.0354497 5.1619e-05 -0.0305216 0.00765072 6.39774e-05 0.010173 1.95339e-06
0.0474957 0.00801726 0.047993 0.0103078 0.000155991 0.124872 8.40818e-05
0.047993 0.0103078 0.05 0.0096092 0.00212689 64.8566 0.00193417
0.047993 0.0103078 0.0485023 0.0126538 0.000819454 2.21513 0.000747545
0.0485023 0.0126538 0.05 0.0122891 0.000656442 6.30363 0.000542542
-0.0455004 -0.0221862 -0.0409862 -0.0156566 4.93108e-05 0.00622106 4.81647e-07
-0.0455004 -0.0221862 -0.0419703 -0.0225035 9.83674e-05 0.0386101 1.31471e-06
-0.0429602 -0.03447 -0.0363896 -0.0406218 0.000157507 0.0668335 5.70768e-05
-0.0429602 -0.03447 -0.0341654 -0.0400639 0.000149047 0.0656925 4.06364e-05
-0.0480626 -0.0296929 -0.0429602 -0.03447 0.000147681 0.0496949 4.72508e-05
-0.048906 -0.0306882 -0.0480626 -0.0296929 0.000324888 0.266138 0.000105836
0.00664838 0.0348709 0.00781914 0.0362525 0.000358337 0.362243 0.000139285
0.00425806 0.0405309 0.00781914 0.0362525 2.66576e-05 0.00153689 3.71513e-07
0.00945447 0.0487133 0.0103954 0.0460197 0.000261021 0.000637107 2.98823e-06
0.0103954 0.0460197 0.0124794 0.0478835 0.000161201 0.0203191 6.70408e-11
-0.0161305 0.00798981 -0.00627716 0.00501956 0.00028909 0.475261 5.63566e-05
-0.00784293 0.00867334 -0.00627716 0.00501956 0.000146933 0.024325 4.23504e-05
0.00837422 0.00673381 0.00873655 0.00914773 0.00011422 0.0694027 3.11502e-05
0.0036393 0.0109552 0.00837422 0.00673381 0.000195283 0.147271 4.98752e-05
0.00773991 0.00250792 0.00837422 0.00673381 0.000114607 0.046954 3.15372e-05
0.00773991 0.00250792 0.0123094 0.00069998 0.000151489 0.131429 3.7729e-05
0.0138625 0.00184068 0.0147961 0.00100841 0.000191465 0.136818 4.60572e-05
0.0147961 0.00100841 0.0242566 0.00218183 0.000121356 0.119464 2.87623e-05
0.0147961 0.00100841 0.017402 -0.00131493 0.000193151 0.137274 4.77435e-05
0.017402 -0.00131493 0.023443 -0.00370508 0.000151137 0.130626 3.73772e-05
0.0187637 -0.00252893 0.0233622 -0.00391516 0.000284167 0.489456 5.14334e-05
0.0233622 -0.00391516 0.023443 -0.00370508 7.86575e-05 0.0273452 1.40185e-05
0.0233622 -0.00391516 0.0259314 -0.00468961 0.000283742 0.488362 5.10082e-05
0.0259314 -0.00468961 0.0284573 -0.00568901 0.000138637 0.113776 2.48773e-05
0.025707 0.00218477 0.0260859 0.00110009 0.000274288 0.0137354 1.62551e-05
0.0254374 0.00148353 0.0260859 0.00110009 0.000266833 0.127489 2.94307e-05
0.0287646 -0.00656861 0.0290883 -0.00593867 3.96423e-05 0.00333447 6.61253e-06
0.0290883 -0.00593867 0.0311641 -0.00675996 0.000139351 0.111751 2.55908e-05
0.0266737 -0.015857 0.0288249 -0.011499 7.3732e-05 0.0889458 1.6322e-06
0.0284509 -0.0111656 0.0288249 -0.011499 0.000165806 0.136643 2.03987e-05
0.0297346 -0.00965597 0.0297981 -0.00952739 8.38782e-05 0.0284946 1.17785e-05
0.0287646 -0.00656861 0.0297981 -0.00952739 0.000316096 0.240699 5.8063e-05
0.0297981 -0.00952739 0.0311641 -0.00675996 8.60595e-05 0.0163177 1.39597e-05
0.0311641 -0.00675996 0.0432496 -0.0115417 0.000138031 0.211956 2.42712e-05
0.0409182 -0.0222809 0.0411596 -0.021169 8.21894e-05 0.0318316 1.02799e-05
0.0411596 -0.021169 0.044282 -0.0203858 0.000113785 0.256412 1.87869e-05
0.0428417 -0.0134206 0.0421297 -0.0167004 7.96828e-05 0.0278349 7.77327e-06
0.0428417 -0.0134206 0.05 -0.0154766 7.35331e-05 0.132919 8.85715e-06
0.0432496 -0.0115417 0.0428417 -0.0134206 7.73246e-05 0.0732123 5.41513e-06
0.0432496 -0.0115417 0.0497351 -0.0141077 0.000139093 0.550309 2.53325e-05
0.0202784 -0.0280986 0.0205122 -0.0283397 0.00027623 0.300826 3.89401e-05
0.0202784 -0.0280986 0.0206162 -0.028129 0.000114825 0.154581 1.77726e-05
0.0185933 -0.0263604 0.0189592 -0.0267379 0.000277187 0.365562 3.98972e-05
0.0183164 -0.0268991 0.0185933 -0.0263604 3.67006e-05 0.00111443 3.67079e-06
0.0170303 -0.0247483 0.0185933 -0.0263604 0.000277372 0.364758 4.00824e-05
0.0170303 -0.0247483 0.0199569 -0.023707 0.00027718 0.0419911 6.60194e-06
-0.0433793 -0.0129873 -0.0419318 -0.0146018 4.72116e-05 0.00580636 1.54297e-07
-0.0433793 -0.0129873 -0.0404352 -0.0148596 2.94229e-05 0.00297194 8.4429e-08
-0.0436847 -0.0126466 -0.0433793 -0.0129873 4.72496e-05 0.00581014 1.92304e-07
-0.0436847 -0.0126466 -0.0391701 -0.00568519 6.30092e-05 0.0109622 9.85232e-07
-0.0128852 -0.00573227 -0.00822913 -0.0109423 0.000288164 0.0845895 4.05368e-05
-0.00822913 -0.0109423 0.0017112 -0.0136216 2.41367e-05 0.00318473 1.87843e-06
-0.00822913 -0.0109423 -0.00395127 -0.015729 0.000285866 0.0852501 3.82389e-05
-0.00395127 -0.015729 0.00387979 -0.0232092 0.000105221 0.0215295 1.24613e-05
-0.00395127 -0.015729 -0.00300402 -0.016789 0.000284539 0.0844714 3.6912e-05
-0.00300402 -0.016789 0.00387531 -0.023239 0.000151894 0.0474422 1.97794e-05
0.00438304 -0.0198564 0.0051786 -0.0145562 8.93345e-05 0.0327723 6.26426e-06
0.00438304 -0.0198564 0.0017112 -0.0136216 0.000115782 0.0208061 1.11991e-05
0.00387979 -0.0232092 0.00438304 -0.0198564 9.05461e-05 0.0435167 7.47592e-06
0.00387979 -0.0232092 0.00581157 -0.0250544 0.000103164 0.0285314 1.04042e-05
0.00387531 -0.023239 0.00387979 -0.0232092 9.10126e-05 0.0507438 7.94242e-06
0.00387531 -0.023239 0.00581157 -0.0250544 0.000160341 0.0711572 2.82267e-05
0.00741981 -0.0269428 0.0078269 -0.0269794 0.000106084 0.0820757 9.03092e-06
0.00741981 -0.0269428 0.00716424 -0.0263465 0.000113692 0.00892904 9.10853e-06
0.00239031 -0.00964781 0.00544276 -0.0127963 0.000261215 0.0232727 2.39255e-05
0.00239031 -0.00964781 0.00578474 -0.0105179 2.46171e-05 0.00284823 1.96394e-06
-0.00397527 -0.000351996 -0.00358144 -0.00127101 0.000118989 0.00521323 1.44064e-05
-0.00358144 -0.00127101 -0.00243879 -0.00112928 0.000102833 0.0712219 1.02393e-05
-0.0202296 -0.0380054 -0.0167256 -0.0367587 0.000316316 0.315755 4.57374e-05
-0.0202296 -0.0380054 -0.0166847 -0.0372934 0.000124648 0.0495974 1.5325e-05
-0.0207753 -0.0381995 -0.0202296 -0.0380054 0.000309709 0.299423 3.91309e-05
-0.0207753 -0.0381995 -0.0162276 -0.043272 5.13661e-05 0.00402201 4.30878e-06
-0.0208395 -0.0381279 -0.0202296 -0.0380054 0.00015614 0.0853482 4.68166e-05
-0.0208395 -0.0381279 -0.0207753 -0.0381995 6.78057e-05 0.0176706 2.07483e-05
0.00337395 -0.0265792 0.00340241 -0.0263896 0.000101828 0.00207017 1.87574e-05
0.00337395 -0.0265792 0.0045319 -0.0266833 0.000114858 0.0216102 1.78049e-05
0.00273943 -0.0308065 0.0028938 -0.0297781 9.43002e-05 0.00404008 1.123e-05
0.00273943 -0.0308065 0.00846053 -0.0293714 0.000107297 0.0396954 1.22991e-05
0.00233931 -0.0334722 0.00273943 -0.0308065 8.94925e-05 0.00300675 6.42231e-06
0.00233931 -0.0334722 0.00959347 -0.0320152 0.000120428 0.049264 1.11046e-05
-0.0102404 -0.0340624 -0.00984838 -0.0343117 3.37815e-05 0.00474808 4.44306e-06
-0.0102404 -0.0340624 -0.00653594 -0.0331332 0.000112022 0.0435627 1.70237e-05
-0.0172736 -0.0295896 -0.0102404 -0.0340624 3.0531e-05 0.00309335 1.19253e-06
-0.0176482 -0.0246896 -0.0172736 -0.0295896 8.35969e-05 0.0041458 1.10769e-05
-0.0237386 -0.0241422 -0.0261544 -0.0187042 0.000365644 0.000361306 9.3902e-06
-0.0237386 -0.0241422 -0.0176482 -0.0246896 0.000124009 0.0506385 2.69559e-05
-0.0419703 -0.0225035 -0.0385093 -0.0184192 0.000303304 0.260871 8.42517e-05
-0.0385093 -0.0184192 -0.0342233 -0.0231998 5.54022e-05 0.00250114 8.34492e-06
-0.0364765 -0.0160203 -0.0261544 -0.0187042 5.76569e-05 0.00848612 1.20869e-05
-0.0372237 -0.016902 -0.0364765 -0.0160203 0.000302017 0.262459 8.29646e-05
-0.0346169 0.0135625 -0.0304004 0.00953495 0.000132294 0.0585549 3.95344e-05
-0.0357353 0.0138996 -0.0346169 0.0135625 0.000331842 0.518924 9.91089e-05
-0.0267553 0.0111722 -0.023382 0.00980732 0.000117024 0.0667619 3.34849e-05
-0.0267553 0.0111722 -0.023557 0.00955423 4.22598e-05 0.00796851 1.11453e-05
-0.0286934 0.0119564 -0.0280045 0.0116777 0.000104153 0.0551843 2.06131e-05
-0.0290135 0.0123146 -0.0286934 0.0119564 0.000307971 0.305802 6.03437e-05
-0.0268552 0.0112228 -0.0267553 0.0111722 4.29291e-05 0.00794767 1.18147e-05
-0.0269532 0.0112523 -0.0268552 0.0112228 0.000324356 0.554346 9.16227e-05
-0.0278717 0.011737 -0.0268552 0.0112228 3.83947e-05 0.00673286 7.28023e-06
-0.0278717 0.011737 -0.0277797 0.0118787 7.69837e-05 0.0268219 1.49597e-05
-0.0279142 0.0117585 -0.0278717 0.011737 3.84178e-05 0.00647806 7.30334e-06
-0.0279142 0.0117585 -0.0277797 0.0118787 0.0002013 0.218766 4.00995e-05
-0.0290135 0.0123146 -0.0279142 0.0117585 3.95827e-05 0.00761358 8.46821e-06
-0.0355598 0.0196396 -0.0290135 0.0123146 0.000308496 0.30581 6.08682e-05
-0.0206601 0.0137445 -0.0205842 0.0137145 0.000140759 0.101948 2.6999e-05
-0.0206601 0.0137445 -0.0205938 0.0138404 5.92611e-05 0.016721 1.0432e-05
-0.025363 0.0156052 -0.0241497 0.0151252 0.000145192 0.114862 3.1432e-05
-0.025363 0.0156052 -0.0223923 0.0201861 7.74113e-05 0.0274019 1.53873e-05
-0.0355598 0.0196396 -0.025363 0.0156052 0.000147198 0.114481 3.34384e-05
-0.0423835 0.0272751 -0.0355598 0.0196396 0.000318513 0.326716 7.08856e-05
-0.0357353 0.0138996 -0.0307483 0.00922386 0.000198457 0.1334 6.63426e-05
-0.05 0.0181997 -0.0357353 0.0138996 0.000345753 0.549865 0.00011302
-0.0246774 0.0479573 -0.0231368 0.0471047 0.000231507 0.0897369 0.000134943
-0.00974227 0.0396923 -0.00466419 0.0368821 0.000157735 0.0874707 6.11707e-05
-0.00466419 0.0368821 -0.00126987 0.0417919 7.56092e-05 0.0335847 2.67801e-05
-0.00167286 0.0352268 0.00419724 0.0319783 0.000181805 0.142165 8.52408e-05
-7.21369e-06 0.0270167 0.00419724 0.0319783 0.000301605 0.402481 8.25526e-05
0.00419724 0.0319783 0.00544336 0.0312887 0.00014971 0.337316 5.31453e-05
0.00498158 0.0329039 0.00544336 0.0312887 2.65935e-05 0.0072183 5.20291e-06
0.00770911 0.0300349 0.0113219 0.0263719 0.0007282 0.0713376 0.000247292
0.0115525 0.027908 0.0113219 0.0263719 0.000140794 0.0264256 5.77242e-05
-0.0103577 0.0497353 -0.00346 0.0493795 3.09266e-05 7.27952e-05 0
-0.00346 0.0493795 -0.00330532 0.049618 6.2024e-05 0.000313771 0
-0.00309095 0.0493605 0.000327051 0.0491842 3.13004e-05 0.0013199 3.73751e-07
-0.0316015 0.0494632 -0.0313319 0.0492653 8.89044e-05 0.0197074 3.96382e-05
-0.0224412 0.042739 -0.0124993 0.035441 6.69886e-05 0.0122252 1.77224e-05
-0.0124993 0.035441 -0.00974227 0.0396923 0.000103697 0.0527862 4.16729e-05
-0.000396682 0.0265571 0.00367248 0.0235701 0.000712627 1.93691 0.000663361
0.00367248 0.0235701 0.00794775 0.022529 0.000778886 3.35856 0.000664986
0.00794775 0.022529 0.00740212 0.0244375 2.42124e-05 0.000417243 2.82184e-06
0.00794775 0.022529 0.0106464 0.0218719 0.000760378 3.44008 0.000646477
0.015165 0.0274268 0.0175072 0.0246126 3.60852e-05 0.00511181 9.79911e-06
0.0115525 0.027908 0.0175072 0.0246126 0.00016816 0.0788678 7.15957e-05
0.0218346 0.0194136 0.0243782 0.0185281 0.000285951 0.671142 9.32363e-05
0.0181373 0.0238556 0.0218346 0.0194136 3.25643e-05 0.00515555 6.2782e-06
0.0221123 0.0190799 0.0243782 0.0185281 0.00256283 55.345 0.00244893
0.0218346 0.0194136 0.0221123 0.0190799 3.86198e-05 0.00843595 1.23337e-05
0.0232593 0.00919225 0.0256937 0.00740522 9.67736e-05 0.0218697 4.75074e-05
0.0256937 0.00740522 0.0282438 0.00878432 0.000682495 0.586963 0.00026753
0.0256937 0.00740522 0.0272691 0.00624878 8.35065e-05 0.0319366 3.42403e-05
0.0282438 0.00878432 0.0272691 0.00624878 0.000102978 0.0206793 3.83391e-05
0.0272691 0.00624878 0.0315732 0.00308933 7.59342e-05 0.0634996 2.6668e-05
0.0315732 0.00308933 0.0338746 0.00337478 0.00012638 0.180065 3.37861e-05
0.0311627 -0.00190211 0.0325092 0.000717867 3.77592e-05 0.0302706 4.72945e-06
0.0325092 0.000717867 0.0345057 9.88431e-06 0.000144544 0.218243 1.99182e-05
0.0330199 -0.00300032 0.0345057 9.88431e-06 8.76856e-05 0.184275 1.55858e-05
0.0345057 9.88431e-06 0.0369482 -0.000856241 0.000147121 0.302514 2.24952e-05
0.0299248 0.00969347 0.0343745 0.00434743 4.06642e-05 0.0204345 1.43781e-05
0.0343745 0.00434743 0.0338746 0.00337478 4.38867e-05 0.00333586 1.08569e-05
0.0350615 0.00352199 0.0358009 0.00263369 3.55746e-05 0.00904322 9.28846e-06
0.0348415 0.000690202 0.0358009 0.00263369 8.50802e-05 0.0398273 1.29804e-05
-0.0353736 0.0457372 -0.0235794 0.0352221 0.000717893 0.920769 0.000572486
-0.0235794 0.0352221 -0.0221915 0.034739 0.000404462 0.732244 0.000211747
-0.0221915 0.034739 -0.0228246 0.0430204 0.000143099 0.0444346 7.05794e-05
-0.0221915 0.034739 -0.0184557 0.0334386 0.000403053 0.736852 0.000210339
-0.0146557 0.0321158 -0.00925826 0.030237 0.000402951 0.752572 0.000210237
-0.0146557 0.0321158 -0.0124993 0.035441 0.000115856 0.0568069 5.38321e-05
0.0225854 -0.0059362 0.0253428 -0.00839457 0.000175067 0.141005 2.96597e-05
0.0253428 -0.00839457 0.0275068 -0.0090161 7.79534e-05 0.0410399 1.32775e-05
0.0207342 -0.0221945 0.0222895 -0.0191682 3.37535e-05 0.014042 7.23672e-07
0.0247164 -0.0198224 0.0222895 -0.0191682 2.29373e-05 0.00089681 6.79094e-07
0.0245446 -0.01478 0.0267548 -0.0104793 3.35755e-05 0.0161585 5.45755e-07
0.0267548 -0.0104793 0.0284509 -0.0111656 8.82583e-05 0.0609566 4.71889e-06
0.0297981 -0.00952739 0.0298551 -0.00969057 0.000314863 0.244771 5.68307e-05
0.0298551 -0.00969057 0.0428417 -0.0134206 7.88473e-05 0.080292 1.41714e-05
0.0298551 -0.00969057 0.0306862 -0.0120701 0.000314117 0.236414 5.60841e-05
0.0306862 -0.0120701 0.0421297 -0.0167004 0.000103647 0.159407 2.01074e-05
0.0312384 -0.0136508 0.0365775 -0.0184109 0.000176975 0.384705 3.15675e-05
0.0365775 -0.0184109 0.0414853 -0.0196689 2.70959e-05 0.0120604 4.44275e-06
0.0401368 -0.0258803 0.0405268 -0.0240839 8.10166e-05 0.063888 9.10708e-06
0.0405268 -0.0240839 0.0439864 -0.0250164 2.50231e-05 0.0134218 2.7649e-06
0.0405268 -0.0240839 0.0407652 -0.0229858 8.08016e-05 0.0631858 8.89207e-06
0.0407652 -0.0229858 0.0429468 -0.0240894 3.47027e-05 0.0225895 3.58825e-06
0.0456829 -0.0254736 0.05 -0.0276576 3.4679e-05 0.0228917 3.56454e-06
0.0456829 -0.0254736 0.05 -0.0266372 2.50927e-05 0.0129686 2.83444e-06
0.0446821 -0.0249673 0.0456829 -0.0254736 3.50616e-05 0.0228369 3.94711e-06
0.0446821 -0.0249673 0.05 -0.0238991 0.000123374 0.316893 1.40505e-05
0.0352305 -0.0226563 0.0405268 -0.0240839 2.34197e-05 0.0113316 1.1615e-06
0.0352305 -0.0226563 0.0384951 -0.0218374 0.000101744 0.240958 6.74537e-06
0.0325395 -0.0173759 0.0331542 -0.0191354 0.000269712 0.0856323 1.16795e-05
0.0331542 -0.0191354 0.0384951 -0.0218374 3.22222e-05 0.0176316 1.10769e-06
0.00784604 -0.0152752 0.0179489 -0.0179983 2.24722e-05 0.0028184 2.13996e-07
0.00784604 -0.0152752 0.0158301 -0.0235104 0.000243072 0.0160081 5.78287e-06
0.00689861 -0.00309706 0.00699088 -0.00248235 9.03987e-05 0.0508037 7.32853e-06
0.00689861 -0.00309706 0.0124523 -0.00469219 7.0976e-05 0.0330035 6.30008e-06
0.00544276 -0.0127963 0.00578474 -0.0105179 9.22024e-05 0.0552533 9.1322e-06
0.00544276 -0.0127963 0.00784604 -0.0152752 0.000245742 0.015932 8.45255e-06
0.0234044 -0.0224804 0.0217653 -0.025801 7.37235e-05 0.0474145 1.6237e-06
0.0207342 -0.0221945 0.0196669 -0.0184613 2.17093e-05 0.0044035 3.18794e-07
0.0199569 -0.023707 0.0207342 -0.0221945 3.37724e-05 0.0121728 7.42588e-07
0.0150887 -0.0254391 0.0170303 -0.0247483 0.000311874 0.354237 4.12954e-05
0.0150887 -0.0254391 0.0158301 -0.0235104 7.4749e-05 0.0195899 1.01101e-05
0.00866106 -0.0277261 0.0101681 -0.0271899 0.000312517 0.358741 4.19386e-05
0.00866106 -0.0277261 0.0087066 -0.0277688 0.000153362 0.0634979 2.12478e-05
0.00863331 -0.0277497 0.00994201 -0.0289998 0.000107247 0.0313696 1.44867e-05
0.00863331 -0.0277497 0.0087066 -0.0277688 5.32052e-05 0.0102389 7.63524e-06
0.0141232 -0.0279509 0.0153135 -0.0276524 0.000108807 0.0544354 1.38083e-05
0.0141232 -0.0279509 0.0142739 -0.0275589 7.32241e-05 0.00896975 8.58518e-06
0.0100032 -0.0289844 0.0117229 -0.0285531 0.000110595 0.0522271 1.55968e-05
0.0100032 -0.0289844 0.012593 -0.0314127 0.000151212 0.060101 1.90978e-05
0.00994201 -0.0289998 0.0100032 -0.0289844 0.000117015 0.0439567 2.20168e-05
0.00994201 -0.0289998 0.0124898 -0.0314334 0.000104095 0.0280273 1.13353e-05
0.00846053 -0.0293714 0.00959347 -0.0320152 0.000115651 0.0175975 1.10676e-05
0.00959347 -0.0320152 0.0124898 -0.0314334 0.000120232 0.0538338 1.09085e-05
0.0136947 -0.0290658 0.0141232 -0.0279509 7.34674e-05 0.0114812 8.82849e-06
0.0136947 -0.0290658 0.0167894 -0.0298705 5.12229e-05 0.0123098 5.65294e-06
0.0127397 -0.0315502 0.0128093 -0.0313692 6.97531e-05 0.0151767 5.1141e-06
0.0127397 -0.0315502 0.01489 -0.0335663 0.00014331 0.0437722 1.1195e-05
0.0127054 -0.0316394 0.0127397 -0.0315502 7.11116e-05 0.0110967 6.47266e-06
0.0127054 -0.0316394 0.014835 -0.0336735 0.000100212 0.0209844 7.45182e-06
-0.0194662 -0.000909324 -0.0196786 0.00186924 8.69612e-05 0.0123655 1.44413e-05
-0.0194662 -0.000909324 -0.0173055 -0.00297324 0.000115408 0.018462 2.26474e-05
-0.0194296 -0.00138849 -0.0194662 -0.000909324 9.29081e-05 0.0125951 2.03881e-05
-0.0194296 -0.00138849 -0.0176886 -0.00302077 0.000170298 0.0406774 3.81835e-05
-0.0173055 -0.00297324 -0.015546 -0.00275501 0.000119943 0.062105 2.73492e-05
-0.0173055 -0.00297324 -0.0149788 -0.00519563 0.000119666 0.0166895 2.69054e-05
-0.0176886 -0.00302077 -0.0173055 -0.00297324 0.000123601 0.0591866 3.10076e-05
-0.0176886 -0.00302077 -0.0155158 -0.00505798 0.000162109 0.0339599 2.99947e-05
-0.0149788 -0.00519563 -0.0128852 -0.00573227 2.8326e-05 0.00293563 5.67278e-06
-0.0149788 -0.00519563 -0.0092509 -0.0106669 0.000113923 0.0172312 2.11634e-05
-0.0155158 -0.00505798 -0.0149788 -0.00519563 2.68993e-05 0.00182316 4.24613e-06
-0.0155158 -0.00505798 -0.00964767 -0.0105599 0.000158664 0.0346017 2.65489e-05
-0.0364765 -0.0160203 -0.0304868 -0.00895197 0.00029949 0.264254 8.04376e-05
-0.0323158 -0.00483502 -0.0304868 -0.00895197 0.000374714 0.00461571 1.84597e-05
-0.0215804 -0.00350347 -0.0192896 -0.00321934 0.000123248 0.0528522 3.06546e-05
-0.0215804 -0.00350347 -0.0192217 -0.00410808 2.92719e-05 0.00241483 6.61872e-06
-0.0132999 0.0243908 -0.0125871 0.0254219 6.71042e-05 0.0213604 1.82751e-05
-0.0135945 0.024565 -0.0132999 0.0243908 0.000328637 0.491088 9.12344e-05
-0.0140892 0.0232492 -0.0132999 0.0243908 6.22446e-05 0.0202412 1.34155e-05
-0.0143597 0.0238806 -0.0140892 0.0232492 0.000132949 0.0133616 2.83662e-05
-0.0110535 0.0161654 -0.00963023 0.0156607 0.000150521 0.124593 2.5895e-05
-0.0140892 0.0232492 -0.0110535 0.0161654 0.00011898 0.0130013 1.43966e-05
-0.0231712 0.0101122 -0.0206601 0.0137445 6.61179e-05 0.0206357 1.72887e-05
-0.0268552 0.0112228 -0.0231712 0.0101122 0.000324495 0.553855 9.17611e-05
-0.023382 0.00980732 -0.0231712 0.0101122 7.36565e-05 0.0295048 2.48273e-05
-0.023382 0.00980732 -0.0201866 0.00851437 0.000112104 0.0616033 2.8565e-05
-0.023557 0.00955423 -0.023382 0.00980732 6.06433e-05 0.0208837 1.18142e-05
-0.023557 0.00955423 -0.0201337 0.00782243 3.58591e-05 0.00583188 4.74461e-06
-0.0282489 0.0114591 -0.0281347 0.0113313 0.000307626 0.235304 5.99983e-05
-0.0281347 0.0113313 -0.0279844 0.0115631 7.66539e-05 0.0269034 1.46299e-05
-0.0217903 0.00131067 -0.0194662 -0.000909324 0.000115643 0.0176041 2.28832e-05
-0.0220197 0.00104 -0.0217903 0.00131067 0.00027866 0.278952 5.96075e-05
-0.0265237 0.00526295 -0.0262868 0.00560566 5.03582e-05 0.00745065 1.52908e-06
-0.0265237 0.00526295 -0.0220197 0.00104 0.000135926 0.0519837 3.81167e-06
-0.0251044 -0.00260018 -0.0215804 -0.00350347 2.53014e-05 0.0017257 2.64819e-06
-0.0263736 -0.00409799 -0.0251044 -0.00260018 0.000290165 0.267437 7.11127e-05
0.027312 0.0025608 0.0325092 0.000717867 0.00014492 0.211551 2.02949e-05
0.027312 0.0025608 0.0315732 0.00308933 0.000124014 0.163757 3.1421e-05
0.0297346 -0.00965597 0.0298551 -0.00969057 7.59582e-05 0.0463784 1.12823e-05
0.0288998 -0.0113472 0.0297346 -0.00965597 8.38113e-05 0.0316959 1.17115e-05
0.0380694 -0.0354037 0.0392844 -0.029807 7.6809e-05 0.0884026 4.89947e-06
0.0392844 -0.029807 0.0441759 -0.0302466 0.000120453 0.318579 2.33998e-05
-0.0168058 -0.0357093 -0.0102404 -0.0340624 0.000113947 0.0434055 1.89489e-05
-0.0172736 -0.0295896 -0.0168058 -0.0357093 7.50718e-05 0.00462069 2.55191e-06
-0.0363896 -0.0406218 -0.0341654 -0.0400639 0.000149946 0.0644567 5.49478e-05
-0.0363896 -0.0406218 -0.035836 -0.0411401 0.000115252 0.0376333 1.48218e-05
0.0120432 0.0311774 0.0119076 0.030274 8.63055e-05 0.00197184 3.23533e-06
0.00664838 0.0348709 0.0119076 0.030274 0.000260378 0.323499 9.84907e-05
-0.00580815 0.0457587 -0.00126987 0.0417919 0.000301302 0.0471524 0.000139414
-0.00126987 0.0417919 0.000762129 0.0447311 6.68035e-05 0.00275224 1.79744e-05
0.00425806 0.0405309 0.0103954 0.0460197 0.000177157 0.105045 1.59563e-05
0.00203864 0.0431975 0.00425806 0.0405309 2.6448e-05 0.00147479 1.61911e-07
0.00309769 0.0394932 0.00425806 0.0405309 0.000177625 0.104779 1.64239e-05
0.00203864 0.0431975 0.00309769 0.0394932 2.13905e-05 0.00025471 0
0.00223883 0.0387251 0.00367658 0.0374684 0.000353235 0.3326 0.000191348
0.00309769 0.0394932 0.00367658 0.0374684 2.13905e-05 0.000276414 0
0.00419724 0.0319783 0.00498158 0.0329039 0.000301362 0.320999 8.23102e-05
0.00367658 0.0374684 0.00498158 0.0329039 2.36445e-05 0.000200916 2.25396e-06
0.00781914 0.0362525 0.0120432 0.0311774 3.01766e-05 0.00385867 3.89045e-06
0.0131062 0.0382591 0.0120432 0.0311774 8.40161e-05 0.00145775 9.45867e-07
0.0120593 0.0412562 0.0131062 0.0382591 0.000390845 0.371579 0.000132812
0.0131062 0.0382591 0.0142945 0.0461761 9.74791e-05 0.00461024 1.44089e-05
0.0313775 0.0169369 0.0317427 0.0167348 0.000125309 0.189989 2.87447e-05
0.0317427 0.0167348 0.0397398 0.0147875 0.000136698 0.247551 2.27977e-05
0.0358009 0.00263369 0.0363161 0.00367761 8.57665e-05 0.0399936 1.36667e-05
0.0363161 0.00367761 0.0415878 0.00433147 0.000122599 0.218458 3.00058e-05
0.0045319 -0.0266833 0.00765677 -0.0274958 5.86946e-05 0.0242991 1.31246e-05
0.0045319 -0.0266833 0.00595249 -0.026811 0.000104556 0.0120668 7.50297e-06
0.0028938 -0.0297781 0.00787526 -0.0280057 0.000314464 0.332374 4.38862e-05
0.00337395 -0.0265792 0.0028938 -0.0297781 9.83558e-05 0.0270354 1.52856e-05
-0.00984838 -0.0343117 -0.00653594 -0.0331332 0.000315302 0.320235 4.4724e-05
-0.00984838 -0.0343117 -0.00792624 -0.0355342 3.33101e-05 0.00301116 3.97166e-06
-0.00792624 -0.0355342 0.00233931 -0.0334722 0.000121584 0.0510059 1.22606e-05
-0.00792624 -0.0355342 0.00116224 -0.0413141 3.0437e-05 0.003107 1.09857e-06
0.0313377 0.0168335 0.0317427 0.0167348 0.000721071 8.01533 0.00060717
0.0313377 0.0168335 0.0313775 0.0169369 7.4884e-05 0.0695633 1.02451e-05
-0.00592698 0.0200308 0.00904148 0.0111793 0.000306409 0.539078 6.90063e-05
0.00978205 0.0161131 0.00904148 0.0111793 0.000139755 0.00857125 5.66849e-05
-0.0158391 0.0283212 -0.0126117 0.0254439 0.00353917 38.1363 0.00339376
-0.0126117 0.0254439 -0.0125074 0.0255371 0.00264704 37.8926 0.00248584
-0.00774825 0.0211078 -0.0061909 0.0197194 0.0001945 0.13911 4.90926e-05
-0.00963023 0.0156607 -0.0061909 0.0197194 0.000298042 0.484123 7.899e-05
-0.0217903 0.00131067 -0.0205196 0.00281026 0.000276439 0.283929 5.73867e-05
-0.0228853 0.00545744 -0.0205196 0.00281026 0.000305955 0.231583 5.83274e-05
-0.0205196 0.00281026 -0.0198142 0.00364269 0.000279849 0.434625 6.07967e-05
-0.0198142 0.00364269 -0.0198871 0.00459629 9.28642e-05 0.0136871 2.03442e-05
-0.00416004 7.91886e-05 -0.00070239 -0.000913913 7.52098e-05 0.0316627 1.05338e-05
-0.00517119 0.00243874 -0.00416004 7.91886e-05 0.000114559 0.00265801 9.97544e-06
-0.00570439 0.000522754 -0.00416004 7.91886e-05 7.64188e-05 0.0351452 1.17429e-05
-0.00570439 0.000522754 -0.00397527 -0.000351996 3.64059e-05 0.00671344 5.29139e-06
-0.017431 0.00645512 -0.0168351 0.00715826 0.0002777 0.439319 5.86483e-05
-0.0168351 0.00715826 -0.00517119 0.00243874 0.000104111 0.0556793 2.05715e-05
-0.0231712 0.0101122 -0.0202413 0.009229 0.000323894 0.557378 9.1161e-05
-0.0202413 0.009229 -0.0205842 0.0137145 9.70904e-05 0.0104892 2.45704e-05
-0.0161305 0.00798981 -0.0136158 0.0109574 0.000312921 0.531394 9.38689e-05
-0.0136158 0.0109574 -0.00784293 0.00867334 0.000163684 0.142139 4.99238e-05
-0.0135945 0.024565 -0.0126117 0.0254439 0.000782815 3.43278 0.000621614
-0.0150123 0.0254034 -0.0135945 0.024565 0.000867804 3.19731 0.000630402
-0.0143597 0.0238806 -0.0135945 0.024565 0.000230348 0.321156 6.91477e-05
-0.0150123 0.0254034 -0.0143597 0.0238806 0.000365201 0.0627426 0.000260618
-0.0212174 0.0219977 -0.0217839 0.0294078 9.66109e-05 0.0168466 2.40909e-05
-0.0212174 0.0219977 -0.017901 0.0271116 7.88051e-05 0.0327098 1.67811e-05
0.0408212 0.0128043 0.047993 0.0103078 0.00215764 64.7645 0.00196493
0.0403972 0.0119455 0.0408212 0.0128043 0.00119506 22.4579 0.00112296
0.00371968 0.0490092 0.00945447 0.0487133 3.2195e-05 0.00603792 1.26841e-06
0.0117214 0.0485964 0.0124794 0.0478835 7.21898e-05 0.000285535 0
0.0124794 0.0478835 0.0131918 0.0485206 0.000161201 0.00857262 0
0.0145618 0.0497459 0.0148086 0.049601 3.56763e-05 0.0334345 0
0.0148086 0.049601 0.0146352 0.0484461 8.30702e-05 0.00925505 0
0.0131918 0.0485206 0.0146352 0.0484461 3.09266e-05 0.00635611 0
-0.0061909 0.0197194 -0.00592698 0.0200308 0.000296108 0.474368 7.70561e-05
-0.00774825 0.0211078 -0.00592698 0.0200308 0.00195329 17.8171 0.00171589
-0.00642169 0.0309798 -0.00193877 0.027689 9.71651e-05 0.0365616 4.78989e-05
-0.00193877 0.027689 -7.21369e-06 0.0270167 0.000447818 1.00449 0.000255103
-0.0401716 0.0409978 -0.0235794 0.0352221 0.0013549 8.83771 0.00116219
-0.0401716 0.0409978 -0.0353736 0.0457372 7.04298e-05 0.0414455 0
0.0144284 -0.000138394 0.0141243 0.000925088 2.19473e-05 0.000254525 5.56708e-07
0.0144284 -0.000138394 0.017402 -0.00131493 0.000139722 0.113356 2.59615e-05
0.00749381 0.000868339 0.00929331 0.000325885 0.000287178 0.496073 5.44446e-05
0.00929331 0.000325885 0.0123094 0.00069998 0.000114642 0.0937894 2.20482e-05
0.0225854 -0.0059362 0.0233622 -0.00391516 7.84639e-05 0.0208041 1.38249e-05
0.0187637 -0.00252893 0.0225854 -0.0059362 0.000178391 0.13547 3.29837e-05
0.0216353 -0.00840786 0.0267548 -0.0104793 8.88062e-05 0.0584578 5.26678e-06
0.0216353 -0.00840786 0.0220085 -0.00743691 6.88696e-05 0.0356053 4.23068e-06
0.0267349 -0.015888 0.0331542 -0.0191354 3.17571e-05 0.0148046 6.42661e-07
0.0267349 -0.015888 0.0325395 -0.0173759 2.30497e-05 0.00916854 3.96518e-07
0.0200584 -0.0125104 0.0245446 -0.01478 3.23566e-05 0.00345767 1.24213e-06
0.0200584 -0.0125104 0.0216353 -0.00840786 6.76339e-05 0.0468091 2.99494e-06
0.026667 -0.0158706 0.0267349 -0.015888 2.31598e-05 0.00953619 5.06631e-07
0.0247164 -0.0198224 0.026667 -0.0158706 7.37372e-05 0.0960785 1.63737e-06
0.0242964 -0.0152629 0.026667 -0.0158706 2.29688e-05 0.00296808 3.15636e-07
0.0222895 -0.0191682 0.0242964 -0.0152629 3.36366e-05 0.0154148 6.06779e-07
0.0197 -0.0299852 0.0205122 -0.0283397 8.07587e-05 0.0168906 8.65893e-06
0.0205122 -0.0283397 0.021715 -0.0295804 0.000273892 0.282 3.66028e-05
0.0205122 -0.0283397 0.0206162 -0.028129 8.61814e-05 0.083815 1.40816e-05
0.0206162 -0.028129 0.0224787 -0.0282964 0.000115031 0.189897 1.79781e-05
0.0206162 -0.028129 0.0216341 -0.0260669 8.24809e-05 0.0379369 1.03811e-05
0.0216341 -0.0260669 0.0218274 -0.0260184 0.000108577 0.180567 1.35792e-05
0.0217653 -0.025801 0.0218274 -0.0260184 2.18005e-05 0.0116995 4.0997e-07
0.0218274 -0.0260184 0.0344522 -0.0228515 0.000107846 0.183556 1.28482e-05
0.0263675 -0.0286459 0.0392844 -0.029807 0.000126278 0.282219 2.92253e-05
0.0263675 -0.0286459 0.0358135 -0.0267486 0.000124615 0.228152 1.52924e-05
0.0361102 -0.0444284 0.0369058 -0.045249 0.000254901 0.145753 1.76109e-05
0.0358697 -0.0455362 0.0361102 -0.0444284 7.60886e-05 0.02073 4.17907e-06
0.0380694 -0.0354037 0.0446417 -0.0371126 5.0691e-05 0.0732315 5.12102e-06
0.0361102 -0.0444284 0.0380694 -0.0354037 7.83962e-05 0.112059 6.48671e-06
-0.0107736 0.0270877 -0.00179886 0.0249024 0.00271573 39.4066 0.00260182
-0.0107736 0.0270877 -0.0078143 0.0297343 0.000298815 0.481705 0.000137614
-0.00925826 0.030237 -0.0079627 0.0321109 0.000104478 0.0420192 5.5649e-05
-0.00925826 0.030237 -0.0078143 0.0297343 0.000456413 0.964784 0.000263698
-0.0169423 0.0285899 -0.0163121 0.0284364 0.000606568 2.06979 0.000492667
-0.0169423 0.0285899 -0.0166485 0.0290429 0.0015045 13.1862 0.00144248
-0.0201866 0.00851437 -0.0202413 0.009229 9.74719e-05 0.0182662 2.49519e-05
-0.0201866 0.00851437 -0.0168351 0.00715826 0.000107373 0.0575708 2.38337e-05
-0.0201337 0.00782243 -0.0201866 0.00851437 8.38109e-05 0.0125998 1.1291e-05
-0.0201337 0.00782243 -0.017431 0.00645512 3.55751e-05 0.0058699 4.46062e-06
-0.0297207 0.0088857 -0.0281347 0.0113313 8.131e-05 0.0218365 1.9286e-05
-0.0297207 0.0088857 -0.0275275 0.00679075 0.000110162 0.0336556 1.74023e-05
-0.0299729 0.00849686 -0.0297207 0.0088857 6.40312e-05 0.0126365 2.00719e-06
-0.0299729 0.00849686 -0.0284296 0.00704984 0.000136411 0.0528393 4.29627e-06
-0.0280045 0.0116777 -0.0279142 0.0117585 0.000200904 0.218936 3.97033e-05
-0.0280045 0.0116777 -0.0279297 0.0116474 0.000104138 0.0515691 2.0599e-05
-0.0280952 0.0115966 -0.0280045 0.0116777 0.000200902 0.217061 3.97011e-05
-0.0284738 0.0117107 -0.0280952 0.0115966 0.000295513 0.455733 6.27796e-05
-0.0282489 0.0114591 -0.0280952 0.0115966 0.000256915 0.354936 9.57148e-05
-0.0284738 0.0117107 -0.0282489 0.0114591 0.000352679 0.351834 0.000105052
-0.0419703 -0.0225035 -0.0342233 -0.0231998 0.000136765 0.0490878 3.97118e-05
-0.0480626 -0.0296929 -0.0419703 -0.0225035 0.000314437 0.260907 9.53848e-05
-0.0341654 -0.0400639 -0.0332804 -0.0406268 0.000163743 0.0838556 5.53327e-05
-0.0341654 -0.0400639 -0.0218692 -0.0369794 0.000122103 0.0468907 2.71051e-05
-0.0104318 0.0147147 -0.00784293 0.00867334 0.000138485 0.0176718 3.39017e-05
-0.00784293 0.00867334 0.00773991 0.00250792 0.00015813 0.140005 4.43704e-05
0.0123094 0.00069998 0.0144284 -0.000138394 0.000140036 0.113142 2.62764e-05
0.0123094 0.00069998 0.0141243 0.000925088 0.000125432 0.118137 3.28387e-05
0.00837422 0.00673381 0.0138625 0.00184068 0.000192381 0.136258 4.69739e-05
0.0138625 0.00184068 0.0121161 0.00794934 2.35678e-05 0.00105687 2.17726e-06
0.0257784 0.00237058 0.027312 0.0025608 9.64362e-05 0.105539 3.84274e-06
0.0257784 0.00237058 0.0260267 0.00301657 6.70997e-05 0.0277271 2.46075e-06
0.0256477 0.00235438 0.0257784 0.00237058 9.58864e-05 0.101714 3.29297e-06
0.0253302 0.00326358 0.0256477 0.00235438 0.000270779 0.0491425 1.27464e-05
0.0242566 0.00218183 0.0256477 0.00235438 9.25934e-05 0.0209639 0
0.0203295 0.00450413 0.0242566 0.00218183 0.000237403 0.0786808 0
0.023443 -0.00370508 0.0259314 -0.00468961 0.000148106 0.125266 3.43464e-05
0.023443 -0.00370508 0.0254374 0.00148353 8.55329e-05 0.0390574 2.08939e-05
0.0256477 0.00235438 0.025707 0.00218477 0.000260655 0.0210812 2.62194e-06
0.025707 0.00218477 0.0257784 0.00237058 6.87353e-05 0.0332477 4.09634e-06
0.0242566 0.00218183 0.0254374 0.00148353 0.00026342 0.118577 2.60169e-05
0.0254374 0.00148353 0.025707 0.00218477 7.16546e-05 0.00778513 7.01563e-06
0.026667 -0.0158706 0.0266737 -0.015857 7.37012e-05 0.0940537 1.60141e-06
0.0266737 -0.015857 0.0267349 -0.015888 3.17801e-05 0.0144942 6.65665e-07
0.0270459 -0.00991294 0.0284509 -0.0111656 0.000171371 0.14127 2.59637e-05
0.0284509 -0.0111656 0.0288998 -0.0113472 9.87312e-05 0.0702235 1.51918e-05
0.0485758 -0.0193087 0.05 -0.0189514 0.000115091 0.266649 2.00926e-05
0.0485758 -0.0193087 0.05 -0.0198849 9.94805e-05 0.190397 1.5941e-05
0.044282 -0.0203858 0.0485758 -0.0193087 0.000113822 0.256757 1.88232e-05
0.044282 -0.0203858 0.05 -0.0218515 2.60171e-05 0.01345 3.36391e-06
0.0414853 -0.0196689 0.0421297 -0.0167004 8.44015e-05 0.0197302 1.2492e-05
0.0421297 -0.0167004 0.0485758 -0.0193087 0.000100735 0.202563 1.71958e-05
0.0189592 -0.0267379 0.0202784 -0.0280986 0.000276139 0.339903 3.88493e-05
0.0189592 -0.0267379 0.0216341 -0.0260669 0.000112694 0.116272 1.76958e-05
0.0167894 -0.0298705 0.0178138 -0.0278771 3.64147e-05 0.00339793 3.38495e-06
0.0178138 -0.0278771 0.0202784 -0.0280986 0.000110844 0.0630295 1.37914e-05
0.0178138 -0.0278771 0.0183164 -0.0268991 3.82983e-05 0.00165914 5.26851e-06
0.0183164 -0.0268991 0.0189592 -0.0267379 0.000107539 0.0523952 1.25405e-05
0.0199569 -0.023707 0.0210549 -0.0233163 0.000277005 0.0401203 6.42657e-06
0.0199569 -0.023707 0.0185933 -0.0263604 3.36703e-05 0.0034003 6.40468e-07
0.00581157 -0.0250544 0.00716424 -0.0263465 0.000113297 0.0348616 2.05371e-05
0.00581157 -0.0250544 0.00714719 -0.0263067 0.000155012 0.0671118 2.28976e-05
0.0101681 -0.0271899 0.0142739 -0.0275589 0.000111778 0.0550066 1.4725e-05
0.0101681 -0.0271899 0.0150887 -0.0254391 0.000311853 0.358346 4.12748e-05
0.0078269 -0.0269794 0.00786874 -0.0269832 0.00010697 0.0754514 9.91691e-06
0.0078269 -0.0269794 0.00862282 -0.0277397 0.000101323 0.038865 8.5627e-06
0.00716424 -0.0263465 0.00714719 -0.0263067 0.000129369 0.0128535 2.47859e-05
0.00716424 -0.0263465 0.0078269 -0.0269794 0.00010611 0.031119 1.33494e-05
0.00578474 -0.0105179 0.018314 -0.0137295 2.34727e-05 0.00329954 8.19481e-07
0.00578474 -0.0105179 0.00651414 -0.00565849 9.17348e-05 0.055455 8.66459e-06
-0.00416004 7.91886e-05 -0.00397527 -0.000351996 0.000125209 0.00486318 2.0626e-05
-0.00397527 -0.000351996 -0.00243879 -0.00112928 3.66902e-05 0.00635058 5.57575e-06
0.00737671 8.81628e-05 0.00929331 0.000325885 0.000104001 0.0857841 1.14079e-05
0.00737671 8.81628e-05 0.00749381 0.000868339 9.65241e-05 0.0473784 1.34538e-05
-0.00070239 -0.000913913 0.00221908 -0.000551554 0.000104117 0.0762007 1.15237e-05
-0.00070239 -0.000913913 0.00689861 -0.00309706 7.07539e-05 0.0265867 6.07801e-06
-0.00243879 -0.00112928 -0.00070239 -0.000913913 0.0001031 0.0721008 1.05063e-05
-0.00243879 -0.00112928 0.00651414 -0.00565849 3.23115e-05 0.00381832 1.19699e-06
-0.00653594 -0.0331332 0.00273943 -0.0308065 0.000109318 0.0399853 1.43196e-05
-0.00653594 -0.0331332 0.0028938 -0.0297781 0.000315088 0.322068 4.45098e-05
-0.0176482 -0.0246896 -0.0179426 -0.0208395 8.96336e-05 0.00648243 1.71137e-05
-0.0176482 -0.0246896 0.00337395 -0.0265792 0.000118865 0.0450256 2.18128e-05
-0.0261544 -0.0187042 -0.0304868 -0.00895197 0.00037056 0.000901872 1.43061e-05
-0.0261544 -0.0187042 -0.0179426 -0.0208395 4.71583e-05 0.00609002 1.58829e-06
-0.0342233 -0.0231998 -0.0218692 -0.0369794 5.64664e-05 0.00712206 9.40909e-06
-0.0342233 -0.0231998 -0.0261849 -0.0239223 0.000130634 0.0493735 3.35817e-05
-0.0280952 0.0115966 -0.0279844 0.0115631 0.000330881 0.550819 9.81479e-05
-0.0279844 0.0115631 -0.0279297 0.0116474 8.929e-05 0.0361656 2.7266e-05
-0.0279844 0.0115631 -0.0269532 0.0112523 0.000326532 0.554583 9.37982e-05
-0.0269532 0.0112523 -0.0267553 0.0111722 0.000117707 0.0663368 3.41679e-05
-0.0277797 0.0118787 -0.025363 0.0156052 7.63748e-05 0.025492 1.43508e-05
-0.0277797 0.0118787 -0.0241497 0.0151252 0.000200899 0.21979 3.96979e-05
-0.0205842 0.0137145 -0.0136158 0.0109574 0.000141044 0.10358 2.72839e-05
-0.0205842 0.0137145 -0.0205938 0.0138404 8.92314e-05 0.00850691 1.67114e-05
-0.0205938 0.0138404 -0.0174246 0.0184246 5.92246e-05 0.0172453 1.03955e-05
-0.0205938 0.0138404 -0.0209133 0.0180196 8.55278e-05 0.00851935 1.30079e-05
-0.0241497 0.0151252 -0.0206601 0.0137445 0.00014028 0.0996338 2.65196e-05
-0.0241497 0.0151252 -0.0209133 0.0180196 0.000202673 0.23119 4.14722e-05
-0.0231368 0.0471047 -0.00974227 0.0396923 0.000190589 0.118504 9.40245e-05
-0.00974227 0.0396923 -0.00580815 0.0457587 0.000125364 0.113766 6.33398e-05
-0.00466419 0.0368821 -0.00167286 0.0352268 0.000150667 0.083357 5.41026e-05
-0.00167286 0.0352268 0.00223883 0.0387251 0.00028768 0.415515 0.000126479
0.0282438 0.00878432 0.0299248 0.00969347 0.000681036 0.580574 0.00026607
0.0282438 0.00878432 0.0290139 0.0107879 0.000106944 0.0287838 4.23048e-05
0.0338746 0.00337478 0.0350615 0.00352199 0.000125569 0.18587 3.29754e-05
0.0331377 0.0019409 0.0338746 0.00337478 4.26869e-05 0.0102253 9.65711e-06
0.0299248 0.00969347 0.0290139 0.0107879 4.23859e-05 0.00379758 1.60998e-05
0.0299248 0.00969347 0.0333401 0.0115405 0.000679508 0.58042 0.000264542
0.0343745 0.00434743 0.0350615 0.00352199 3.64677e-05 0.0198038 1.01815e-05
0.0350615 0.00352199 0.0363161 0.00367761 0.000127186 0.186655 3.45924e-05
-0.0367862 0.0469967 -0.0353736 0.0457372 0.00153913 0.438045 0.00139372
-0.0353736 0.0457372 -0.0321437 0.0489277 0.000302375 0.0532895 0.000231945
0.0247164 -0.0198224 0.034296 -0.0224044 2.26653e-05 0.00977596 4.07105e-07
0.0234044 -0.0224804 0.0247164 -0.0198224 7.38508e-05 0.0992095 1.75098e-06
0.0242964 -0.0152629 0.0245446 -0.01478 3.35689e-05 0.0154177 5.39071e-07
0.0245446 -0.01478 0.0266737 -0.015857 3.15541e-05 0.00275414 4.39657e-07
0.0414853 -0.0196689 0.044282 -0.0203858 2.6843e-05 0.0148467 4.18984e-06
0.0411596 -0.021169 0.0414853 -0.0196689 8.5509e-05 0.0203136 1.35995e-05
0.0384951 -0.0218374 0.0399979 -0.0214604 0.000101636 0.240265 6.63806e-06
0.0384951 -0.0218374 0.0407652 -0.0229858 3.32799e-05 0.0199634 2.16538e-06
0.0312384 -0.0136508 0.0325395 -0.0173759 0.000269948 0.0857483 1.19153e-05
0.0325395 -0.0173759 0.0365775 -0.0184109 2.36127e-05 0.0111308 9.59569e-07
0.00699088 -0.00248235 0.00737671 8.81628e-05 8.99879e-05 0.0439155 6.91771e-06
0.00699088 -0.00248235 0.0124523 -0.00469219 9.17137e-05 0.0485296 8.17429e-06
0.0124523 -0.00469219 0.0160235 -0.00571791 7.05854e-05 0.0330787 5.90948e-06
0.0124523 -0.00469219 0.0161591 -0.00619204 9.10873e-05 0.0489466 7.54789e-06
0.0087066 -0.0277688 0.0100032 -0.0289844 0.000152572 0.0637109 2.04573e-05
0.0087066 -0.0277688 0.0117229 -0.0285531 5.20442e-05 0.0108072 6.47418e-06
0.0153135 -0.0276524 0.0183164 -0.0268991 0.000107965 0.0519788 1.29665e-05
0.0153135 -0.0276524 0.0178138 -0.0278771 0.000111445 0.0621493 1.43927e-05
0.0142739 -0.0275589 0.0150887 -0.0254391 7.33126e-05 0.00259306 8.67362e-06
0.0142739 -0.0275589 0.0153135 -0.0276524 0.000111809 0.059165 1.47567e-05
0.0117229 -0.0285531 0.0141232 -0.0279509 0.000109819 0.0522337 1.48204e-05
0.0117229 -0.0285531 0.0136947 -0.0290658 5.31394e-05 0.0113341 7.56936e-06
0.012593 -0.0314127 0.0127397 -0.0315502 0.000143224 0.0456803 1.11091e-05
0.012593 -0.0314127 0.0128093 -0.0313692 0.000126575 0.0764522 1.72521e-05
0.0124898 -0.0314334 0.0127054 -0.0316394 0.000100732 0.0224219 7.97204e-06
0.0124898 -0.0314334 0.012593 -0.0314127 0.00012129 0.0587963 1.19674e-05
0.0194191 -0.0305542 0.0234218 -0.031595 4.85244e-05 0.0112742 2.95436e-06
0.0169698 -0.0355163 0.0194191 -0.0305542 7.79989e-05 0.0232888 5.89908e-06
0.0167894 -0.0298705 0.0183068 -0.030265 5.05496e-05 0.0125682 4.97962e-06
0.0163886 -0.0306503 0.0167894 -0.0298705 3.74114e-05 0.00343494 4.38157e-06
0.0128093 -0.0313692 0.0136947 -0.0290658 7.37451e-05 0.0118212 9.10611e-06
0.0128093 -0.0313692 0.0163886 -0.0306503 0.000125509 0.0785904 1.61862e-05
0.0169698 -0.0355163 0.0273164 -0.0452172 0.000141231 0.0396693 9.11611e-06
0.0169039 -0.0356497 0.0169698 -0.0355163 7.81213e-05 0.0153091 6.02149e-06
0.01489 -0.0335663 0.0169698 -0.0355163 0.000142764 0.0435898 1.06496e-05
0.014835 -0.0336735 0.01489 -0.0335663 3.48008e-05 0.00340175 1.771e-06
0.0169039 -0.0356497 0.0274652 -0.0457378 9.55536e-05 0.0182594 2.79355e-06
0.0138245 -0.0418884 0.0169039 -0.0356497 7.37805e-05 0.0118422 1.68068e-06
0.014835 -0.0336735 0.0169039 -0.0356497 9.91777e-05 0.0208414 6.41759e-06
0.0123643 -0.038481 0.014835 -0.0336735 3.37999e-05 0.00244078 7.70134e-07
-0.0125074 0.0255371 -0.0113401 0.0272257 0.000651481 1.98141 0.000602652
-0.0125074 0.0255371 -0.0107736 0.0270877 0.00265235 38.3436 0.00249115
-0.0125871 0.0254219 -0.0125074 0.0255371 0.000837942 3.20819 0.000789113
-0.0126117 0.0254439 -0.0125871 0.0254219 0.00219475 17.02 0.00204935
-0.0251044 -0.00260018 -0.0220197 0.00104 0.000288476 0.268978 6.94241e-05
-0.0220197 0.00104 -0.0194296 -0.00138849 0.000172351 0.0401927 4.02368e-05
0.0288249 -0.011499 0.0288998 -0.0113472 8.05388e-05 0.0382553 8.43903e-06
0.0288998 -0.0113472 0.0306862 -0.0120701 9.69566e-05 0.0758877 1.34172e-05
-0.00580815 0.0457587 -0.0103577 0.0497353 0.000161947 1.39015e-05 5.97084e-08
-0.00580815 0.0457587 -0.00346 0.0493795 7.54959e-05 0.000698498 1.34719e-05
0.000762129 0.0447311 0.00135499 0.0455887 5.97651e-05 0.002754 1.0936e-05
-0.00309095 0.0493605 0.000762129 0.0447311 2.65031e-05 0.000515849 2.16977e-07
0.000762129 0.0447311 0.00203864 0.0431975 2.7091e-05 0.00121583 8.04905e-07
0.00135499 0.0455887 0.00203864 0.0431975 2.25375e-05 0.000510953 1.14698e-06
0.0198986 0.0232893 0.0313775 0.0169369 0.000129751 0.160694 3.31868e-05
0.0313775 0.0169369 0.0350957 0.0266099 7.6933e-05 0.0292733 1.2294e-05
-0.0125871 0.0254219 -0.00774825 0.0211078 0.00212239 16.3344 0.00197698
-0.0132999 0.0243908 -0.00774825 0.0211078 0.000328047 0.491442 9.06444e-05
-0.00517119 0.00243874 -0.00627716 0.00501956 0.000116817 0.000625458 1.22341e-05
-0.00517119 0.00243874 0.00221908 -0.000551554 0.000101473 0.0534061 1.79332e-05
-0.0191786 0.00439278 -0.017431 0.00645512 0.000277736 0.439217 5.86838e-05
-0.017431 0.00645512 -0.00570439 0.000522754 3.48842e-05 0.00562406 3.76976e-06
-0.017901 0.0271116 -0.0150123 0.0254034 0.000868151 3.15853 0.000630748
-0.0163121 0.0284364 -0.0150123 0.0254034 0.000502741 0.110347 0.000398158
-0.0217839 0.0294078 -0.021812 0.0297757 0.000266888 0.138376 0.000194368
-0.0228218 0.0300215 -0.0217839 0.0294078 0.000893776 3.17831 0.000656373
-0.017901 0.0271116 -0.0169423 0.0285899 0.000234752 0.280694 0.000172728
-0.0217839 0.0294078 -0.017901 0.0271116 0.000878121 3.19477 0.000640718
0.0131918 0.0485206 0.0145618 0.0497459 0.000161201 0.0073996 0
0.0117214 0.0485964 0.0131918 0.0485206 3.09266e-05 0.000241863 0
-0.0079627 0.0321109 -0.00642169 0.0309798 0.000107832 0.0465115 5.85656e-05
-0.00642169 0.0309798 -0.00167286 0.0352268 0.000298865 0.444423 0.000137664
0.0141243 0.000925088 0.0138625 0.00184068 2.45526e-05 0.000297843 3.16203e-06
0.0141243 0.000925088 0.0147961 0.00100841 0.000124973 0.118557 3.23797e-05
0.0194191 -0.0305542 0.0197 -0.0299852 7.87713e-05 0.0236403 6.67152e-06
0.0197 -0.0299852 0.021715 -0.0295804 0.000124039 0.0842021 1.47155e-05
0.021715 -0.0295804 0.0233188 -0.0312346 0.000257236 0.177248 1.99464e-05
0.021715 -0.0295804 0.0227844 -0.0293656 0.000136091 0.30926 2.67674e-05
-0.0078143 0.0297343 -0.00642169 0.0309798 0.000297344 0.441776 0.000136143
-0.0078143 0.0297343 -0.00193877 0.027689 0.000450247 1.00594 0.000257533
-0.0279297 0.0116474 -0.0269532 0.0112523 0.000110129 0.0592495 2.65892e-05
-0.0279297 0.0116474 -0.0278717 0.011737 7.71089e-05 0.0269032 1.50849e-05
-0.0346169 0.0135625 -0.0284738 0.0117107 0.000328257 0.510138 9.55232e-05
-0.0286934 0.0119564 -0.0284738 0.0117107 0.000304801 0.299549 5.71739e-05
-0.0218692 -0.0369794 -0.0168058 -0.0357093 0.000116998 0.0464842 2.19995e-05
-0.0218692 -0.0369794 -0.0208395 -0.0381279 5.95308e-05 0.0115759 1.24735e-05
0.00786874 -0.0269832 0.00866106 -0.0277261 0.000151643 0.0854206 1.9528e-05
0.00786874 -0.0269832 0.0101681 -0.0271899 0.000110471 0.0523864 1.34185e-05
0.00714719 -0.0263067 0.00786874 -0.0269832 0.000156062 0.0683678 2.39468e-05
0.00714719 -0.0263067 0.00438304 -0.0198564 0.000119655 0.0116703 1.50722e-05
0.00651414 -0.00565849 0.00689861 -0.00309706 9.13481e-05 0.0553261 8.27786e-06
0.00651414 -0.00565849 0.0176116 -0.0112726 3.26776e-05 0.0047923 1.56311e-06
0.00221908 -0.000551554 0.00737671 8.81628e-05 0.000108095 0.0882829 1.55018e-05
0.00221908 -0.000551554 0.00699088 -0.00248235 9.202e-05 0.0414052 8.48054e-06
-0.0209133 0.0180196 -0.0210423 0.0197074 8.93896e-05 0.00730718 1.68697e-05
-0.0209133 0.0180196 -0.0195985 0.0191954 0.000201469 0.232947 4.02681e-05
0.0290139 0.0107879 0.0303184 0.0141817 0.000119436 0.0584198 5.47974e-05
0.0221123 0.0190799 0.0290139 0.0107879 0.000149337 0.0250322 0.000123051
0.0183068 -0.030265 0.0194191 -0.0305542 5.18754e-05 0.0114263 6.30541e-06
0.0183068 -0.030265 0.0197 -0.0299852 0.000124649 0.0797934 1.53263e-05
0.01489 -0.0335663 0.0163886 -0.0306503 3.53075e-05 0.00476684 2.27775e-06
0.0163886 -0.0306503 0.0183068 -0.030265 0.000125241 0.0790763 1.59183e-05
0.00135499 0.0455887 0.00371968 0.0490092 5.48541e-05 0.00282003 6.02494e-06
0.000327051 0.0491842 0.00135499 0.0455887 2.13905e-05 7.53862e-05 0
