# time=500000
x1 y1 x2 y2 aperture velocity
0.0443843 -0.00631477 0.05 -0.010437 5.32013e-05 0.0798678
0.0440694 -0.0250904 0.05 -0.0303778 0.000162904 0.411729
-0.05 0.000316541 -0.04286 -0.00160796 2.22582e-05 0.00236532
-0.05 -0.0312056 -0.04959 -0.0314953 0.000345686 0.364474
0.0474957 0.00801726 0.05 0.0066314 0.000167566 0.400981
0.0458809 0.000579001 0.05 -0.00302134 0.000234052 0.823695
-0.05 0.0299759 -0.0423835 0.0272751 0.000128855 0.080298
-0.05 -0.0125039 -0.0445168 -0.0139297 4.557e-05 0.00926764
0.0450408 -0.0429945 0.05 -0.0416201 9.96608e-05 0.261754
0.0477065 0.0302897 0.05 0.0347524 3.30357e-05 0.00754632
-0.05 -0.043985 -0.0489825 -0.0437807 0.000111459 0.044105
-0.05 0.0229315 -0.0399407 0.0178426 3.11145e-05 0.00433604
-0.05 0.0272741 -0.046455 0.0239504 0.000136059 0.0678847
-0.05 -0.00702845 -0.0488496 -0.00688577 9.4142e-05 0.0432572
0.0497351 -0.0141077 0.05 -0.014426 3.0729e-05 0.0182855
0.0490599 0.0294953 0.05 0.0313998 7.30523e-05 0.03416
-0.05 0.025353 -0.046455 0.0239504 0.000116705 0.063663
-0.05 0.0444191 -0.0461801 0.0430894 0.000402689 1.96711
-0.05 0.0366396 -0.0456549 0.0355815 0.000118418 0.097983
-0.05 0.0132453 -0.0320246 0.00808241 6.46759e-05 0.0199885
-0.05 0.00378124 -0.039767 0.00115824 2.26532e-05 0.00246231
0.0487448 0.0137711 0.05 0.0195529 7.74302e-05 0.0183178
-0.05 -0.0286948 -0.0496576 -0.0281995 4.88291e-05 0.00545784
-0.05 -0.027879 -0.0496576 -0.0281995 0.00010176 0.0304278
-0.05 -0.00799343 -0.0488104 -0.00692954 0.000170839 0.106991
-0.05 -0.00560268 -0.0488496 -0.00688577 4.70573e-05 0.00727012
0.0487448 0.0137711 0.05 0.0125904 8.28175e-05 0.0719486
-0.05 -0.0440359 -0.0489825 -0.0437807 9.59352e-05 0.0323257
-0.05 -0.0299924 -0.048906 -0.0306882 0.000110426 0.0405137
-0.05 0.0415005 -0.0461801 0.0430894 3.30736e-05 0.0129791
0.0453562 -0.0476437 0.05 -0.044689 8.49033e-05 0.176527
-0.05 -0.00877678 -0.043752 -0.0127503 2.93384e-05 0.00337218
-0.05 0.0282563 -0.0448113 0.0233 9.34728e-05 0.0318622
-0.05 0.0205776 -0.0374354 0.0154937 8.40817e-05 0.0329163
0.0490599 0.0294953 0.05 0.0289434 3.60077e-05 0.0161702
0.0429283 0.0469867 0.05 0.046622 3.09266e-05 0.0221157
-0.05 0.0312895 -0.0478601 0.0334032 7.043e-05 0.0182715
-0.05 -0.0223847 -0.0496305 -0.0218149 6.2024e-05 0.00891364
-0.05 -0.0217817 -0.0496305 -0.0218149 9.89772e-05 0.04155
-0.0228246 0.0430204 -0.0224412 0.042739 5.91582e-05 0.0117167
-0.0224412 0.042739 -0.0228816 0.0437668 0.000121558 0.0150735
0.0101839 0.0187903 0.0232593 0.00919225 5.42916e-05 0.0144774
0.019591 0.0196938 0.0232593 0.00919225 0.000489812 0.390377
0.0348415 0.000690202 0.0369482 -0.000856241 5.46276e-05 0.0352864
0.0369482 -0.000856241 0.0394415 -0.00174035 0.00014305 0.291497
0.0369482 -0.000856241 0.0414656 -0.00417222 5.52155e-05 0.00994072
0.0414656 -0.00417222 0.0394415 -0.00174035 2.81079e-05 0.00484715
0.0414656 -0.00417222 0.0443843 -0.00631477 5.29941e-05 0.0109225
0.0441494 -0.00739678 0.0443843 -0.00631477 7.6664e-05 0.242553
-0.0166485 0.0290429 -0.0165246 0.0289324 0.00027519 0.214684
-0.0166024 0.029114 -0.0165246 0.0289324 0.000149512 0.00547782
0.0429468 -0.0240894 0.0439864 -0.0250164 0.000162567 0.371752
0.0439864 -0.0250164 0.0441792 -0.0250683 2.48994e-05 0.011985
0.0439864 -0.0250164 0.0440694 -0.0250904 0.000162487 0.37204
0.0440694 -0.0250904 0.0441792 -0.0250683 0.000120552 0.297555
0.0017112 -0.0136216 -0.000285636 -0.00896189 0.000110992 0.020949
0.0017112 -0.0136216 0.0051786 -0.0145562 2.31609e-05 0.0017023
0.00765677 -0.0274958 0.00787526 -0.0280057 0.000114013 0.0477429
0.00787526 -0.0280057 0.00861096 -0.0277439 0.000307513 0.337424
0.0111578 -0.0356656 0.0123643 -0.038481 0.000108695 0.00840638
0.00850765 -0.0459855 0.0123643 -0.038481 3.30298e-05 0.000267694
0.0123643 -0.038481 0.0138245 -0.0418884 0.0001078 0.00779442
0.011015 -0.0475801 0.0138245 -0.0418884 7.20998e-05 0.000469532
-0.0189195 -0.00806083 -0.00964767 -0.0105599 2.23315e-05 0.00141457
-0.0189195 -0.00806083 -0.0192217 -0.00410808 7.38191e-05 0.00694498
-0.0313376 -0.00471369 -0.0277213 -0.00568841 2.25011e-05 0.00144903
-0.0313376 -0.00471369 -0.0263736 -0.00409799 9.50035e-05 0.0317311
-0.0330937 -0.00424034 -0.0325101 -0.00439765 2.32661e-05 0.00218384
-0.0330937 -0.00424034 -0.032781 -0.00378792 5.08032e-05 0.0114165
-0.04286 -0.00160796 -0.0374684 -0.00306119 2.29513e-05 0.00253162
-0.04286 -0.00160796 -0.039767 0.00115824 0.000168493 0.105245
0.0241711 0.00658176 0.0253302 0.00326358 0.000321112 0.122971
0.0253302 0.00326358 0.0260267 0.00301657 0.000162835 0.222555
0.0284573 -0.00568901 0.0287646 -0.00656861 0.00030446 0.214055
0.0275068 -0.0090161 0.0287646 -0.00656861 3.81796e-05 0.00524202
0.0344522 -0.0228515 0.0358135 -0.0267486 0.000279202 0.0582001
0.0358135 -0.0267486 0.0401368 -0.0258803 0.000121045 0.360405
-0.0336307 -0.0427735 -0.0312417 -0.0419235 0.000308169 0.281053
-0.0359186 -0.0411567 -0.0355098 -0.0414455 0.000299236 0.274723
-0.0359186 -0.0411567 -0.035836 -0.0411401 0.00012556 0.0483799
-0.04959 -0.0314953 -0.0366005 -0.0406747 0.000304952 0.275562
-0.05 -0.0319792 -0.04959 -0.0314953 0.000242416 0.141897
-0.0339645 -0.0428923 -0.0336307 -0.0427735 0.000306627 0.0160612
0.0179605 0.0243618 0.0198986 0.0232893 0.000122767 0.114333
0.017648 0.0252564 0.0198986 0.0232893 0.000173286 0.186759
0.0354949 0.0146584 0.0387482 0.0128581 0.000183907 0.351017
0.0366047 0.00868707 0.0387482 0.0128581 5.00081e-05 0.0572521
0.0387482 0.0128581 0.0403972 0.0119455 0.000179097 0.355513
0.0381305 0.00735337 0.0403972 0.0119455 0.000115547 0.242585
0.0403972 0.0119455 0.0474957 0.00801726 0.000171753 0.383714
0.0468369 0.00498253 0.0474957 0.00801726 0.000117084 0.0921603
-0.0179426 -0.0208395 -0.0189195 -0.00806083 7.52362e-05 0.00673814
-0.0179426 -0.0208395 0.00340241 -0.0263896 4.84901e-05 0.00689037
-0.0162276 -0.043272 -0.0166847 -0.0372934 7.46868e-05 0.00281632
0.0257193 0.0182016 0.0259861 0.0179684 0.000219848 0.229614
0.0259861 0.0179684 0.031091 0.0161914 0.000364189 1.57129
0.0303184 0.0141817 0.0259861 0.0179684 0.000166793 0.0367
0.0303184 0.0141817 0.031091 0.0161914 0.000111365 0.412797
0.0333401 0.0115405 0.0303184 0.0141817 0.000247234 0.197733
0.0381305 0.00735337 0.0415878 0.00433147 0.000246059 0.95767
0.0415878 0.00433147 0.0468369 0.00498253 0.000148377 0.437351
0.0415878 0.00433147 0.0458809 0.000579001 0.000235988 0.82603
0.0449531 -0.0036948 0.0458809 0.000579001 7.93507e-05 0.0351919
0.0121161 0.00794934 0.0180793 0.00583476 0.000156737 0.181512
0.0121161 0.00794934 0.0116303 0.00964834 2.3227e-05 0.000520094
-0.00963023 0.0156607 0.0036393 0.0109552 0.000160389 0.155
-0.0104318 0.0147147 -0.00963023 0.0156607 0.000284123 0.457789
-0.0423835 0.0272751 -0.0223923 0.0201861 0.000160488 0.147613
-0.0478601 0.0334032 -0.0423835 0.0272751 0.000317153 0.342698
-0.0405122 -0.0149709 -0.0400859 -0.0150818 4.58829e-05 0.00838847
-0.0405122 -0.0149709 -0.0404352 -0.0148596 4.90397e-05 0.00741339
-0.0419318 -0.0146018 -0.0405122 -0.0149709 4.57849e-05 0.00890664
-0.0419318 -0.0146018 -0.0409862 -0.0156566 4.7475e-05 0.00613005
-0.0445168 -0.0139297 -0.0419318 -0.0146018 4.60085e-05 0.00891889
-0.0445168 -0.0139297 -0.043752 -0.0127503 6.22903e-05 0.0102815
0.0291917 -0.0473869 0.0295304 -0.047293 9.56761e-05 0.0182277
0.0358697 -0.0455362 0.0369058 -0.045249 9.74858e-05 0.0582197
0.0369058 -0.045249 0.0450408 -0.0429945 9.96827e-05 0.419144
0.0450408 -0.0429945 0.0453562 -0.0476437 0.000437427 0.0342634
0.0390393 0.0134246 0.0397398 0.0147875 6.05832e-05 0.028726
0.0397398 0.0147875 0.041579 0.0143397 0.000133506 0.236555
0.0397398 0.0147875 0.0423221 0.0198124 3.77262e-05 0.0093137
0.0350957 0.0266099 0.0423221 0.0198124 7.34172e-05 0.0526099
0.0423221 0.0198124 0.0477065 0.0302897 3.33665e-05 0.00692561
0.0385714 0.0356521 0.0477065 0.0302897 3.5699e-05 0.017733
-0.0489825 -0.0437807 -0.0359186 -0.0411567 0.000110649 0.0436497
-0.0489825 -0.0437807 -0.0366005 -0.0406747 9.67129e-05 0.0329562
-0.0399407 0.0178426 -0.0381487 0.0169361 3.19336e-05 0.00459266
-0.0399407 0.0178426 -0.0374354 0.0154937 0.000135198 0.0671475
-0.046455 0.0239504 -0.0399407 0.0178426 0.00013544 0.0671144
-0.046455 0.0239504 -0.0448113 0.0233 0.00011707 0.0647146
-0.0487472 -0.00687306 -0.0391701 -0.00568519 9.79397e-05 0.0468933
-0.0487472 -0.00687306 -0.04286 -0.00160796 0.000168774 0.105102
-0.0488496 -0.00688577 -0.0487472 -0.00687306 9.39636e-05 0.0431635
-0.0488496 -0.00688577 -0.0488104 -0.00692954 4.7817e-05 0.00750011
0.0441494 -0.00739678 0.0414656 -0.00417222 2.8044e-05 0.00592596
0.0437291 -0.00933319 0.0441494 -0.00739678 7.67724e-05 0.251876
0.0441494 -0.00739678 0.0497351 -0.0141077 2.77914e-05 0.0207214
0.0497351 -0.0141077 0.05 -0.0142125 0.000133283 0.499987
0.041579 0.0143397 0.0436595 0.0185545 8.272e-05 0.0437113
0.0423221 0.0198124 0.0436595 0.0185545 7.38178e-05 0.0539539
0.0436595 0.0185545 0.0490599 0.0294953 7.33327e-05 0.033585
0.0477065 0.0302897 0.0490599 0.0294953 3.57603e-05 0.0171933
0.0243782 0.0185281 0.0259861 0.0179684 0.000396663 1.29995
0.0243782 0.0185281 0.0257193 0.0182016 0.000166233 0.248086
-7.21369e-06 0.0270167 0.00740212 0.0244375 0.000478888 1.23945
-0.000396682 0.0265571 -7.21369e-06 0.0270167 0.000503308 1.15479
-0.0461801 0.0430894 -0.0431173 0.0420233 0.000401389 1.9656
-0.0461801 0.0430894 -0.0367862 0.0469967 6.67485e-05 0.0537878
0.0160235 -0.00571791 0.0147674 -0.00132426 2.16178e-05 0.00059468
0.0160235 -0.00571791 0.0220085 -0.00743691 6.86193e-05 0.0320458
0.018314 -0.0137295 0.0176116 -0.0112726 2.14989e-05 0.00202227
0.018314 -0.0137295 0.0194753 -0.0140272 2.29828e-05 0.0035483
0.0188582 -0.0156327 0.018314 -0.0137295 2.19974e-05 0.00224323
0.0188582 -0.0156327 0.0194753 -0.0140272 6.7368e-05 0.0454612
0.0233188 -0.0312346 0.0227844 -0.0293656 2.25807e-05 0.00317339
0.0233188 -0.0312346 0.0237512 -0.0316807 0.00025529 0.173172
0.0273164 -0.0452172 0.0274652 -0.0457378 2.1707e-05 0.000538322
0.0274652 -0.0457378 0.0291917 -0.0473869 9.4768e-05 0.0181567
0.0274652 -0.0457378 0.0280288 -0.0477092 2.15159e-05 0.00108213
0.0106464 0.0218719 0.0173765 0.0202331 0.000190368 0.181425
0.0106464 0.0218719 0.0108513 0.0232368 0.00017047 0.0974784
-0.0228218 0.0300215 -0.021812 0.0297757 0.000299193 0.49538
-0.0406253 0.0405496 -0.0228218 0.0300215 0.000562958 1.26587
-0.0456549 0.0355815 -0.0228218 0.0300215 0.000126067 0.102235
-0.0456549 0.0355815 -0.0406253 0.0405496 7.31887e-05 0.051915
-0.0228853 0.00545744 -0.0198871 0.00459629 7.71879e-05 0.0323562
-0.024861 0.00766809 -0.0228853 0.00545744 0.000297551 0.227853
-0.0275275 0.00679075 -0.0258088 0.00629711 7.46159e-05 0.0244768
-0.0275275 0.00679075 -0.0262868 0.00560566 9.98551e-05 0.0290484
-0.0320246 0.00808241 -0.0305216 0.00765072 6.71998e-05 0.0196307
-0.0320246 0.00808241 -0.0307483 0.00922386 0.000167526 0.10565
-0.0128852 -0.00573227 -0.000285636 -0.00896189 2.34612e-05 0.0030699
-0.015546 -0.00275501 -0.0128852 -0.00573227 0.00027816 0.0783752
-0.0343629 -0.000226973 -0.0309279 -0.00110746 2.26532e-05 0.00112395
-0.039767 0.00115824 -0.0354497 5.1619e-05 2.33444e-05 0.00271066
-0.039767 0.00115824 -0.0320246 0.00808241 0.000168216 0.105374
0.0485023 0.0126538 0.0487448 0.0137711 9.04017e-05 0.0247924
0.0436595 0.0185545 0.0487448 0.0137711 7.93673e-05 0.0647077
-0.0496576 -0.0281995 -0.0455004 -0.0221862 4.93057e-05 0.00588835
-0.0496576 -0.0281995 -0.0480626 -0.0296929 0.000101577 0.0302479
0.00781914 0.0362525 0.0120593 0.0412562 0.000238846 0.162849
0.0103954 0.0460197 0.0120593 0.0412562 0.000264828 0.0428043
-0.00627716 0.00501956 0.00749381 0.000868339 0.00027853 0.459665
0.00749381 0.000868339 0.00773991 0.00250792 9.8904e-05 0.032258
0.0147674 -0.00132426 0.0187637 -0.00252893 0.00027472 0.463865
0.017402 -0.00131493 0.0187637 -0.00252893 0.000173668 0.112664
0.0259314 -0.00468961 0.0283644 -0.00542305 0.000274891 0.456377
0.0283644 -0.00542305 0.0260859 0.00110009 0.000301193 0.0151867
0.0283644 -0.00542305 0.0292206 -0.00568115 0.00027478 0.206972
0.0292206 -0.00568115 0.0290883 -0.00593867 3.93513e-05 0.00983306
0.0292206 -0.00568115 0.0313759 -0.00633085 0.000274685 0.205168
0.0313759 -0.00633085 0.0311641 -0.00675996 8.50467e-05 0.126741
0.0313759 -0.00633085 0.0435821 -0.0100104 0.000273779 0.161623
0.0435821 -0.0100104 0.0432496 -0.0115417 8.40676e-05 0.551138
0.0158301 -0.0235104 0.0179489 -0.0179983 6.77598e-05 0.0438876
0.0158301 -0.0235104 0.0170303 -0.0247483 0.000246765 0.00602063
0.00744961 -0.0453126 0.0111578 -0.0356656 6.46864e-05 0.000814113
0.00744961 -0.0453126 0.00850765 -0.0459855 2.93384e-05 0.00145526
-0.0488104 -0.00692954 -0.0487472 -0.00687306 0.000170648 0.107094
-0.0488104 -0.00692954 -0.0436847 -0.0126466 4.90688e-05 0.00736603
-0.00300402 -0.016789 0.00371497 -0.0243073 0.000272694 0.0729366
0.00371497 -0.0243073 0.00387531 -0.023239 9.56244e-05 0.0788868
0.00371497 -0.0243073 0.00595249 -0.026811 0.000264247 0.0482298
0.00595249 -0.026811 0.00741981 -0.0269428 0.00010351 0.135729
-0.00187863 -0.00524458 0.00239031 -0.00964781 0.000258584 0.0198602
-0.00187863 -0.00524458 -0.00358144 -0.00127101 0.000125867 0.0250932
-0.00550027 -0.00150901 -0.00187863 -0.00524458 0.0002879 0.0206263
-0.00550027 -0.00150901 -0.00358144 -0.00127101 9.29303e-05 0.0363661
0.0450408 -0.0429945 0.0446417 -0.0371126 0.000426175 0.00165923
0.0446417 -0.0371126 0.05 -0.0385058 4.7683e-05 0.0556738
0.0446417 -0.0371126 0.0441759 -0.0302466 0.000443358 0.00363104
0.0441759 -0.0302466 0.05 -0.0307701 0.000115135 0.307017
-0.0312417 -0.0419235 -0.0207753 -0.0381995 0.000307445 0.300412
-0.0332804 -0.0406268 -0.0312417 -0.0419235 0.000121563 0.047285
-0.0332804 -0.0406268 -0.0208395 -0.0381279 0.000145662 0.0713739
-0.048906 -0.0306882 -0.0429602 -0.03447 0.000152004 0.0660346
-0.04959 -0.0314953 -0.048906 -0.0306882 0.000307591 0.248245
0.0203295 0.00450413 0.0209244 0.00482588 0.00054511 0.285055
0.0180793 0.00583476 0.0203295 0.00450413 0.000301511 0.57233
0.00116224 -0.0413141 0.00744961 -0.0453126 2.95052e-05 0.00323188
0.00233931 -0.0334722 0.00116224 -0.0413141 8.31211e-05 3.66461e-06
-0.0229115 -0.0260041 -0.0172736 -0.0295896 2.9998e-05 0.00315819
-0.0237386 -0.0241422 -0.0229115 -0.0260041 0.000360524 6.72786e-05
-0.0261849 -0.0239223 -0.0229115 -0.0260041 3.27137e-05 0.00215457
-0.0261849 -0.0239223 -0.0237386 -0.0241422 0.000119755 0.0455965
-0.0372237 -0.016902 -0.0261849 -0.0239223 3.1054e-05 0.00177728
-0.0385093 -0.0184192 -0.0372237 -0.016902 0.000281165 0.236261
-0.0400859 -0.0150818 -0.0372237 -0.016902 2.94782e-05 0.00290271
-0.0400859 -0.0150818 -0.0364765 -0.0160203 4.58407e-05 0.00834248
-0.0404352 -0.0148596 -0.0400859 -0.0150818 2.95165e-05 0.00281553
-0.0404352 -0.0148596 -0.0336164 -0.00499634 4.89485e-05 0.00760769
-0.043752 -0.0127503 -0.0433793 -0.0129873 2.94381e-05 0.00311008
-0.043752 -0.0127503 -0.0436847 -0.0126466 6.22352e-05 0.0104091
-0.0360532 0.0149344 -0.0346169 0.0135625 9.48131e-05 0.0327972
-0.0360532 0.0149344 -0.0286934 0.0119564 8.54582e-05 0.0348114
-0.0381487 0.0169361 -0.0360532 0.0149344 9.50311e-05 0.0330451
-0.0381487 0.0169361 -0.0290135 0.0123146 3.15692e-05 0.0045597
-0.0448113 0.0233 -0.0381487 0.0169361 9.53297e-05 0.0329131
-0.0448113 0.0233 -0.0355598 0.0196396 0.000115942 0.0639697
-0.0374354 0.0154937 -0.0360532 0.0149344 8.54662e-05 0.0344488
-0.0374354 0.0154937 -0.0357353 0.0138996 0.000134413 0.066226
0.00544336 0.0312887 0.00770911 0.0300349 0.000142847 0.311095
0.0113219 0.0263719 0.0162766 0.0213483 0.000912146 0.165646
0.0162766 0.0213483 0.0193919 0.0202638 0.000431587 1.36909
0.0162766 0.0213483 0.0173765 0.0202331 0.000954403 0.0695328
0.0173765 0.0202331 0.019591 0.0196938 0.000209701 0.48116
-0.00346 0.0493795 -0.00309095 0.0493605 3.11713e-05 0.00113075
-0.00330532 0.049618 -0.00309095 0.0493605 2.62861e-05 0.000832969
0.000327051 0.0491842 0.00371968 0.0490092 3.09375e-05 0.00132403
0.0169823 0.0483251 0.0429283 0.0469867 3.09266e-05 0.00891618
0.0260859 0.00110009 0.0311627 -0.00190211 0.000261247 0.131743
0.0292206 -0.00568115 0.0311627 -0.00190211 3.77953e-05 0.00339266
0.0311627 -0.00190211 0.0330199 -0.00300032 0.000260729 0.128616
0.0313759 -0.00633085 0.0330199 -0.00300032 8.49417e-05 0.0156416
0.0330199 -0.00300032 0.0437291 -0.00933319 0.000254025 0.0843261
0.0437291 -0.00933319 0.0435821 -0.0100104 7.68733e-05 0.0271068
-0.0478601 0.0334032 -0.0456549 0.0355815 9.211e-05 0.0552063
-0.05 0.0357977 -0.0478601 0.0334032 0.000319472 0.3521
-0.0496305 -0.0218149 -0.0445168 -0.0139297 6.29204e-05 0.00998808
-0.0496305 -0.0218149 -0.0455004 -0.0221862 9.85093e-05 0.04098
-0.0313319 0.0492653 -0.0228246 0.0430204 5.36099e-05 0.0126755
-0.0228246 0.0430204 -0.0228816 0.0437668 8.45292e-05 0.0260868
-0.0228816 0.0437668 -0.0246774 0.0479573 0.000123882 0.0208105
-0.0228816 0.0437668 -0.0231368 0.0471047 8.0457e-05 0.0181384
-0.0124993 0.035441 -0.0079627 0.0321109 5.85033e-05 0.00985944
-0.0079627 0.0321109 -0.00466419 0.0368821 5.48203e-05 0.0153461
0.00367248 0.0235701 0.00870661 0.0198747 8.54464e-05 0.0338718
0.00794775 0.022529 0.00870661 0.0198747 2.86776e-05 0.00122068
0.00870661 0.0198747 0.0101839 0.0187903 8.09817e-05 0.0356175
0.0101839 0.0187903 0.0106464 0.0218719 0.00014961 0.013848
0.0179605 0.0243618 0.0181373 0.0238556 0.000323553 0.173831
0.0175072 0.0246126 0.0181373 0.0238556 3.51474e-05 0.00308114
0.0181373 0.0238556 0.0193919 0.0202638 0.00032291 0.174061
0.0193919 0.0202638 0.0218346 0.0194136 0.00028461 0.659144
0.0193919 0.0202638 0.019591 0.0196938 0.000698674 0.657661
0.019591 0.0196938 0.0221123 0.0190799 0.000350845 1.05225
0.0315732 0.00308933 0.0331377 0.0019409 6.35324e-05 0.0345815
0.0325092 0.000717867 0.0331377 0.0019409 3.62572e-05 0.00688697
0.0331377 0.0019409 0.0348415 0.000690202 6.10568e-05 0.0333678
0.0345057 9.88431e-06 0.0348415 0.000690202 8.01026e-05 0.0385379
0.0394415 -0.00174035 0.0449531 -0.0036948 0.000142813 0.294818
0.0358009 0.00263369 0.0394415 -0.00174035 2.997e-05 0.00898044
-0.0235794 0.0352221 -0.0221296 0.0339296 0.000191202 0.094735
-0.0221296 0.0339296 -0.0221915 0.034739 8.64152e-05 0.0172732
-0.0221296 0.0339296 -0.0166485 0.0290429 0.000234113 0.1498
-0.0166485 0.0290429 -0.0166024 0.029114 9.47483e-05 0.0447045
-0.0184557 0.0334386 -0.0224412 0.042739 0.000123368 0.0121325
-0.0184557 0.0334386 -0.0146557 0.0321158 0.000238653 0.262689
-0.0184557 0.0334386 -0.0166024 0.029114 0.000114013 0.000168358
-0.0166024 0.029114 -0.0146557 0.0321158 8.73046e-05 0.0393542
0.0253428 -0.00839457 0.0270459 -0.00991294 0.000166832 0.130359
0.0267548 -0.0104793 0.0270459 -0.00991294 3.44957e-05 0.00992738
0.0288249 -0.011499 0.0312384 -0.0136508 0.000158051 0.154421
0.0306862 -0.0120701 0.0312384 -0.0136508 0.000299043 0.187759
0.0365775 -0.0184109 0.0399979 -0.0214604 0.000170142 0.349641
0.0399979 -0.0214604 0.0411596 -0.021169 0.000110593 0.223094
0.0399979 -0.0214604 0.0409182 -0.0222809 0.00016302 0.356436
0.0407652 -0.0229858 0.0409182 -0.0222809 7.85811e-05 0.0604289
0.0409182 -0.0222809 0.0429468 -0.0240894 0.000163096 0.370531
0.0429468 -0.0240894 0.0446821 -0.0249673 3.47454e-05 0.0210799
0.0441792 -0.0250683 0.0456829 -0.0254736 2.44702e-05 0.0119151
0.0441792 -0.0250683 0.0446821 -0.0249673 0.000120555 0.297603
-0.000285636 -0.00896189 -0.00187863 -0.00524458 0.000110278 0.0213606
-0.000285636 -0.00896189 0.00239031 -0.00964781 2.34362e-05 0.00177457
0.034296 -0.0224044 0.0352305 -0.0226563 2.30194e-05 0.0103134
0.0331542 -0.0191354 0.034296 -0.0224044 0.000267549 0.0781794
0.0196669 -0.0184613 0.0222895 -0.0191682 2.2574e-05 0.0010247
0.0196669 -0.0184613 0.0188582 -0.0156327 2.15099e-05 0.00374921
0.0179489 -0.0179983 0.0196669 -0.0184613 2.25561e-05 0.000269703
0.0179489 -0.0179983 0.0188582 -0.0156327 6.76778e-05 0.0447906
0.0051786 -0.0145562 0.00784604 -0.0152752 2.32261e-05 0.00160993
0.0051786 -0.0145562 0.00544276 -0.0127963 8.74029e-05 0.0322099
0.00741981 -0.0269428 0.00765677 -0.0274958 0.00011143 0.0437361
0.00765677 -0.0274958 0.00861096 -0.0277439 4.82353e-05 0.0113835
0.0210549 -0.0233163 0.0234044 -0.0224804 0.000276835 0.0394247
0.0210549 -0.0233163 0.0207342 -0.0221945 2.18893e-05 0.00731711
0.00862282 -0.0277397 0.00866106 -0.0277261 0.000306643 0.339746
0.00862282 -0.0277397 0.00863331 -0.0277497 0.000105468 0.0303018
0.00861096 -0.0277439 0.00862282 -0.0277397 0.000307315 0.337721
0.00861096 -0.0277439 0.00863331 -0.0277497 5.23345e-05 0.0100259
0.00787526 -0.0280057 0.00846053 -0.0293714 0.000118638 0.0197878
0.00846053 -0.0293714 0.00994201 -0.0289998 0.000106572 0.0426363
0.00959347 -0.0320152 0.0111578 -0.0356656 0.000112562 0.0131928
0.0111578 -0.0356656 0.0127054 -0.0316394 7.0643e-05 0.00883228
0.00850765 -0.0459855 0.011015 -0.0475801 2.93384e-05 0.00115388
-0.0092509 -0.0106669 -0.00822913 -0.0109423 2.46526e-05 0.00245932
-0.0092509 -0.0106669 -0.00395127 -0.015729 0.000103679 0.016103
-0.00964767 -0.0105599 -0.0092509 -0.0106669 2.51868e-05 0.00157646
-0.00964767 -0.0105599 -0.00300402 -0.016789 0.00014851 0.0326392
-0.0192896 -0.00321934 -0.0194296 -0.00138849 8.97087e-05 0.0105868
-0.0192896 -0.00321934 -0.0176886 -0.00302077 0.000111369 0.0450769
-0.0192217 -0.00410808 -0.0192896 -0.00321934 7.42646e-05 0.00727679
-0.0192217 -0.00410808 -0.0155158 -0.00505798 2.29077e-05 0.0015083
-0.0277213 -0.00568841 -0.0189195 -0.00806083 2.36849e-05 0.00157526
-0.0304868 -0.00895197 -0.0277213 -0.00568841 0.000275277 0.248186
-0.0263736 -0.00409799 -0.0215804 -0.00350347 0.000116476 0.0467824
-0.0277213 -0.00568841 -0.0263736 -0.00409799 0.000274762 0.248634
-0.0325101 -0.00439765 -0.0313376 -0.00471369 2.27746e-05 0.00147507
-0.032781 -0.00378792 -0.0325101 -0.00439765 0.000372537 0.00120348
-0.0174246 0.0184246 -0.0140892 0.0232492 5.72464e-05 0.0176325
-0.0174246 0.0184246 -0.0110535 0.0161654 0.000147988 0.122316
-0.024861 0.00766809 -0.023557 0.00955423 5.90058e-05 0.01852
-0.0281347 0.0113313 -0.024861 0.00766809 0.00029855 0.228622
-0.0258088 0.00629711 -0.024861 0.00766809 5.61208e-05 0.0113279
-0.0258088 0.00629711 -0.0228853 0.00545744 7.22122e-05 0.0233595
-0.0262868 0.00560566 -0.0258088 0.00629711 5.26184e-05 0.00943035
-0.0262868 0.00560566 -0.0217903 0.00131067 9.87394e-05 0.028334
-0.0309279 -0.00110746 -0.0265237 0.00526295 4.88316e-05 0.00541502
-0.0309279 -0.00110746 -0.0251044 -0.00260018 2.26542e-05 0.00168459
-0.032781 -0.00378792 -0.0309279 -0.00110746 4.88339e-05 0.00567488
-0.0343629 -0.000226973 -0.032781 -0.00378792 0.000359216 0.000404969
-0.0374684 -0.00306119 -0.0330937 -0.00424034 2.30517e-05 0.002704
-0.0374684 -0.00306119 -0.0354497 5.1619e-05 6.44458e-05 0.0119949
0.0232593 0.00919225 0.0241711 0.00658176 0.000480645 0.396068
0.0241711 0.00658176 0.0256937 0.00740522 0.000639071 0.502665
0.0260267 0.00301657 0.027312 0.0025608 0.000158814 0.239417
0.0260267 0.00301657 0.0272691 0.00624878 7.58671e-05 0.000709392
0.0283644 -0.00542305 0.0284573 -0.00568901 0.000304494 0.21021
0.0284573 -0.00568901 0.0290883 -0.00593867 0.00013423 0.0969493
0.0270459 -0.00991294 0.0275068 -0.0090161 3.85774e-05 0.00662175
0.0275068 -0.0090161 0.0297346 -0.00965597 7.4195e-05 0.039343
0.034296 -0.0224044 0.0344522 -0.0228515 0.00026731 0.0781927
0.0344522 -0.0228515 0.0352305 -0.0226563 0.000100822 0.232057
0.0401368 -0.0258803 0.0440694 -0.0250904 0.000121686 0.349188
0.0392844 -0.029807 0.0401368 -0.0258803 8.60389e-05 0.0438641
-0.0355098 -0.0414455 -0.0336307 -0.0427735 0.000299305 0.272923
-0.0355098 -0.0414455 -0.0339645 -0.0428923 0.000114472 0.0430219
-0.035836 -0.0411401 -0.0332804 -0.0406268 0.000124815 0.0481766
-0.035836 -0.0411401 -0.0355098 -0.0414455 0.000115507 0.0381348
-0.0366005 -0.0406747 -0.0359186 -0.0411567 0.000302121 0.27622
-0.0366005 -0.0406747 -0.0363896 -0.0406218 0.000110411 0.0341337
0.0115525 0.027908 0.00770911 0.0300349 0.000130983 0.00422223
0.0119076 0.030274 0.0115525 0.027908 0.000124709 0.084465
0.0175072 0.0246126 0.0179605 0.0243618 0.00013771 0.0573331
0.017648 0.0252564 0.0179605 0.0243618 0.000320818 0.194454
-0.00126987 0.0417919 0.00223883 0.0387251 0.000173287 0.0171895
0.00223883 0.0387251 0.00309769 0.0394932 0.000164853 0.087666
0.00367658 0.0374684 0.00664838 0.0348709 0.000192829 0.0926721
0.00498158 0.0329039 0.00664838 0.0348709 0.000274346 0.278839
0.0119076 0.030274 0.015165 0.0274268 0.000222235 0.20243
0.0120432 0.0311774 0.015165 0.0274268 2.63026e-05 0.00253568
0.015165 0.0274268 0.017648 0.0252564 0.000221453 0.202898
0.0131062 0.0382591 0.017648 0.0252564 0.000276427 0.180211
0.0317427 0.0167348 0.0354949 0.0146584 0.000128358 0.179211
0.0354949 0.0146584 0.0390393 0.0134246 0.000349861 1.5979
0.0366047 0.00868707 0.0343745 0.00434743 3.86919e-05 0.000960447
0.0333401 0.0115405 0.0366047 0.00868707 0.000247746 1.07451
0.0363161 0.00367761 0.0381305 0.00735337 8.47602e-05 0.00432642
0.0366047 0.00868707 0.0381305 0.00735337 0.000247463 1.06403
0.0458809 0.000579001 0.0468369 0.00498253 0.000102762 0.048054
0.0468369 0.00498253 0.05 0.00537486 0.000144978 0.407238
0.00340241 -0.0263896 0.0045319 -0.0266833 4.95838e-05 0.0039978
0.00340241 -0.0263896 0.00371497 -0.0243073 8.80158e-05 0.00453034
-0.0168058 -0.0357093 -0.0167256 -0.0367587 8.63543e-05 0.00765394
-0.0167256 -0.0367587 -0.00984838 -0.0343117 0.000310367 0.315072
-0.0166847 -0.0372934 -0.0167256 -0.0367587 8.05405e-05 0.00247265
-0.0166847 -0.0372934 -0.00792624 -0.0355342 0.000122208 0.0508101
0.0198986 0.0232893 0.0257193 0.0182016 0.000183024 0.198481
0.0257193 0.0182016 0.0313377 0.0168335 0.00012864 0.210562
0.031091 0.0161914 0.0354949 0.0146584 0.000360105 1.66783
0.031091 0.0161914 0.0313377 0.0168335 0.000115671 0.152336
0.0443843 -0.00631477 0.0449531 -0.0036948 7.63616e-05 0.19545
0.0449531 -0.0036948 0.05 -0.00548444 0.000139619 0.38846
0.0209244 0.00482588 0.0253302 0.00326358 0.000158222 0.0435547
0.0209244 0.00482588 0.0241711 0.00658176 0.000542322 0.314127
0.0180793 0.00583476 0.0209244 0.00482588 0.000156837 0.139399
0.0116303 0.00964834 0.0180793 0.00583476 0.000302222 0.549189
0.00870661 0.0198747 0.00978205 0.0161131 2.59401e-05 0.0017296
0.0101839 0.0187903 0.00978205 0.0161131 8.86121e-05 0.000299736
0.00978205 0.0161131 0.0116303 0.00964834 2.21074e-05 0.00132333
0.00904148 0.0111793 0.0116303 0.00964834 0.000302907 0.547811
0.00873655 0.00914773 0.0121161 0.00794934 0.000157463 0.18059
0.00873655 0.00914773 0.00904148 0.0111793 0.000102088 0.0500266
0.0036393 0.0109552 0.00873655 0.00914773 0.000157692 0.17228
-0.0061909 0.0197194 0.0036393 0.0109552 0.000181757 0.136357
-0.0198142 0.00364269 -0.0191786 0.00439278 0.000265867 0.413979
-0.0191786 0.00439278 -0.00570439 0.000522754 7.64869e-05 0.0322998
-0.0168351 0.00715826 -0.0161305 0.00798981 0.000265439 0.416622
-0.0202413 0.009229 -0.0161305 0.00798981 0.000300386 0.497076
-0.0136158 0.0109574 -0.0104318 0.0147147 0.000283195 0.459217
-0.0110535 0.0161654 -0.0104318 0.0147147 0.000123837 0.0141119
-0.0195985 0.0191954 -0.0174246 0.0184246 0.000148578 0.121948
-0.0195985 0.0191954 -0.0143597 0.0238806 0.000198616 0.246007
-0.0210423 0.0197074 -0.0195985 0.0191954 0.000156936 0.143241
-0.0210423 0.0197074 -0.0212174 0.0219977 9.04319e-05 0.0128165
-0.0223923 0.0201861 -0.0210423 0.0197074 0.000157287 0.146026
-0.0223923 0.0201861 -0.0212174 0.0219977 7.87662e-05 0.0346373
-0.0409862 -0.0156566 -0.0385093 -0.0184192 4.73366e-05 0.0057501
-0.0409862 -0.0156566 -0.0405122 -0.0149709 4.92314e-05 0.00691931
0.0280288 -0.0477092 0.0291917 -0.0473869 9.38443e-05 0.000248103
0.0295304 -0.047293 0.0358697 -0.0455362 9.78736e-05 0.0738268
0.0387482 0.0128581 0.0390393 0.0134246 6.12113e-05 0.0612016
0.0390393 0.0134246 0.0408212 0.0128043 0.000349547 1.60508
0.041579 0.0143397 0.0485023 0.0126538 0.000147593 0.300438
0.0408212 0.0128043 0.041579 0.0143397 0.000131544 0.124496
0.00945447 0.0487133 0.0117214 0.0485964 3.09266e-05 0.000893599
0.0124794 0.0478835 0.0142945 0.0461761 7.21898e-05 0.0261851
0.0146352 0.0484461 0.0142945 0.0461761 8.30702e-05 0.00825814
0.0142945 0.0461761 0.0350957 0.0266099 7.23473e-05 0.0402745
0.0350957 0.0266099 0.0385714 0.0356521 6.47017e-05 0.00981808
0.0148086 0.049601 0.0169823 0.0483251 3.56763e-05 0.0115722
0.0146352 0.0484461 0.0169823 0.0483251 3.09266e-05 0.00869522
0.0169823 0.0483251 0.0385714 0.0356521 3.56763e-05 0.0113807
0.0385714 0.0356521 0.0429283 0.0469867 6.4639e-05 0.00631532
-0.0323158 -0.00483502 -0.0313376 -0.00471369 9.5143e-05 0.0316741
-0.0325101 -0.00439765 -0.0323158 -0.00483502 0.000369199 0.00126099
-0.0336164 -0.00499634 -0.0323158 -0.00483502 9.62474e-05 0.0450899
-0.0336164 -0.00499634 -0.0330937 -0.00424034 5.10116e-05 0.011144
-0.0391701 -0.00568519 -0.0336164 -0.00499634 9.68751e-05 0.0468219
-0.0391701 -0.00568519 -0.0374684 -0.00306119 6.51239e-05 0.0119349
0.0108513 0.0232368 0.0162766 0.0213483 0.000459784 1.10085
0.0108513 0.0232368 0.0113219 0.0263719 0.000226136 0.459916
0.00740212 0.0244375 0.0108513 0.0232368 0.000475048 1.24943
0.00740212 0.0244375 0.00544336 0.0312887 2.49511e-05 0.000751769
-0.00592698 0.0200308 -0.00179886 0.0249024 0.000448468 0.935532
-0.00179886 0.0249024 0.00367248 0.0235701 0.000205355 0.227504
-0.00179886 0.0249024 -0.000396682 0.0265571 0.000494941 1.18174
-0.00193877 0.027689 -0.000396682 0.0265571 7.48407e-05 0.0215789
-0.0431173 0.0420233 -0.0401716 0.0409978 0.000192714 0.189025
-0.0321437 0.0489277 -0.0313319 0.0492653 3.71823e-05 0.00320069
-0.0321437 0.0489277 -0.0316015 0.0494632 7.84269e-05 0.00714709
-0.0367862 0.0469967 -0.0321437 0.0489277 3.30736e-05 0.00123504
0.0147674 -0.00132426 0.0144284 -0.000138394 2.2337e-05 0.000137968
0.00929331 0.000325885 0.0147674 -0.00132426 0.000275167 0.463076
0.0220085 -0.00743691 0.0253428 -0.00839457 6.80265e-05 0.0366163
0.0220085 -0.00743691 0.0225854 -0.0059362 6.77228e-05 0.0304041
0.0161591 -0.00619204 0.0160235 -0.00571791 2.20458e-05 0.00111934
0.0161591 -0.00619204 0.0216353 -0.00840786 8.84848e-05 0.0471903
0.0176116 -0.0112726 0.0161591 -0.00619204 2.15714e-05 0.00203981
0.0176116 -0.0112726 0.0200584 -0.0125104 3.13691e-05 0.00474639
0.0194753 -0.0140272 0.0242964 -0.0152629 2.35585e-05 0.00279088
0.0194753 -0.0140272 0.0200584 -0.0125104 6.7379e-05 0.0456883
0.0210549 -0.0233163 0.0217653 -0.025801 2.1701e-05 0.00614079
0.0217653 -0.025801 0.0216341 -0.0260669 7.3572e-05 0.0460006
0.0218274 -0.0260184 0.0224787 -0.0282964 2.39544e-05 0.00260641
0.0224787 -0.0282964 0.0263675 -0.0286459 0.000112373 0.181895
0.0227844 -0.0293656 0.0224787 -0.0282964 2.58788e-05 0.00290214
0.0227844 -0.0293656 0.0263675 -0.0286459 0.000131295 0.287996
0.0237512 -0.0316807 0.0361102 -0.0444284 0.000254696 0.169141
0.0237512 -0.0316807 0.0380694 -0.0354037 4.87215e-05 0.0342604
0.0234218 -0.031595 0.0233188 -0.0312346 2.13905e-05 4.41838e-05
0.0234218 -0.031595 0.0237512 -0.0316807 4.77514e-05 0.0113016
0.0273164 -0.0452172 0.0234218 -0.031595 2.14267e-05 0.000418319
0.0273164 -0.0452172 0.0295304 -0.047293 0.000139374 0.0393313
-0.0113401 0.0272257 -0.0107736 0.0270877 0.000167406 0.148526
-0.0113401 0.0272257 -0.00925826 0.030237 6.35822e-05 0.0202213
-0.0158391 0.0283212 -0.0113401 0.0272257 0.000155371 0.125219
-0.0165246 0.0289324 -0.0158391 0.0283212 0.000274816 0.220765
-0.0163121 0.0284364 -0.0158391 0.0283212 0.00027591 0.424861
-0.0163121 0.0284364 -0.0165246 0.0289324 0.000239333 0.00322545
-0.021812 0.0297757 -0.0169423 0.0285899 0.000291951 0.472868
-0.021812 0.0297757 -0.0221296 0.0339296 0.000190797 0.0966978
-0.0431173 0.0420233 -0.0406253 0.0405496 0.00058139 1.29439
-0.0406253 0.0405496 -0.0401716 0.0409978 0.000179994 0.242836
-0.0198871 0.00459629 -0.0191786 0.00439278 7.7275e-05 0.0338553
-0.0198871 0.00459629 -0.0201337 0.00782243 8.42771e-05 0.0122999
-0.0284296 0.00704984 -0.0275275 0.00679075 6.6553e-05 0.0189256
-0.0284296 0.00704984 -0.0265237 0.00526295 0.000135921 0.0545443
-0.0305216 0.00765072 -0.0284296 0.00704984 6.64589e-05 0.0184497
-0.0305216 0.00765072 -0.0299729 0.00849686 6.46374e-05 0.0117331
-0.0304004 0.00953495 -0.0282489 0.0114591 0.000199606 0.1702
-0.0304004 0.00953495 -0.0297207 0.0088857 0.000112434 0.0368395
-0.0307483 0.00922386 -0.0304004 0.00953495 0.000196824 0.160508
-0.0307483 0.00922386 -0.0299729 0.00849686 0.000135945 0.0553608
-0.0205196 0.00281026 -0.0196786 0.00186924 0.000276672 0.0918526
-0.0196786 0.00186924 -0.0198142 0.00364269 8.13751e-05 0.0176687
-0.0196786 0.00186924 -0.015546 -0.00275501 0.000275936 0.090319
-0.015546 -0.00275501 -0.00550027 -0.00150901 0.000104608 0.0890736
-0.0354497 5.1619e-05 -0.0343629 -0.000226973 2.35088e-05 0.007271
-0.0354497 5.1619e-05 -0.0305216 0.00765072 6.37046e-05 0.0104445
0.0474957 0.00801726 0.047993 0.0103078 0.000123606 0.0768877
0.047993 0.0103078 0.05 0.0096092 0.000347333 1.65034
0.047993 0.0103078 0.0485023 0.0126538 0.000129095 0.0523195
0.0485023 0.0126538 0.05 0.0122891 0.00015177 0.321903
-0.0455004 -0.0221862 -0.0409862 -0.0156566 4.93108e-05 0.00652623
-0.0455004 -0.0221862 -0.0419703 -0.0225035 9.83674e-05 0.040719
-0.0429602 -0.03447 -0.0363896 -0.0406218 0.000140054 0.0540896
-0.0429602 -0.03447 -0.0341654 -0.0400639 0.00014002 0.0596352
-0.0480626 -0.0296929 -0.0429602 -0.03447 0.000135176 0.0435589
-0.048906 -0.0306882 -0.0480626 -0.0296929 0.000298409 0.237239
0.00664838 0.0348709 0.00781914 0.0362525 0.000239275 0.162773
0.00425806 0.0405309 0.00781914 0.0362525 2.64316e-05 0.00137549
0.00945447 0.0487133 0.0103954 0.0460197 0.000258099 0.000484333
0.0103954 0.0460197 0.0124794 0.0478835 0.000161201 0.0200398
-0.0161305 0.00798981 -0.00627716 0.00501956 0.000279264 0.449636
-0.00784293 0.00867334 -0.00627716 0.00501956 0.000134159 0.0171966
0.00837422 0.00673381 0.00873655 0.00914773 0.000105171 0.0606275
0.0036393 0.0109552 0.00837422 0.00673381 0.000180872 0.12427
0.00773991 0.00250792 0.00837422 0.00673381 0.000104888 0.0418141
0.00773991 0.00250792 0.0123094 0.00069998 0.000141413 0.11431
0.0138625 0.00184068 0.0147961 0.00100841 0.000178097 0.114944
0.0147961 0.00100841 0.0242566 0.00218183 0.000112578 0.103198
0.0147961 0.00100841 0.017402 -0.00131493 0.000179125 0.11508
0.017402 -0.00131493 0.023443 -0.00370508 0.00013918 0.110156
0.0187637 -0.00252893 0.0233622 -0.00391516 0.000274686 0.456553
0.0233622 -0.00391516 0.023443 -0.00370508 7.6075e-05 0.027433
0.0233622 -0.00391516 0.0259314 -0.00468961 0.000274346 0.455083
0.0259314 -0.00468961 0.0284573 -0.00568901 0.000134051 0.105757
0.025707 0.00218477 0.0260859 0.00110009 0.000272438 0.00330457
0.0254374 0.00148353 0.0260859 0.00110009 0.000257253 0.112509
0.0287646 -0.00656861 0.0290883 -0.00593867 3.84536e-05 0.00313085
0.0290883 -0.00593867 0.0311641 -0.00675996 0.00013356 0.101234
0.0266737 -0.015857 0.0288249 -0.011499 7.37237e-05 0.0899471
0.0284509 -0.0111656 0.0288249 -0.011499 0.000161781 0.12806
0.0297346 -0.00965597 0.0297981 -0.00952739 8.12978e-05 0.0272038
0.0287646 -0.00656861 0.0297981 -0.00952739 0.000304267 0.214453
0.0297981 -0.00952739 0.0311641 -0.00675996 8.32418e-05 0.0155105
0.0311641 -0.00675996 0.0432496 -0.0115417 0.000133022 0.19238
0.0409182 -0.0222809 0.0411596 -0.021169 8.03722e-05 0.030145
0.0411596 -0.021169 0.044282 -0.0203858 0.000109683 0.23286
0.0428417 -0.0134206 0.0421297 -0.0167004 7.79798e-05 0.0257528
0.0428417 -0.0134206 0.05 -0.0154766 7.17606e-05 0.123479
0.0432496 -0.0115417 0.0428417 -0.0134206 7.62508e-05 0.0694814
0.0432496 -0.0115417 0.0497351 -0.0141077 0.000133907 0.497551
0.0202784 -0.0280986 0.0205122 -0.0283397 0.000270206 0.286876
0.0202784 -0.0280986 0.0206162 -0.028129 0.000112073 0.14744
0.0185933 -0.0263604 0.0189592 -0.0267379 0.000270746 0.348205
0.0183164 -0.0268991 0.0185933 -0.0263604 3.62024e-05 0.00109335
0.0170303 -0.0247483 0.0185933 -0.0263604 0.000270902 0.347438
0.0170303 -0.0247483 0.0199569 -0.023707 0.000277144 0.0423577
-0.0433793 -0.0129873 -0.0419318 -0.0146018 4.72116e-05 0.00611013
-0.0433793 -0.0129873 -0.0404352 -0.0148596 2.94229e-05 0.00312477
-0.0436847 -0.0126466 -0.0433793 -0.0129873 4.72496e-05 0.00611337
-0.0436847 -0.0126466 -0.0391701 -0.00568519 6.29171e-05 0.01145
-0.0128852 -0.00573227 -0.00822913 -0.0109423 0.00027688 0.0787198
-0.00822913 -0.0109423 0.0017112 -0.0136216 2.37651e-05 0.00311313
-0.00822913 -0.0109423 -0.00395127 -0.015729 0.000275378 0.0791005
-0.00395127 -0.015729 0.00387979 -0.0232092 0.000101396 0.0198178
-0.00395127 -0.015729 -0.00300402 -0.016789 0.000274269 0.078181
-0.00300402 -0.016789 0.00387531 -0.023239 0.000146465 0.0437003
0.00438304 -0.0198564 0.0051786 -0.0145562 8.77451e-05 0.0320611
0.00438304 -0.0198564 0.0017112 -0.0136216 0.000112467 0.0203671
0.00387979 -0.0232092 0.00438304 -0.0198564 8.84216e-05 0.0420943
0.00387979 -0.0232092 0.00581157 -0.0250544 0.000100484 0.0264595
0.00387531 -0.023239 0.00387979 -0.0232092 8.8954e-05 0.0491416
0.00387531 -0.023239 0.00581157 -0.0250544 0.000152336 0.0628395
0.00741981 -0.0269428 0.0078269 -0.0269794 0.000104096 0.0781046
0.00741981 -0.0269428 0.00716424 -0.0263465 0.000111172 0.00940429
0.00239031 -0.00964781 0.00544276 -0.0127963 0.000254843 0.0200493
0.00239031 -0.00964781 0.00578474 -0.0105179 2.4152e-05 0.00280302
-0.00397527 -0.000351996 -0.00358144 -0.00127101 0.000114541 0.00309001
-0.00358144 -0.00127101 -0.00243879 -0.00112928 9.99963e-05 0.0689211
-0.0202296 -0.0380054 -0.0167256 -0.0367587 0.000310628 0.312038
-0.0202296 -0.0380054 -0.0166847 -0.0372934 0.000123759 0.0500827
-0.0207753 -0.0381995 -0.0202296 -0.0380054 0.000307289 0.302589
-0.0207753 -0.0381995 -0.0162276 -0.043272 5.12387e-05 0.00410513
-0.0208395 -0.0381279 -0.0202296 -0.0380054 0.000141963 0.071451
-0.0208395 -0.0381279 -0.0207753 -0.0381995 6.11945e-05 0.013608
0.00337395 -0.0265792 0.00340241 -0.0263896 9.8226e-05 0.002676
0.00337395 -0.0265792 0.0045319 -0.0266833 0.000109869 0.0202555
0.00273943 -0.0308065 0.0028938 -0.0297781 9.37055e-05 0.00426018
0.00273943 -0.0308065 0.00846053 -0.0293714 0.000105757 0.0392467
0.00233931 -0.0334722 0.00273943 -0.0308065 8.91001e-05 0.00317445
0.00233931 -0.0334722 0.00959347 -0.0320152 0.000119764 0.049512
-0.0102404 -0.0340624 -0.00984838 -0.0343117 3.29757e-05 0.00433433
-0.0102404 -0.0340624 -0.00653594 -0.0331332 0.00010899 0.0417702
-0.0172736 -0.0295896 -0.0102404 -0.0340624 3.00812e-05 0.00295636
-0.0176482 -0.0246896 -0.0172736 -0.0295896 8.08164e-05 0.00333739
-0.0261544 -0.0187042 -0.0237386 -0.0241422 0.000364567 5.44021e-05
-0.0237386 -0.0241422 -0.0176482 -0.0246896 0.000116799 0.0467127
-0.0419703 -0.0225035 -0.0385093 -0.0184192 0.000281489 0.23549
-0.0385093 -0.0184192 -0.0342233 -0.0231998 5.26326e-05 0.00250819
-0.0364765 -0.0160203 -0.0261544 -0.0187042 5.41867e-05 0.00783003
-0.0372237 -0.016902 -0.0364765 -0.0160203 0.000280646 0.236805
-0.0346169 0.0135625 -0.0304004 0.00953495 0.00012317 0.0529592
-0.0357353 0.0138996 -0.0346169 0.0135625 0.000309083 0.469067
-0.0267553 0.0111722 -0.023382 0.00980732 0.000108525 0.0595282
-0.0267553 0.0111722 -0.023557 0.00955423 3.94342e-05 0.00720057
-0.0286934 0.0119564 -0.0280045 0.0116777 0.000100274 0.0532923
-0.0290135 0.0123146 -0.0286934 0.0119564 0.000296495 0.294438
-0.0268552 0.0112228 -0.0267553 0.0111722 4.04764e-05 0.00738914
-0.0269532 0.0112523 -0.0268552 0.0112228 0.000300689 0.493076
-0.0278717 0.011737 -0.0268552 0.0112228 3.76273e-05 0.00669328
-0.0278717 0.011737 -0.0277797 0.0118787 7.49964e-05 0.0268346
-0.0279142 0.0117585 -0.0278717 0.011737 3.70508e-05 0.0063316
-0.0279142 0.0117585 -0.0277797 0.0118787 0.000195339 0.217
-0.0290135 0.0123146 -0.0279142 0.0117585 3.85308e-05 0.00752017
-0.0355598 0.0196396 -0.0290135 0.0123146 0.000296793 0.294633
-0.0206601 0.0137445 -0.0205842 0.0137145 0.000136617 0.0990074
-0.0206601 0.0137445 -0.0205938 0.0138404 5.79153e-05 0.0169672
-0.025363 0.0156052 -0.0241497 0.0151252 0.000138973 0.109501
-0.025363 0.0156052 -0.0223923 0.0201861 7.45034e-05 0.0269288
-0.0355598 0.0196396 -0.025363 0.0156052 0.000140426 0.109069
-0.0423835 0.0272751 -0.0355598 0.0196396 0.00030495 0.312656
-0.0357353 0.0138996 -0.0307483 0.00922386 0.000182317 0.117481
-0.05 0.0181997 -0.0357353 0.0138996 0.00031995 0.492257
-0.0246774 0.0479573 -0.0231368 0.0471047 0.000112382 0.02294
-0.00974227 0.0396923 -0.00466419 0.0368821 0.000108486 0.0358201
-0.00466419 0.0368821 -0.00126987 0.0417919 5.31909e-05 0.0164669
-0.00167286 0.0352268 0.00419724 0.0319783 0.00010794 0.047315
-7.21369e-06 0.0270167 0.00419724 0.0319783 0.000293205 0.394983
0.00419724 0.0319783 0.00544336 0.0312887 0.000143882 0.307431
0.00498158 0.0329039 0.00544336 0.0312887 2.65935e-05 0.00701178
0.00770911 0.0300349 0.0113219 0.0263719 0.000700294 0.0642473
0.0115525 0.027908 0.0113219 0.0263719 0.000122918 0.0170709
-0.0103577 0.0497353 -0.00346 0.0493795 3.09266e-05 0.000118417
-0.00346 0.0493795 -0.00330532 0.049618 6.2024e-05 0.000353017
-0.00309095 0.0493605 0.000327051 0.0491842 3.09681e-05 0.00138614
-0.0316015 0.0494632 -0.0313319 0.0492653 5.46281e-05 0.0102607
-0.0224412 0.042739 -0.0124993 0.035441 5.21498e-05 0.00685694
-0.0124993 0.035441 -0.00974227 0.0396923 7.26807e-05 0.0293642
-0.000396682 0.0265571 0.00367248 0.0235701 0.000110344 0.0479948
0.00367248 0.0235701 0.00794775 0.022529 0.000205615 0.238896
0.00794775 0.022529 0.00740212 0.0244375 2.42124e-05 0.000112058
0.00794775 0.022529 0.0106464 0.0218719 0.000204367 0.24017
0.015165 0.0274268 0.0175072 0.0246126 3.17685e-05 0.00382317
0.0115525 0.027908 0.0175072 0.0246126 0.000142316 0.055385
0.0218346 0.0194136 0.0243782 0.0185281 0.000284469 0.659064
0.0181373 0.0238556 0.0218346 0.0194136 3.13182e-05 0.0046497
0.0221123 0.0190799 0.0243782 0.0185281 0.000350856 1.05286
0.0218346 0.0194136 0.0221123 0.0190799 3.86198e-05 0.00677121
0.0232593 0.00919225 0.0256937 0.00740522 8.95643e-05 0.0181917
0.0256937 0.00740522 0.0282438 0.00878432 0.000637815 0.502732
0.0256937 0.00740522 0.0272691 0.00624878 7.92987e-05 0.0279656
0.0282438 0.00878432 0.0272691 0.00624878 9.73527e-05 0.0178229
0.0272691 0.00624878 0.0315732 0.00308933 7.2029e-05 0.0556243
0.0315732 0.00308933 0.0338746 0.00337478 0.000123137 0.166647
0.0311627 -0.00190211 0.0325092 0.000717867 3.64913e-05 0.0277273
0.0325092 0.000717867 0.0345057 9.88431e-06 0.000143313 0.209089
0.0330199 -0.00300032 0.0345057 9.88431e-06 8.30352e-05 0.161878
0.0345057 9.88431e-06 0.0369482 -0.000856241 0.000143369 0.281232
0.0299248 0.00969347 0.0343745 0.00434743 3.7869e-05 0.0172804
0.0343745 0.00434743 0.0338746 0.00337478 4.22534e-05 0.00275196
0.0350615 0.00352199 0.0358009 0.00263369 3.43137e-05 0.00816106
0.0348415 0.000690202 0.0358009 0.00263369 8.40083e-05 0.0380523
-0.0353736 0.0457372 -0.0235794 0.0352221 0.000166549 0.0385395
-0.0235794 0.0352221 -0.0221915 0.034739 0.000239937 0.270628
-0.0221915 0.034739 -0.0228246 0.0430204 9.0283e-05 0.024575
-0.0221915 0.034739 -0.0184557 0.0334386 0.000239189 0.268438
-0.0146557 0.0321158 -0.00925826 0.030237 0.000239444 0.26634
-0.0146557 0.0321158 -0.0124993 0.035441 7.67927e-05 0.0306466
0.0225854 -0.0059362 0.0253428 -0.00839457 0.00016947 0.13053
0.0253428 -0.00839457 0.0275068 -0.0090161 7.51798e-05 0.0380919
0.0207342 -0.0221945 0.0222895 -0.0191682 3.37365e-05 0.0142281
0.0247164 -0.0198224 0.0222895 -0.0191682 2.29373e-05 0.000949553
0.0245446 -0.01478 0.0267548 -0.0104793 3.35162e-05 0.0162796
0.0267548 -0.0104793 0.0284509 -0.0111656 8.71498e-05 0.059088
0.0297981 -0.00952739 0.0298551 -0.00969057 0.000303318 0.218159
0.0298551 -0.00969057 0.0428417 -0.0134206 7.61029e-05 0.0732051
0.0298551 -0.00969057 0.0306862 -0.0120701 0.000302731 0.210648
0.0306862 -0.0120701 0.0421297 -0.0167004 9.966e-05 0.144182
0.0312384 -0.0136508 0.0365775 -0.0184109 0.000170521 0.349058
0.0365775 -0.0184109 0.0414853 -0.0196689 2.60449e-05 0.0109078
0.0401368 -0.0258803 0.0405268 -0.0240839 7.98218e-05 0.0614854
0.0405268 -0.0240839 0.0439864 -0.0250164 2.4675e-05 0.0127929
0.0405268 -0.0240839 0.0407652 -0.0229858 7.96703e-05 0.0608582
0.0407652 -0.0229858 0.0429468 -0.0240894 3.41993e-05 0.0214883
0.0456829 -0.0254736 0.05 -0.0276576 3.3982e-05 0.0214802
0.0456829 -0.0254736 0.05 -0.0266372 2.44727e-05 0.0120547
0.0446821 -0.0249673 0.0456829 -0.0254736 3.4243e-05 0.0214171
0.0446821 -0.0249673 0.05 -0.0238991 0.00012077 0.297066
0.0352305 -0.0226563 0.0405268 -0.0240839 2.33145e-05 0.0109969
0.0352305 -0.0226563 0.0384951 -0.0218374 0.000100768 0.231994
0.0325395 -0.0173759 0.0331542 -0.0191354 0.00026796 0.0783455
0.0331542 -0.0191354 0.0384951 -0.0218374 3.20543e-05 0.0170836
0.00784604 -0.0152752 0.0179489 -0.0179983 2.24324e-05 0.0028352
0.00784604 -0.0152752 0.0158301 -0.0235104 0.000241316 0.0127238
0.00689861 -0.00309706 0.00699088 -0.00248235 8.83703e-05 0.0495017
0.00689861 -0.00309706 0.0124523 -0.00469219 6.92243e-05 0.0316111
0.00544276 -0.0127963 0.00578474 -0.0105179 8.9559e-05 0.0539085
0.00544276 -0.0127963 0.00784604 -0.0152752 0.000243416 0.0127217
0.0234044 -0.0224804 0.0217653 -0.025801 7.37179e-05 0.0475684
0.0207342 -0.0221945 0.0196669 -0.0184613 2.17093e-05 0.00450005
0.0199569 -0.023707 0.0207342 -0.0221945 3.37724e-05 0.0123631
0.0150887 -0.0254391 0.0170303 -0.0247483 0.000305281 0.341898
0.0150887 -0.0254391 0.0158301 -0.0235104 7.29609e-05 0.0190381
0.00866106 -0.0277261 0.0101681 -0.0271899 0.000306049 0.347156
0.00866106 -0.0277261 0.0087066 -0.0277688 0.000150514 0.0613782
0.00863331 -0.0277497 0.00994201 -0.0289998 0.000105365 0.0303758
0.00863331 -0.0277497 0.0087066 -0.0277688 5.22361e-05 0.0099547
0.0141232 -0.0279509 0.0153135 -0.0276524 0.000106872 0.0529437
0.0141232 -0.0279509 0.0142739 -0.0275589 7.22236e-05 0.00837417
0.0100032 -0.0289844 0.0117229 -0.0285531 0.000108485 0.0505415
0.0100032 -0.0289844 0.012593 -0.0314127 0.000148652 0.0582598
0.00994201 -0.0289998 0.0100032 -0.0289844 0.000115008 0.0428287
0.00994201 -0.0289998 0.0124898 -0.0314334 0.000102805 0.0274184
0.00846053 -0.0293714 0.00959347 -0.0320152 0.000114281 0.0171013
0.00959347 -0.0320152 0.0124898 -0.0314334 0.000119393 0.053597
0.0136947 -0.0290658 0.0141232 -0.0279509 7.22824e-05 0.0112579
0.0136947 -0.0290658 0.0167894 -0.0298705 5.02589e-05 0.0118847
0.0127397 -0.0315502 0.0128093 -0.0313692 6.93375e-05 0.0151199
0.0127397 -0.0315502 0.01489 -0.0335663 0.000142395 0.0432826
0.0127054 -0.0316394 0.0127397 -0.0315502 7.07432e-05 0.0110631
0.0127054 -0.0316394 0.014835 -0.0336735 9.96779e-05 0.020789
-0.0194662 -0.000909324 -0.0196786 0.00186924 8.306e-05 0.0114009
-0.0194662 -0.000909324 -0.0173055 -0.00297324 0.000109316 0.0170205
-0.0194296 -0.00138849 -0.0194662 -0.000909324 8.78864e-05 0.0115046
-0.0194296 -0.00138849 -0.0176886 -0.00302077 0.000159793 0.036886
-0.0173055 -0.00297324 -0.015546 -0.00275501 0.000112548 0.0550567
-0.0173055 -0.00297324 -0.0149788 -0.00519563 0.000111804 0.0152723
-0.0176886 -0.00302077 -0.0173055 -0.00297324 0.000115251 0.0524367
-0.0176886 -0.00302077 -0.0155158 -0.00505798 0.000154201 0.0315879
-0.0149788 -0.00519563 -0.0128852 -0.00573227 2.64727e-05 0.00253567
-0.0149788 -0.00519563 -0.0092509 -0.0106669 0.00010772 0.0156932
-0.0155158 -0.00505798 -0.0149788 -0.00519563 2.64606e-05 0.0018926
-0.0155158 -0.00505798 -0.00964767 -0.0105599 0.000151689 0.0320087
-0.0364765 -0.0160203 -0.0304868 -0.00895197 0.000278579 0.238412
-0.0323158 -0.00483502 -0.0304868 -0.00895197 0.000372405 0.00481134
-0.0215804 -0.00350347 -0.0192896 -0.00321934 0.000114702 0.0473358
-0.0215804 -0.00350347 -0.0192217 -0.00410808 2.77089e-05 0.00224792
-0.0132999 0.0243908 -0.0125871 0.0254219 6.67286e-05 0.0217433
-0.0135945 0.024565 -0.0132999 0.0243908 0.000326137 0.490731
-0.0140892 0.0232492 -0.0132999 0.0243908 5.98125e-05 0.0194798
-0.0143597 0.0238806 -0.0140892 0.0232492 0.000128263 0.0111678
-0.0110535 0.0161654 -0.00963023 0.0156607 0.000146403 0.120424
-0.0140892 0.0232492 -0.0110535 0.0161654 0.000116667 0.0109429
-0.0231712 0.0101122 -0.0206601 0.0137445 6.18317e-05 0.0190484
-0.0268552 0.0112228 -0.0231712 0.0101122 0.000300771 0.492784
-0.023382 0.00980732 -0.0231712 0.0101122 6.72067e-05 0.0251504
-0.023382 0.00980732 -0.0201866 0.00851437 0.000105455 0.0563441
-0.023557 0.00955423 -0.023382 0.00980732 5.85549e-05 0.0200105
-0.023557 0.00955423 -0.0201337 0.00782243 3.5237e-05 0.00581848
-0.0282489 0.0114591 -0.0281347 0.0113313 0.00029869 0.230223
-0.0281347 0.0113313 -0.0279844 0.0115631 7.47212e-05 0.0270604
-0.0217903 0.00131067 -0.0194662 -0.000909324 0.000109249 0.0164438
-0.0220197 0.00104 -0.0217903 0.00131067 0.000262872 0.255658
-0.0265237 0.00526295 -0.0262868 0.00560566 5.01957e-05 0.00783454
-0.0265237 0.00526295 -0.0220197 0.00104 0.000135563 0.053738
-0.0251044 -0.00260018 -0.0215804 -0.00350347 2.47923e-05 0.00172545
-0.0263736 -0.00409799 -0.0251044 -0.00260018 0.000271785 0.2424
0.027312 0.0025608 0.0325092 0.000717867 0.000143806 0.203074
0.027312 0.0025608 0.0315732 0.00308933 0.000121564 0.153918
0.0297346 -0.00965597 0.0298551 -0.00969057 7.35081e-05 0.0431144
0.0288998 -0.0113472 0.0297346 -0.00965597 8.12273e-05 0.0303077
0.0380694 -0.0354037 0.0392844 -0.029807 7.63636e-05 0.0868937
0.0392844 -0.029807 0.0441759 -0.0302466 0.000115972 0.290919
-0.0168058 -0.0357093 -0.0102404 -0.0340624 0.000110514 0.0416829
-0.0172736 -0.0295896 -0.0168058 -0.0357093 7.42734e-05 0.00370959
-0.0363896 -0.0406218 -0.0341654 -0.0400639 0.000132616 0.0527897
-0.0363896 -0.0406218 -0.035836 -0.0411401 0.000114808 0.037832
0.0120432 0.0311774 0.0119076 0.030274 8.45314e-05 0.00118413
0.00664838 0.0348709 0.0119076 0.030274 0.000228364 0.242686
-0.00580815 0.0457587 -0.00126987 0.0417919 0.000175812 0.0126755
-0.00126987 0.0417919 0.000762129 0.0447311 5.03951e-05 0.00249396
0.00425806 0.0405309 0.0103954 0.0460197 0.000164719 0.0876719
0.00203864 0.0431975 0.00425806 0.0405309 2.64432e-05 0.00109981
0.00309769 0.0394932 0.00425806 0.0405309 0.000164822 0.0876613
0.00203864 0.0431975 0.00309769 0.0394932 2.13905e-05 5.14811e-05
0.00223883 0.0387251 0.00367658 0.0374684 0.000193501 0.0923294
0.00309769 0.0394932 0.00367658 0.0374684 2.13905e-05 0.000215825
0.00419724 0.0319783 0.00498158 0.0329039 0.000274581 0.279276
0.00367658 0.0374684 0.00498158 0.0329039 2.13905e-05 2.77572e-05
0.00781914 0.0362525 0.0120432 0.0311774 2.77153e-05 0.00316516
0.0131062 0.0382591 0.0120432 0.0311774 8.40161e-05 0.0009411
0.0120593 0.0412562 0.0131062 0.0382591 0.000276704 0.181536
0.0131062 0.0382591 0.0142945 0.0461761 8.72331e-05 0.00386836
0.0313775 0.0169369 0.0317427 0.0167348 0.00010417 0.115747
0.0317427 0.0167348 0.0397398 0.0147875 0.00013215 0.228473
0.0358009 0.00263369 0.0363161 0.00367761 8.45056e-05 0.0379572
0.0363161 0.00367761 0.0415878 0.00433147 0.000119591 0.202206
0.0045319 -0.0266833 0.00765677 -0.0274958 5.44043e-05 0.0205662
0.0045319 -0.0266833 0.00595249 -0.026811 0.000104031 0.0125423
0.0028938 -0.0297781 0.00787526 -0.0280057 0.000308642 0.32616
0.00337395 -0.0265792 0.0028938 -0.0297781 9.41999e-05 0.0228219
-0.00984838 -0.0343117 -0.00653594 -0.0331332 0.000309699 0.315894
-0.00984838 -0.0343117 -0.00792624 -0.0355342 3.28895e-05 0.00299802
-0.00792624 -0.0355342 0.00233931 -0.0334722 0.000120867 0.051403
-0.00792624 -0.0355342 0.00116224 -0.0413141 3.02877e-05 0.00313832
0.0313377 0.0168335 0.0317427 0.0167348 0.000146039 0.281695
0.0313377 0.0168335 0.0313775 0.0169369 7.2124e-05 0.0494833
-0.00592698 0.0200308 0.00904148 0.0111793 0.000304138 0.528662
0.00978205 0.0161131 0.00904148 0.0111793 9.46454e-05 0.000445567
-0.0158391 0.0283212 -0.0126117 0.0254439 0.000371342 0.426662
-0.0126117 0.0254439 -0.0125074 0.0255371 0.000365833 0.739776
-0.00774825 0.0211078 -0.0061909 0.0197194 0.000194345 0.139307
-0.00963023 0.0156607 -0.0061909 0.0197194 0.000277875 0.442064
-0.0217903 0.00131067 -0.0205196 0.00281026 0.000261259 0.261069
-0.0228853 0.00545744 -0.0205196 0.00281026 0.000296752 0.225735
-0.0205196 0.00281026 -0.0198142 0.00364269 0.000267476 0.410433
-0.0198142 0.00364269 -0.0198871 0.00459629 8.87727e-05 0.0130137
-0.00416004 7.91886e-05 -0.00070239 -0.000913913 7.32084e-05 0.0303822
-0.00517119 0.00243874 -0.00416004 7.91886e-05 0.000111904 0.0012068
-0.00570439 0.000522754 -0.00416004 7.91886e-05 7.40453e-05 0.0329656
-0.00570439 0.000522754 -0.00397527 -0.000351996 3.52175e-05 0.00624423
-0.017431 0.00645512 -0.0168351 0.00715826 0.000265587 0.415024
-0.0168351 0.00715826 -0.00517119 0.00243874 9.93328e-05 0.0513443
-0.0231712 0.0101122 -0.0202413 0.009229 0.000300265 0.495321
-0.0202413 0.009229 -0.0205842 0.0137145 9.05271e-05 0.0102394
-0.0161305 0.00798981 -0.0136158 0.0109574 0.000286961 0.46813
-0.0136158 0.0109574 -0.00784293 0.00867334 0.000149371 0.120107
-0.0135945 0.024565 -0.0126117 0.0254439 0.000428483 1.05512
-0.0150123 0.0254034 -0.0135945 0.024565 0.000504653 1.11041
-0.0143597 0.0238806 -0.0135945 0.024565 0.000202055 0.25622
-0.0150123 0.0254034 -0.0143597 0.0238806 0.00021341 0.020346
-0.0212174 0.0219977 -0.0217839 0.0294078 9.10233e-05 0.0163555
-0.0212174 0.0219977 -0.017901 0.0271116 7.55246e-05 0.0317583
0.0408212 0.0128043 0.047993 0.0103078 0.000347775 1.64034
0.0403972 0.0119455 0.0408212 0.0128043 0.000120046 0.214893
0.00371968 0.0490092 0.00945447 0.0487133 3.09634e-05 0.00492976
0.0117214 0.0485964 0.0124794 0.0478835 7.21898e-05 0.000280835
0.0124794 0.0478835 0.0131918 0.0485206 0.000161201 0.00843924
0.0145618 0.0497459 0.0148086 0.049601 3.56763e-05 0.0329097
0.0148086 0.049601 0.0146352 0.0484461 8.30702e-05 0.00916387
0.0131918 0.0485206 0.0146352 0.0484461 3.09266e-05 0.0062624
-0.0061909 0.0197194 -0.00592698 0.0200308 0.000280139 0.446664
-0.00774825 0.0211078 -0.00592698 0.0200308 0.000458204 0.993476
-0.00642169 0.0309798 -0.00193877 0.027689 5.51337e-05 0.0114068
-0.00193877 0.027689 -7.21369e-06 0.0270167 0.000295905 0.433094
-0.0401716 0.0409978 -0.0235794 0.0352221 0.000246719 0.31059
-0.0401716 0.0409978 -0.0353736 0.0457372 7.04298e-05 0.0498084
0.0144284 -0.000138394 0.0141243 0.000925088 2.19473e-05 0.000339637
0.0144284 -0.000138394 0.017402 -0.00131493 0.000135165 0.105678
0.00749381 0.000868339 0.00929331 0.000325885 0.000277392 0.46511
0.00929331 0.000325885 0.0123094 0.00069998 0.000110625 0.0893707
0.0225854 -0.0059362 0.0233622 -0.00391516 7.614e-05 0.020072
0.0187637 -0.00252893 0.0225854 -0.0059362 0.000172421 0.125217
0.0216353 -0.00840786 0.0267548 -0.0104793 8.7531e-05 0.0565095
0.0216353 -0.00840786 0.0220085 -0.00743691 6.762e-05 0.0347673
0.0267349 -0.015888 0.0331542 -0.0191354 3.17571e-05 0.0148279
0.0267349 -0.015888 0.0325395 -0.0173759 2.30497e-05 0.00919747
0.0200584 -0.0125104 0.0245446 -0.01478 3.20054e-05 0.00330107
0.0200584 -0.0125104 0.0216353 -0.00840786 6.70367e-05 0.0465666
0.026667 -0.0158706 0.0267349 -0.015888 2.31598e-05 0.00956954
0.0247164 -0.0198224 0.026667 -0.0158706 7.37293e-05 0.0971587
0.0242964 -0.0152629 0.026667 -0.0158706 2.29688e-05 0.00293083
0.0222895 -0.0191682 0.0242964 -0.0152629 3.36231e-05 0.0156118
0.0197 -0.0299852 0.0205122 -0.0283397 7.94853e-05 0.0165023
0.0205122 -0.0283397 0.021715 -0.0295804 0.000268039 0.268891
0.0205122 -0.0283397 0.0206162 -0.028129 8.41747e-05 0.0802382
0.0206162 -0.028129 0.0224787 -0.0282964 0.000112246 0.180877
0.0206162 -0.028129 0.0216341 -0.0260669 8.07161e-05 0.0368627
0.0216341 -0.0260669 0.0218274 -0.0260184 0.00010637 0.174405
0.0217653 -0.025801 0.0218274 -0.0260184 2.17783e-05 0.0117343
0.0218274 -0.0260184 0.0344522 -0.0228515 0.0001057 0.177337
0.0263675 -0.0286459 0.0392844 -0.029807 0.000120768 0.255671
0.0263675 -0.0286459 0.0358135 -0.0267486 0.000122725 0.223065
0.0361102 -0.0444284 0.0369058 -0.045249 0.000253276 0.142556
0.0358697 -0.0455362 0.0361102 -0.0444284 7.5725e-05 0.0204701
0.0380694 -0.0354037 0.0446417 -0.0371126 5.01575e-05 0.0709249
0.0361102 -0.0444284 0.0380694 -0.0354037 7.7789e-05 0.109575
-0.0107736 0.0270877 -0.00179886 0.0249024 0.000339871 0.623935
-0.0107736 0.0270877 -0.0078143 0.0297343 0.000257034 0.37182
-0.00925826 0.030237 -0.0079627 0.0321109 6.06193e-05 0.0165269
-0.00925826 0.030237 -0.0078143 0.0297343 0.000239615 0.267335
-0.0169423 0.0285899 -0.0163121 0.0284364 0.000276028 0.445303
-0.0169423 0.0285899 -0.0166485 0.0290429 0.000165766 0.170388
-0.0201866 0.00851437 -0.0202413 0.009229 9.15816e-05 0.0165316
-0.0201866 0.00851437 -0.0168351 0.00715826 0.000101983 0.0535674
-0.0201337 0.00782243 -0.0201866 0.00851437 8.24254e-05 0.0125595
-0.0201337 0.00782243 -0.017431 0.00645512 3.50811e-05 0.00588368
-0.0297207 0.0088857 -0.0281347 0.0113313 7.60116e-05 0.0198895
-0.0297207 0.0088857 -0.0275275 0.00679075 0.000106196 0.0326513
-0.0299729 0.00849686 -0.0297207 0.0088857 6.38738e-05 0.0131081
-0.0299729 0.00849686 -0.0284296 0.00704984 0.000136024 0.0547489
-0.0280045 0.0116777 -0.0279142 0.0117585 0.000194941 0.217161
-0.0280045 0.0116777 -0.0279297 0.0116474 0.00010125 0.051352
-0.0280952 0.0115966 -0.0280045 0.0116777 0.000195174 0.216161
-0.0284738 0.0117107 -0.0280952 0.0115966 0.000284889 0.44016
-0.0282489 0.0114591 -0.0280952 0.0115966 0.000228112 0.290684
-0.0284738 0.0117107 -0.0282489 0.0114591 0.000325179 0.310908
-0.0419703 -0.0225035 -0.0342233 -0.0231998 0.000126812 0.0449168
-0.0480626 -0.0296929 -0.0419703 -0.0225035 0.000290192 0.234254
-0.0341654 -0.0400639 -0.0332804 -0.0406268 0.000146882 0.0689767
-0.0341654 -0.0400639 -0.0218692 -0.0369794 0.000117169 0.0445458
-0.0104318 0.0147147 -0.00784293 0.00867334 0.00012954 0.013333
-0.00784293 0.00867334 0.00773991 0.00250792 0.000145483 0.119329
0.0123094 0.00069998 0.0144284 -0.000138394 0.000135416 0.105514
0.0123094 0.00069998 0.0141243 0.000925088 0.000115694 0.101676
0.00837422 0.00673381 0.0138625 0.00184068 0.000178687 0.11465
0.0138625 0.00184068 0.0121161 0.00794934 2.31355e-05 0.0011032
0.0257784 0.00237058 0.027312 0.0025608 9.61027e-05 0.102924
0.0257784 0.00237058 0.0260267 0.00301657 6.67384e-05 0.0275216
0.0256477 0.00235438 0.0257784 0.00237058 9.54748e-05 0.0989883
0.0253302 0.00326358 0.0256477 0.00235438 0.000269789 0.0375808
0.0242566 0.00218183 0.0256477 0.00235438 9.25934e-05 0.0209359
0.0203295 0.00450413 0.0242566 0.00218183 0.000237403 0.0723535
0.023443 -0.00370508 0.0259314 -0.00468961 0.000137678 0.107357
0.023443 -0.00370508 0.0254374 0.00148353 7.84394e-05 0.0336293
0.0256477 0.00235438 0.025707 0.00218477 0.000260655 0.0100767
0.025707 0.00218477 0.0257784 0.00237058 6.86154e-05 0.0331866
0.0242566 0.00218183 0.0254374 0.00148353 0.000255071 0.105289
0.0254374 0.00148353 0.025707 0.00218477 6.95599e-05 0.0079193
0.026667 -0.0158706 0.0266737 -0.015857 7.36933e-05 0.0951122
0.0266737 -0.015857 0.0267349 -0.015888 3.17801e-05 0.0145141
0.0270459 -0.00991294 0.0284509 -0.0111656 0.000166396 0.131223
0.0284509 -0.0111656 0.0288998 -0.0113472 9.56638e-05 0.0655077
0.0485758 -0.0193087 0.05 -0.0189514 0.000110467 0.241182
0.0485758 -0.0193087 0.05 -0.0198849 9.61795e-05 0.174727
0.044282 -0.0203858 0.0485758 -0.0193087 0.000109758 0.233069
0.044282 -0.0203858 0.05 -0.0218515 2.51554e-05 0.0122931
0.0414853 -0.0196689 0.0421297 -0.0167004 8.15344e-05 0.0182647
0.0421297 -0.0167004 0.0485758 -0.0193087 9.71857e-05 0.183839
0.0189592 -0.0267379 0.0202784 -0.0280986 0.000269925 0.323858
0.0189592 -0.0267379 0.0216341 -0.0260669 0.000109778 0.111057
0.0167894 -0.0298705 0.0178138 -0.0278771 3.58249e-05 0.00331351
0.0178138 -0.0278771 0.0202784 -0.0280986 0.000108909 0.0608065
0.0178138 -0.0278771 0.0183164 -0.0268991 3.69188e-05 0.00156028
0.0183164 -0.0268991 0.0189592 -0.0267379 0.000105588 0.050514
0.0199569 -0.023707 0.0210549 -0.0233163 0.000276968 0.0404651
0.0199569 -0.023707 0.0185933 -0.0263604 3.36703e-05 0.00338881
0.00581157 -0.0250544 0.00716424 -0.0263465 0.000107372 0.0306185
0.00581157 -0.0250544 0.00714719 -0.0263067 0.000148479 0.0602367
0.0101681 -0.0271899 0.0142739 -0.0275589 0.000109448 0.0529986
0.0101681 -0.0271899 0.0150887 -0.0254391 0.000305211 0.345917
0.0078269 -0.0269794 0.00786874 -0.0269832 0.00010439 0.0709871
0.0078269 -0.0269794 0.00862282 -0.0277397 9.92499e-05 0.0361716
0.00716424 -0.0263465 0.00714719 -0.0263067 0.000122043 0.0119878
0.00716424 -0.0263465 0.0078269 -0.0269794 0.000102358 0.0280389
0.00578474 -0.0105179 0.018314 -0.0137295 2.3222e-05 0.00325902
0.00578474 -0.0105179 0.00651414 -0.00565849 8.93426e-05 0.0539498
-0.00416004 7.91886e-05 -0.00397527 -0.000351996 0.000120245 0.00292543
-0.00397527 -0.000351996 -0.00243879 -0.00112928 3.57996e-05 0.00608219
0.00737671 8.81628e-05 0.00929331 0.000325885 0.000101242 0.0819012
0.00737671 8.81628e-05 0.00749381 0.000868339 9.3212e-05 0.0448207
-0.00070239 -0.000913913 0.00221908 -0.000551554 0.000101217 0.0735222
-0.00070239 -0.000913913 0.00689861 -0.00309706 6.90515e-05 0.0256547
-0.00243879 -0.00112928 -0.00070239 -0.000913913 0.000100279 0.0696951
-0.00243879 -0.00112928 0.00651414 -0.00565849 3.19575e-05 0.00377518
-0.00653594 -0.0331332 0.00273943 -0.0308065 0.000107709 0.0396157
-0.00653594 -0.0331332 0.0028938 -0.0297781 0.000309395 0.317128
-0.0176482 -0.0246896 -0.0179426 -0.0208395 8.5079e-05 0.0064427
-0.0176482 -0.0246896 0.00337395 -0.0265792 0.000112907 0.041079
-0.0261544 -0.0187042 -0.0304868 -0.00895197 0.000368054 0.000303006
-0.0261544 -0.0187042 -0.0179426 -0.0208395 4.67164e-05 0.00627035
-0.0342233 -0.0231998 -0.0218692 -0.0369794 5.39289e-05 0.00653277
-0.0342233 -0.0231998 -0.0261849 -0.0239223 0.000122163 0.044823
-0.0280952 0.0115966 -0.0279844 0.0115631 0.000301848 0.495335
-0.0279844 0.0115631 -0.0279297 0.0116474 8.23501e-05 0.0314148
-0.0279844 0.0115631 -0.0269532 0.0112523 0.000302419 0.492532
-0.0269532 0.0112523 -0.0267553 0.0111722 0.000108976 0.0591431
-0.0277797 0.0118787 -0.025363 0.0156052 7.44643e-05 0.0256222
-0.0277797 0.0118787 -0.0241497 0.0151252 0.000194974 0.217944
-0.0205842 0.0137145 -0.0136158 0.0109574 0.000136592 0.0999548
-0.0205842 0.0137145 -0.0205938 0.0138404 8.64127e-05 0.00925847
-0.0205938 0.0138404 -0.0174246 0.0184246 5.75619e-05 0.0172342
-0.0205938 0.0138404 -0.0209133 0.0180196 8.39933e-05 0.00941358
-0.0241497 0.0151252 -0.0206601 0.0137445 0.000136619 0.0975777
-0.0241497 0.0151252 -0.0209133 0.0180196 0.000195471 0.227041
-0.0231368 0.0471047 -0.00974227 0.0396923 0.000108239 0.0373008
-0.00974227 0.0396923 -0.00580815 0.0457587 6.91718e-05 0.0330431
-0.00466419 0.0368821 -0.00167286 0.0352268 0.000107367 0.035871
-0.00167286 0.0352268 0.00223883 0.0387251 0.000179181 0.163741
0.0282438 0.00878432 0.0299248 0.00969347 0.000636555 0.496309
0.0282438 0.00878432 0.0290139 0.0107879 9.937e-05 0.0300608
0.0338746 0.00337478 0.0350615 0.00352199 0.000122384 0.171967
0.0331377 0.0019409 0.0338746 0.00337478 4.20751e-05 0.00973069
0.0299248 0.00969347 0.0290139 0.0107879 3.93973e-05 0.00457123
0.0299248 0.00969347 0.0333401 0.0115405 0.000635275 0.495995
0.0343745 0.00434743 0.0350615 0.00352199 3.42198e-05 0.0168111
0.0350615 0.00352199 0.0363161 0.00367761 0.000123864 0.172297
-0.0367862 0.0469967 -0.0353736 0.0457372 0.000267433 0.0132721
-0.0353736 0.0457372 -0.0321437 0.0489277 8.16551e-05 0.00782176
0.0247164 -0.0198224 0.034296 -0.0224044 2.26583e-05 0.00980944
0.0234044 -0.0224804 0.0247164 -0.0198224 7.38421e-05 0.100315
0.0242964 -0.0152629 0.0245446 -0.01478 3.35456e-05 0.0156011
0.0245446 -0.01478 0.0266737 -0.015857 3.15541e-05 0.00264209
0.0414853 -0.0196689 0.044282 -0.0203858 2.59072e-05 0.0134934
0.0411596 -0.021169 0.0414853 -0.0196689 8.23681e-05 0.0188748
0.0384951 -0.0218374 0.0399979 -0.0214604 0.000100673 0.231346
0.0384951 -0.0218374 0.0407652 -0.0229858 3.30236e-05 0.0192244
0.0312384 -0.0136508 0.0325395 -0.0173759 0.000268135 0.0784407
0.0325395 -0.0173759 0.0365775 -0.0184109 2.34143e-05 0.0107278
0.00699088 -0.00248235 0.00737671 8.81628e-05 8.84694e-05 0.0431246
0.00699088 -0.00248235 0.0124523 -0.00469219 8.9474e-05 0.0464401
0.0124523 -0.00469219 0.0160235 -0.00571791 6.90063e-05 0.0316948
0.0124523 -0.00469219 0.0161591 -0.00619204 8.8975e-05 0.0467131
0.0087066 -0.0277688 0.0100032 -0.0289844 0.000149739 0.0615589
0.0087066 -0.0277688 0.0117229 -0.0285531 5.12767e-05 0.0105403
0.0153135 -0.0276524 0.0183164 -0.0268991 0.000105973 0.0501601
0.0153135 -0.0276524 0.0178138 -0.0278771 0.000109431 0.0599581
0.0142739 -0.0275589 0.0150887 -0.0254391 7.15771e-05 0.00260853
0.0142739 -0.0275589 0.0153135 -0.0276524 0.000108986 0.0570592
0.0117229 -0.0285531 0.0141232 -0.0279509 0.000107582 0.0506524
0.0117229 -0.0285531 0.0136947 -0.0290658 5.21323e-05 0.0110144
0.012593 -0.0314127 0.0127397 -0.0315502 0.000142281 0.0451849
0.012593 -0.0314127 0.0128093 -0.0313692 0.000124307 0.0741586
0.0124898 -0.0314334 0.0127054 -0.0316394 0.000100192 0.0222663
0.0124898 -0.0314334 0.012593 -0.0314127 0.000120182 0.0581366
0.0194191 -0.0305542 0.0234218 -0.031595 4.80868e-05 0.011056
0.0169698 -0.0355163 0.0194191 -0.0305542 7.75144e-05 0.0231107
0.0167894 -0.0298705 0.0183068 -0.030265 4.96934e-05 0.0121088
0.0163886 -0.0306503 0.0167894 -0.0298705 3.65914e-05 0.00336471
0.0128093 -0.0313692 0.0136947 -0.0290658 7.23531e-05 0.0115663
0.0128093 -0.0313692 0.0163886 -0.0306503 0.000123462 0.0763795
0.0169698 -0.0355163 0.0273164 -0.0452172 0.000140482 0.039168
0.0169039 -0.0356497 0.0169698 -0.0355163 7.69718e-05 0.015294
0.01489 -0.0335663 0.0169698 -0.0355163 0.000141907 0.0431031
0.014835 -0.0336735 0.01489 -0.0335663 3.47604e-05 0.00342771
0.0169039 -0.0356497 0.0274652 -0.0457378 9.53857e-05 0.0181607
0.0138245 -0.0418884 0.0169039 -0.0356497 7.37019e-05 0.0118598
0.014835 -0.0336735 0.0169039 -0.0356497 9.86818e-05 0.0206258
0.0123643 -0.038481 0.014835 -0.0336735 3.37115e-05 0.0024424
-0.0125074 0.0255371 -0.0113401 0.0272257 0.00011169 0.0599375
-0.0125074 0.0255371 -0.0107736 0.0270877 0.000370319 0.763569
-0.0125871 0.0254219 -0.0125074 0.0255371 0.000159056 0.118347
-0.0126117 0.0254439 -0.0125871 0.0254219 0.000456269 0.74496
-0.0251044 -0.00260018 -0.0220197 0.00104 0.000270354 0.243666
-0.0220197 0.00104 -0.0194296 -0.00138849 0.000161445 0.0368886
0.0288249 -0.011499 0.0288998 -0.0113472 7.88782e-05 0.037307
0.0288998 -0.0113472 0.0306862 -0.0120701 9.44082e-05 0.0714727
-0.00580815 0.0457587 -0.0103577 0.0497353 0.000161947 2.26138e-05
-0.00580815 0.0457587 -0.00346 0.0493795 6.44943e-05 0.000829225
0.000762129 0.0447311 0.00135499 0.0455887 4.92774e-05 0.00234521
-0.00309095 0.0493605 0.000762129 0.0447311 2.63309e-05 0.000539907
0.000762129 0.0447311 0.00203864 0.0431975 2.7091e-05 0.000898218
0.00135499 0.0455887 0.00203864 0.0431975 2.16427e-05 0.000270305
0.0198986 0.0232893 0.0313775 0.0169369 0.000103134 0.097663
0.0313775 0.0169369 0.0350957 0.0266099 6.79716e-05 0.0233034
-0.0125871 0.0254219 -0.00774825 0.0211078 0.000444887 0.724969
-0.0132999 0.0243908 -0.00774825 0.0211078 0.000325465 0.490866
-0.00517119 0.00243874 -0.00627716 0.00501956 0.000113926 0.00137261
-0.00517119 0.00243874 0.00221908 -0.000551554 9.71883e-05 0.0494782
-0.0191786 0.00439278 -0.017431 0.00645512 0.000265587 0.414964
-0.017431 0.00645512 -0.00570439 0.000522754 3.43913e-05 0.00553463
-0.017901 0.0271116 -0.0150123 0.0254034 0.000506487 1.10525
-0.0163121 0.0284364 -0.0150123 0.0254034 0.000230248 0.0213718
-0.0217839 0.0294078 -0.021812 0.0297757 0.000156736 0.052889
-0.0228218 0.0300215 -0.0217839 0.0294078 0.000519843 1.11054
-0.017901 0.0271116 -0.0169423 0.0285899 0.000135207 0.0969397
-0.0217839 0.0294078 -0.017901 0.0271116 0.000511276 1.11584
0.0131918 0.0485206 0.0145618 0.0497459 0.000161201 0.00728346
0.0117214 0.0485964 0.0131918 0.0485206 3.09266e-05 0.000238066
-0.0079627 0.0321109 -0.00642169 0.0309798 5.95804e-05 0.0123762
-0.00642169 0.0309798 -0.00167286 0.0352268 0.000179717 0.170241
0.0141243 0.000925088 0.0138625 0.00184068 2.45526e-05 0.000420884
0.0141243 0.000925088 0.0147961 0.00100841 0.000115274 0.102021
0.0194191 -0.0305542 0.0197 -0.0299852 7.81758e-05 0.023369
0.0197 -0.0299852 0.021715 -0.0295804 0.0001223 0.0819487
0.021715 -0.0295804 0.0233188 -0.0312346 0.000255403 0.173372
0.021715 -0.0295804 0.0227844 -0.0293656 0.000131304 0.288002
-0.0078143 0.0297343 -0.00642169 0.0309798 0.000179885 0.169479
-0.0078143 0.0297343 -0.00193877 0.027689 0.000297047 0.434749
-0.0279297 0.0116474 -0.0269532 0.0112523 0.000104362 0.0551607
-0.0279297 0.0116474 -0.0278717 0.011737 7.52552e-05 0.0269717
-0.0346169 0.0135625 -0.0284738 0.0117107 0.000306004 0.462631
-0.0286934 0.0119564 -0.0284738 0.0117107 0.000293795 0.28908
-0.0218692 -0.0369794 -0.0168058 -0.0357093 0.000113015 0.0441712
-0.0218692 -0.0369794 -0.0208395 -0.0381279 5.67093e-05 0.0102218
0.00786874 -0.0269832 0.00866106 -0.0277261 0.000146377 0.0772273
0.00786874 -0.0269832 0.0101681 -0.0271899 0.000106372 0.0482381
0.00714719 -0.0263067 0.00786874 -0.0269832 0.000149139 0.0605148
0.00714719 -0.0263067 0.00438304 -0.0198564 0.000115766 0.011936
0.00651414 -0.00565849 0.00689861 -0.00309706 8.90245e-05 0.0538193
0.00651414 -0.00565849 0.0176116 -0.0112726 3.21082e-05 0.00465348
0.00221908 -0.000551554 0.00737671 8.81628e-05 0.000104264 0.083005
0.00221908 -0.000551554 0.00699088 -0.00248235 9.00325e-05 0.0399401
-0.0209133 0.0180196 -0.0210423 0.0197074 8.66838e-05 0.00773663
-0.0209133 0.0180196 -0.0195985 0.0191954 0.000194594 0.228681
0.0290139 0.0107879 0.0303184 0.0141817 9.50828e-05 0.0337209
0.0221123 0.0190799 0.0290139 0.0107879 3.19705e-05 0.00122102
0.0183068 -0.030265 0.0194191 -0.0305542 5.11022e-05 0.0110979
0.0183068 -0.030265 0.0197 -0.0299852 0.000122714 0.0774738
0.01489 -0.0335663 0.0163886 -0.0306503 3.50576e-05 0.00472757
0.0163886 -0.0306503 0.0183068 -0.030265 0.000123281 0.0768371
0.00135499 0.0455887 0.00371968 0.0490092 4.89928e-05 0.00227951
0.000327051 0.0491842 0.00135499 0.0455887 2.13905e-05 9.18109e-05
