0.1	0
0.108437	0
0.117585	0
0.127505	0
0.138262	0
0.149927	0
0.162576	0
0.176291	0
0.191164	0
0.207292	0
0.224781	0
0.243744	0
0.264308	0
0.286607	0
0.310787	0
0.337006	0
0.365438	0
0.396269	0
0.4297	0
0.465953	0
0.505263	0
0.54789	0
0.594113	0
0.644236	0
0.698588	0
0.757525	0
0.821434	0
0.890735	0
0.965883	1.22718e-05
1.04737	0
1.13573	0
1.23155	0
1.33545	0
1.44812	8.18519e-06
1.57029	0
1.70277	0
1.84642	0
2.0022	0
2.17112	0
2.35429	0
2.55291	4.64299e-06
2.76829	0
3.00184	0
3.25509	0
3.52971	3.3581e-06
3.82749	0
4.1504	0
4.50056	2.6337e-06
4.88025	0
5.29198	0
5.73844	0
6.22257	1.90486e-06
6.74754	0
7.31681	1.61999e-06
7.9341	0
8.60346	0
9.3293	2.54105e-06
10.1164	2.34335e-06
10.9699	1.08052e-06
11.8953	0
12.8989	9.18925e-07
13.9871	8.4743e-07
15.1672	0
16.4468	2.16209e-06
17.8343	1.32925e-06
19.3389	0
20.9705	1.13046e-06
22.7397	1.56376e-06
24.6581	1.4421e-06
26.7384	4.43299e-07
28.9942	1.22643e-06
31.4404	1.13101e-06
34.0929	1.04302e-06
36.9691	9.61866e-07
40.0881	8.87031e-07
43.4701	1.09069e-06
47.1375	1.00583e-06
51.1143	4.63789e-07
55.4266	1.28311e-06
60.1028	1.18329e-06
65.1734	1.09122e-06
70.6718	8.38603e-07
76.6341	1.0827e-06
83.0994	9.98465e-07
90.1102	9.20782e-07
97.7124	8.49143e-07
105.956	1.00681e-06
114.895	1.23798e-06
124.588	9.51383e-07
135.099	9.651e-07
146.497	9.70923e-07
158.857	1.04461e-06
172.259	1.03215e-06
186.791	9.51847e-07
202.55	9.36311e-07
219.639	1.07933e-06
238.169	9.95356e-07
258.262	1.00971e-06
280.05	9.31149e-07
303.677	1.05386e-06
329.297	9.35876e-07
357.079	1.06223e-06
387.204	1.0102e-06
419.871	9.59834e-07
455.294	1.04136e-06
493.705	9.84349e-07
535.357	9.96327e-07
580.523	1.00048e-06
629.499	9.97961e-07
682.607	1.00714e-06
740.196	9.76823e-07
802.643	1.01896e-06
870.359	1.00778e-06
943.788	9.79609e-07
1023.41	1.01921e-06
1109.75	9.93321e-07
1203.38	9.84987e-07
1304.9	1.01736e-06
1414.99	9.96841e-07
1534.37	9.96535e-07
1663.82	9.97367e-07
1804.19	1.00518e-06
1956.4	9.93618e-07
2121.45	1.00571e-06
2300.43	9.99598e-07
2494.51	9.93102e-07
2704.96	1.00786e-06
2933.17	1.00218e-06
3180.63	9.98746e-07
3448.96	1.00009e-06
3739.94	9.98341e-07
4055.46	1.00251e-06
4397.6	9.99978e-07
4768.61	9.99233e-07
5170.92	9.97135e-07
5607.17	1.002e-06
6080.22	1.00007e-06
6593.19	9.99567e-07
7149.43	9.99721e-07
7752.6	9.99915e-07
8406.65	9.99668e-07
9115.89	1.00121e-06
9884.96	1.00005e-06
10718.9	9.99656e-07
11623.2	1.0004e-06
12603.8	9.99686e-07
13667.2	9.99962e-07
14820.2	9.99743e-07
16070.5	1.00014e-06
17426.3	9.99871e-07
18896.5	1.00049e-06
20490.7	9.99004e-07
22219.5	1.00076e-06
24094	1.00014e-06
26126.8	9.99452e-07
28331	9.99929e-07
30721.1	1.00046e-06
33312.9	9.99474e-07
36123.4	1.00046e-06
39171	1.00009e-06
42475.7	9.99301e-07
46059.2	1.00056e-06
49945.1	9.99843e-07
54158.7	1.00019e-06
58727.9	9.99872e-07
63682.5	9.99696e-07
69055.1	1.00019e-06
74881	1.00009e-06
81198.4	1.00009e-06
88048.8	9.99822e-07
95477.2	1.00012e-06
103532	9.99932e-07
112267	9.99948e-07
121738	9.99945e-07
132009	1.00017e-06
143146	9.99947e-07
155223	9.99962e-07
168318	1.00005e-06
182518	1.00004e-06
197917	9.99914e-07
214614	1.00005e-06
232720	1.00002e-06
252354	9.99996e-07
273644	9.9999e-07
296730	9.99923e-07
321764	1.00004e-06
348910	1.00003e-06
378346	9.99983e-07
410266	1.00002e-06
444878	9.99984e-07
482411	9.99974e-07
523110	1.00003e-06
567243	1e-06
615099	9.99993e-07
666992	1.00001e-06
723263	1e-06
784282	1e-06
850449	9.99987e-07
922198	9.99998e-07
1e+06	0
