0.1	0
0.108437	0
0.117585	0
0.127505	0
0.138262	0
0.149927	0
0.162576	0
0.176291	0
0.191164	0
0.207292	0
0.224781	0
0.243744	0
0.264308	0
0.286607	0
0.310787	0
0.337006	0
0.365438	0
0.396269	0
0.4297	0
0.465953	0
0.505263	0
0.54789	0
0.594113	0
0.644236	0
0.698588	0
0.757525	0
0.821434	0
0.890735	0
0.965883	0
1.04737	0
1.13573	0
1.23155	0
1.33545	0
1.44812	0
1.57029	0
1.70277	0
1.84642	0
2.0022	0
2.17112	0
2.35429	0
2.55291	0
2.76829	0
3.00184	0
3.25509	0
3.52971	0
3.82749	0
4.1504	0
4.50056	0
4.88025	0
5.29198	0
5.73844	0
6.22257	0
6.74754	0
7.31681	0
7.9341	0
8.60346	0
9.3293	0
10.1164	0
10.9699	0
11.8953	0
12.8989	0
13.9871	0
15.1672	0
16.4468	0
17.8343	0
19.3389	0
20.9705	0
22.7397	0
24.6581	0
26.7384	0
28.9942	0
31.4404	0
34.0929	0
36.9691	0
40.0881	0
43.4701	0
47.1375	0
51.1143	0
55.4266	0
60.1028	0
65.1734	0
70.6718	0
76.6341	0
83.0994	0
90.1102	0
97.7124	0
105.956	0
114.895	0
124.588	2.00019e-06
135.099	2.00019e-06
146.497	2.00019e-06
158.857	8.00075e-06
172.259	1.70016e-05
186.791	2.70025e-05
202.55	4.10039e-05
219.639	5.3005e-05
238.169	7.00066e-05
258.262	8.40079e-05
280.05	0.00010501
303.677	0.000127012
329.297	0.000149014
357.079	0.000181017
387.204	0.00021602
419.871	0.000243023
455.294	0.000277026
493.705	0.000310029
535.357	0.000352033
580.523	0.000389037
629.499	0.000443042
682.607	0.000500047
740.196	0.000557052
802.643	0.000621058
870.359	0.000679064
943.788	0.000763072
1023.41	0.000843079
1109.75	0.000932088
1203.38	0.0010221
1304.9	0.00112111
1414.99	0.00123612
1534.37	0.00136313
1663.82	0.00148614
1804.19	0.00161715
1956.4	0.00176217
2121.45	0.00193718
2300.43	0.0021062
2494.51	0.00231222
2704.96	0.00250624
2933.17	0.00274926
3180.63	0.00299728
3448.96	0.00326231
3739.94	0.00356133
4055.46	0.00387736
4397.6	0.0042124
4768.61	0.00458943
5170.92	0.00498947
5607.17	0.00541251
6080.22	0.00588155
6593.19	0.0064086
7149.43	0.00697166
7752.6	0.00756171
8406.65	0.00822177
9115.89	0.00893484
9884.96	0.00970891
10718.9	0.010535
11623.2	0.0114441
12603.8	0.0123952
13667.2	0.0134503
14820.2	0.0146014
16070.5	0.0158685
17426.3	0.0172176
18896.5	0.0186848
20490.7	0.0202819
22219.5	0.0220181
24094	0.0238882
26126.8	0.0259124
28331	0.0281266
30721.1	0.0305179
33312.9	0.0330991
36123.4	0.0359124
39171	0.0389507
42475.7	0.042268
46059.2	0.0458603
49945.1	0.0497387
54158.7	0.0539621
58727.9	0.0585285
63682.5	0.063485
69055.1	0.0688615
74881	0.074687
81198.4	0.0810076
88048.8	0.0878513
95477.2	0.095268
103532	0.103328
112267	0.112065
121738	0.121544
132009	0.131823
143146	0.142956
155223	0.155042
168318	0.168143
182518	0.182339
197917	0.197733
214614	0.214437
232720	0.232552
252354	0.252191
273644	0.273491
296730	0.296578
321764	0.321616
348910	0.348755
378346	0.378207
410266	0.41014
444878	0.444751
482411	0.482288
523110	0.522992
567243	0.567121
615099	0.615008
666992	0.666873
723263	0.723153
784282	0.784188
850449	0.850364
922198	0.922117
1e+06	0.999926
