0.1	0
0.108437	0
0.117585	0
0.127505	0
0.138262	0
0.149927	0
0.162576	0
0.176291	0
0.191164	0
0.207292	0
0.224781	0
0.243744	0
0.264308	0
0.286607	0
0.310787	0
0.337006	0
0.365438	0
0.396269	0
0.4297	0
0.465953	0
0.505263	0
0.54789	0
0.594113	0
0.644236	0
0.698588	0
0.757525	0
0.821434	0
0.890735	0
0.965883	0
1.04737	0
1.13573	0
1.23155	0
1.33545	0
1.44812	0
1.57029	0
1.70277	0
1.84642	0
2.0022	0
2.17112	0
2.35429	0
2.55291	0
2.76829	0
3.00184	0
3.25509	0
3.52971	0
3.82749	0
4.1504	0
4.50056	0
4.88025	0
5.29198	0
5.73844	0
6.22257	0
6.74754	0
7.31681	0
7.9341	0
8.60346	0
9.3293	0
10.1164	0
10.9699	0
11.8953	0
12.8989	0
13.9871	0
15.1672	0
16.4468	0
17.8343	0
19.3389	0
20.9705	0
22.7397	0
24.6581	0
26.7384	0
28.9942	0
31.4404	0
34.0929	0
36.9691	0
40.0881	0
43.4701	0
47.1375	0
51.1143	0
55.4266	0
60.1028	0
65.1734	0
70.6718	0
76.6341	0
83.0994	0
90.1102	0
97.7124	0
105.956	0
114.895	0
124.588	0
135.099	0
146.497	0
158.857	0
172.259	0
186.791	0
202.55	0
219.639	0
238.169	0
258.262	0
280.05	0
303.677	0
329.297	7.19976e-06
357.079	0
387.204	0
419.871	2.82332e-06
455.294	0
493.705	0
535.357	2.21428e-06
580.523	0
629.499	1.88313e-06
682.607	1.73662e-06
740.196	0
802.643	2.95382e-06
870.359	0
943.788	1.25604e-06
1023.41	1.15831e-06
1109.75	1.06819e-06
1203.38	9.85086e-07
1304.9	9.08444e-07
1414.99	1.67553e-06
1534.37	0
1663.82	7.12477e-07
1804.19	1.31409e-06
1956.4	1.21185e-06
2121.45	1.11757e-06
2300.43	1.03062e-06
2494.51	4.75216e-07
2704.96	1.31473e-06
2933.17	1.21244e-06
3180.63	1.11811e-06
3448.96	6.87413e-07
3739.94	9.50896e-07
4055.46	1.16922e-06
4397.6	1.07825e-06
4768.61	9.94361e-07
5170.92	9.16998e-07
5607.17	8.45653e-07
6080.22	9.74825e-07
6593.19	1.07878e-06
7149.43	9.94846e-07
7752.6	9.17445e-07
8406.65	1.12809e-06
9115.89	9.1028e-07
9884.96	1.0793e-06
10718.9	9.95332e-07
11623.2	1.01988e-06
12603.8	9.40532e-07
13667.2	1.04083e-06
14820.2	9.59849e-07
16070.5	9.58935e-07
17426.3	1.0884e-06
18896.5	1.00372e-06
20490.7	9.83484e-07
22219.5	1.01367e-06
24094	9.84003e-07
26126.8	9.9819e-07
28331	9.62371e-07
30721.1	1.04184e-06
33312.9	9.60786e-07
36123.4	1.0173e-06
39171	9.98677e-07
42475.7	1.03261e-06
46059.2	9.7801e-07
49945.1	9.96857e-07
54158.7	9.84964e-07
58727.9	1.00926e-06
63682.5	1.00519e-06
69055.1	9.78487e-07
74881	1.01317e-06
81198.4	9.92744e-07
88048.8	9.82823e-07
95477.2	1.0181e-06
103532	1.00759e-06
112267	9.92551e-07
121738	9.93228e-07
132009	1.01473e-06
143146	9.93753e-07
155223	1.00044e-06
168318	9.93035e-07
182518	1.0067e-06
197917	1.00025e-06
214614	9.99762e-07
232720	9.98385e-07
252354	1.00526e-06
273644	9.96364e-07
296730	1.00274e-06
321764	9.98407e-07
348910	1.00227e-06
378346	9.99488e-07
410266	9.9685e-07
444878	1.0019e-06
482411	1.00012e-06
523110	9.9936e-07
567243	1.00102e-06
615099	1.00023e-06
666992	9.98831e-07
723263	1.00143e-06
784282	9.99091e-07
850449	1.00081e-06
922198	1.00007e-06
1e+06	0
