0.1	0
0.108437	0
0.117585	0
0.127505	0
0.138262	0
0.149927	0
0.162576	0
0.176291	0
0.191164	0
0.207292	0
0.224781	0
0.243744	0
0.264308	0
0.286607	0
0.310787	0
0.337006	0
0.365438	0
0.396269	0.00299118
0.4297	0
0.465953	0
0.505263	0
0.54789	0
0.594113	0
0.644236	0
0.698588	0
0.757525	0
0.821434	0
0.890735	0
0.965883	0
1.04737	0.0011317
1.13573	0
1.23155	0
1.33545	0
1.44812	0
1.57029	0
1.70277	0
1.84642	0
2.0022	0
2.17112	0.000545945
2.35429	0
2.55291	0
2.76829	0
3.00184	0.000394862
3.25509	0
3.52971	0
3.82749	0
4.1504	0
4.50056	0.00026337
4.88025	0.000242879
5.29198	0
5.73844	0.000206556
6.22257	0
6.74754	0
7.31681	0.000161999
7.9341	0.000149395
8.60346	0.000137771
9.3293	0
10.1164	0.000117168
10.9699	0.000108052
11.8953	9.96451e-05
12.8989	9.18925e-05
13.9871	0.000169486
15.1672	7.81499e-05
16.4468	7.20696e-05
17.8343	0.000132925
19.3389	6.12915e-05
20.9705	0.000113046
22.7397	0.000104251
24.6581	9.61397e-05
26.7384	8.86599e-05
28.9942	0.000122643
31.4404	7.54007e-05
34.0929	0.000104302
36.9691	9.61866e-05
40.0881	0.000118271
43.4701	8.18018e-05
47.1375	0.000100583
51.1143	0.000115947
55.4266	8.5541e-05
60.1028	0.000118329
65.1734	9.09353e-05
70.6718	0.000100632
76.6341	9.2803e-05
83.0994	9.98465e-05
90.1102	0.000105232
97.7124	9.7045e-05
105.956	0.000100681
114.895	0.000103165
124.588	9.51383e-05
135.099	0.000105284
146.497	9.70923e-05
158.857	0.000104461
172.259	9.63341e-05
186.791	0.00010153
202.55	9.9483e-05
219.639	9.71397e-05
238.169	0.000104512
258.262	9.63811e-05
280.05	0.00010158
303.677	0.000101483
329.297	9.71871e-05
357.079	9.95841e-05
387.204	0.00010102
419.871	0.000101629
455.294	9.89293e-05
493.705	0.000100836
535.357	9.96327e-05
580.523	0.000100048
629.499	9.97961e-05
682.607	9.89776e-05
740.196	0.000100885
802.643	0.00010042
870.359	9.94162e-05
943.788	0.000100473
1023.41	9.96049e-05
1109.75	0.0001004
1203.38	9.94837e-05
1304.9	9.99189e-05
1414.99	9.96841e-05
1534.37	0.000100426
1663.82	9.97367e-05
1804.19	0.000100518
1956.4	9.99676e-05
2121.45	0.000100012
2300.43	9.99598e-05
2494.51	9.97854e-05
2704.96	9.99095e-05
2933.17	0.000100218
3180.63	9.98746e-05
3448.96	0.000100009
3739.94	9.98341e-05
4055.46	9.99582e-05
4397.6	0.000100267
4768.61	9.99233e-05
5170.92	9.99428e-05
5607.17	9.99885e-05
6080.22	0.000100007
6593.19	9.99567e-05
7149.43	9.99721e-05
7752.6	9.99915e-05
8406.65	9.99668e-05
9115.89	9.99908e-05
9884.96	1.39096e-05
10718.9	0
11623.2	0
12603.8	0
13667.2	0
14820.2	0
16070.5	0
17426.3	0
18896.5	0
20490.7	0
22219.5	0
24094	0
26126.8	0
28331	0
30721.1	0
33312.9	0
36123.4	0
39171	0
42475.7	0
46059.2	0
49945.1	0
54158.7	0
58727.9	0
63682.5	0
69055.1	0
74881	0
81198.4	0
88048.8	0
95477.2	0
103532	0
112267	0
121738	0
132009	0
143146	0
155223	0
168318	0
182518	0
197917	0
214614	0
232720	0
252354	0
273644	0
296730	0
321764	0
348910	0
378346	0
410266	0
444878	0
482411	0
523110	0
567243	0
615099	0
666992	0
723263	0
784282	0
850449	0
922198	0
1e+06	0
