0.1	0
0.112332	0
0.126186	0
0.141747	0
0.159228	0
0.178865	0
0.200923	0
0.225702	0
0.253536	0
0.284804	0
0.319927	0
0.359381	0
0.403702	0
0.453488	0
0.509414	0
0.572237	0
0.642807	0
0.722081	0
0.811131	0
0.911163	0
1.02353	0
1.14976	0
1.29155	0
1.45083	0
1.62975	0
1.83074	0
2.05651	0
2.31013	0
2.59502	0
2.91505	0
3.27455	0
3.67838	0
4.13201	0
4.64159	0
5.21401	0
5.85702	0
6.57933	0
7.39072	0
8.30218	0
9.32603	0
10.4762	0
11.7681	0
13.2194	0
14.8497	0
16.681	0
18.7382	0
21.049	0
23.6449	0
26.5609	0
29.8365	0
33.516	0
37.6494	0
42.2924	0
47.5081	0
53.367	0
59.9484	0
67.3415	0
75.6463	0
84.9753	0
95.4548	0
107.227	0
120.45	0
135.305	0
151.991	0
170.735	0
191.791	0
215.443	0
242.013	0
271.859	0
305.386	0
343.047	0
385.353	0
432.876	0
486.26	0
546.228	0
613.591	0.000910844
689.261	0.000100009
774.264	0.000100005
869.749	9.99991e-05
977.01	0.000100001
1097.5	0.000100001
1232.85	0.0001
1384.89	0.000100006
1555.68	9.99988e-05
1747.53	9.9999e-05
1963.04	0.0001
2205.13	0.000100002
2477.08	9.9999e-05
2782.56	0.000100001
3125.72	9.99985e-05
3511.19	0.000100001
3944.21	9.99989e-05
4430.62	9.99996e-05
4977.02	0.000100001
5590.81	9.99998e-05
6280.29	9.99999e-05
7054.8	0.0001
7924.83	9.99998e-05
8902.15	9.99992e-05
10000	0
