file
102
-0.0265416 -0.05 -0.0205044 -0.0412053 1.45704e-05
-0.0261314 -0.0230483 -0.0259037 -0.0227933 7.65528e-06
-0.0430694 0.0290921 -0.05 0.0336537 7.82619e-06
0.05 0.037013 0.0368094 0.0422862 1.32931e-05
-0.0178743 0.0155102 -0.020437 0.0174808 1.05591e-05
-0.0343561 -0.0309422 -0.0338346 -0.0291452 7.82777e-06
-0.05 -0.037124 -0.0416432 -0.0321541 1.34323e-05
-0.00607029 -0.05 -0.00192784 -0.0295986 1.30344e-05
-0.0297649 -0.029222 -0.0309415 -0.0257895 9.10415e-06
0.0138181 -0.00998281 0.022398 -5.75982e-05 8.26602e-06
0.05 -0.00895182 0.0344183 0.0130817 1.36155e-05
-0.0400984 -0.0133156 -0.0311061 -0.00260662 9.99995e-06
-0.05 -0.000773121 -0.0435439 -0.0250167 1.39708e-05
0.0445731 -0.0261118 0.05 -0.0290782 6.35622e-06
-0.0180888 -0.05 -0.0205044 -0.0412053 1.63568e-05
-0.05 0.0194851 -0.0369305 0.0185991 1.5562e-05
0.0374088 -0.0287103 0.0158521 -0.00877029 9.95562e-06
-0.05 -0.0282698 -0.0435439 -0.0250167 1.49011e-05
-0.0329717 -0.0301012 -0.0338346 -0.0291452 8.48001e-06
0.00889834 -0.05 -0.00192784 -0.0295986 1.6373e-05
0.0368094 0.0422862 0.0421046 0.05 1.45704e-05
0.0368094 0.0422862 0.0175138 0.05 1.32931e-05
0.00457983 -0.00466402 0.00866926 0.00129324 1.45704e-05
0.00457983 -0.00466402 0.0344183 0.0130817 1.34323e-05
0.00252823 -0.00765268 0.00457983 -0.00466402 1.45704e-05
0.00252823 -0.00765268 0.00293664 -0.00564127 1.30344e-05
-0.0205044 -0.0412053 -0.00655332 -0.0208822 1.45704e-05
-0.0205044 -0.0412053 -0.0256095 -0.0226184 1.63568e-05
-0.0259037 -0.0227933 -0.025642 -0.0225003 7.65528e-06
-0.0259037 -0.0227933 -0.0256095 -0.0226184 1.34323e-05
-0.020437 0.0174808 -0.0313735 0.0258902 1.05591e-05
-0.020437 0.0174808 0.00725037 0.0156037 1.5562e-05
-0.0332612 -0.027169 -0.0319809 -0.022757 7.82777e-06
-0.0332612 -0.027169 -0.0309415 -0.0257895 1.34323e-05
-0.0338346 -0.0291452 -0.0332612 -0.027169 7.82777e-06
-0.0338346 -0.0291452 -0.0347951 -0.0280813 8.48001e-06
-0.0416432 -0.0321541 -0.0347951 -0.0280813 1.34323e-05
-0.0416432 -0.0321541 -0.0368909 -0.05 1.39708e-05
-0.00192784 -0.0295986 0.00252823 -0.00765268 1.30344e-05
-0.00192784 -0.0295986 -0.00655332 -0.0208822 1.6373e-05
-0.0330234 -0.0197154 -0.0356108 -0.0121666 9.10415e-06
-0.0330234 -0.0197154 -0.0272113 -0.0167867 1.49011e-05
-0.0319809 -0.022757 -0.0330234 -0.0197154 9.10415e-06
-0.0319809 -0.022757 -0.0310722 -0.0196255 7.82777e-06
-0.0309415 -0.0257895 -0.0319809 -0.022757 9.10415e-06
-0.0309415 -0.0257895 -0.0259037 -0.0227933 1.34323e-05
0.0254587 0.0257511 0.0129129 0.0434915 1.36155e-05
0.0254587 0.0257511 0.0368094 0.0422862 1.45704e-05
0.0344183 0.0130817 0.0339131 0.013796 1.36155e-05
0.0344183 0.0130817 0.0354448 0.0136921 1.34323e-05
-0.0311061 -0.00260662 -0.0220038 0.00823337 9.99995e-06
-0.0311061 -0.00260662 -0.0369305 0.0185991 1.63568e-05
-0.0435439 -0.0250167 -0.0416432 -0.0321541 1.39708e-05
-0.0435439 -0.0250167 -0.0394319 -0.0229446 1.49011e-05
-0.0271526 0.0179361 -0.020437 0.0174808 1.5562e-05
-0.0271526 0.0179361 -0.0313735 0.0258902 1.6373e-05
-0.0369305 0.0185991 -0.0271526 0.0179361 1.5562e-05
-0.0369305 0.0185991 -0.0409572 0.0332594 1.63568e-05
0.0179929 0.0148753 0.0254587 0.0257511 1.45704e-05
0.0179929 0.0148753 0.0335327 0.0138218 1.5562e-05
0.00866926 0.00129324 0.0179929 0.0148753 1.45704e-05
0.00866926 0.00129324 0.0335327 0.0138218 1.49011e-05
0.00293664 -0.00564127 0.00385178 -0.00113426 1.30344e-05
0.00293664 -0.00564127 0.00457983 -0.00466402 1.34323e-05
-0.00655332 -0.0208822 0.00252823 -0.00765268 1.45704e-05
-0.00655332 -0.0208822 -0.0104244 -0.0135874 1.6373e-05
-0.025642 -0.0225003 -0.0272113 -0.0167867 1.63568e-05
-0.025642 -0.0225003 -0.0185332 -0.0145414 7.65528e-06
-0.0256095 -0.0226184 -0.025642 -0.0225003 1.63568e-05
-0.0256095 -0.0226184 -0.0104244 -0.0135874 1.34323e-05
-0.0313735 0.0258902 -0.0409572 0.0332594 1.05591e-05
-0.0313735 0.0258902 -0.0441676 0.05 1.6373e-05
0.00725037 0.0156037 0.0179929 0.0148753 1.5562e-05
0.00725037 0.0156037 0.0129129 0.0434915 1.30344e-05
-0.0347951 -0.0280813 -0.0394319 -0.0229446 8.48001e-06
-0.0347951 -0.0280813 -0.0332612 -0.027169 1.34323e-05
0.00385178 -0.00113426 0.00866926 0.00129324 1.49011e-05
0.00385178 -0.00113426 0.00725037 0.0156037 1.30344e-05
-0.0126265 -0.00943756 0.00385178 -0.00113426 1.49011e-05
-0.0126265 -0.00943756 -0.0220038 0.00823337 1.6373e-05
-0.0272113 -0.0167867 -0.0126265 -0.00943756 1.49011e-05
-0.0272113 -0.0167867 -0.0311061 -0.00260662 1.63568e-05
0.0129129 0.0434915 0.00831022 0.05 1.36155e-05
0.0129129 0.0434915 0.0142345 0.05 1.30344e-05
0.0339131 0.013796 0.0337997 0.0139563 1.36155e-05
0.0339131 0.013796 0.0354448 0.0136921 1.5562e-05
0.0474791 0.0208493 0.05 0.0223485 1.34323e-05
0.0474791 0.0208493 0.05 0.0221195 1.49011e-05
0.0354448 0.0136921 0.0474791 0.0208493 1.34323e-05
0.0354448 0.0136921 0.05 0.0127053 1.5562e-05
-0.0220038 0.00823337 -0.0206401 0.00985731 9.99995e-06
-0.0220038 0.00823337 -0.0271526 0.0179361 1.6373e-05
-0.0394319 -0.0229446 -0.0330234 -0.0197154 1.49011e-05
-0.0394319 -0.0229446 -0.0423672 -0.0196931 8.48001e-06
-0.0409572 0.0332594 -0.0455553 0.05 1.63568e-05
-0.0409572 0.0332594 -0.05 0.0402126 1.05591e-05
0.0335327 0.0138218 0.0339131 0.013796 1.5562e-05
0.0335327 0.0138218 0.0337997 0.0139563 1.49011e-05
-0.0104244 -0.0135874 -0.0126265 -0.00943756 1.6373e-05
-0.0104244 -0.0135874 0.00293664 -0.00564127 1.34323e-05
0.0337997 0.0139563 0.0254587 0.0257511 1.36155e-05
0.0337997 0.0139563 0.0474791 0.0208493 1.49011e-05
