file
76
0.05 0.037013 0.0368094 0.0422862 1.32931e-05 -0.00107564
-0.05 -0.037124 -0.0416432 -0.0321541 1.34323e-05 0.00111312
0.05 -0.00895182 0.0344183 0.0130817 1.36155e-05 -0.000840068
-0.05 -0.000773121 -0.0435439 -0.0250167 1.39708e-05 0.000410729
-0.05 0.0194851 -0.0369305 0.0185991 1.5562e-05 0.0024166
-0.05 -0.0282698 -0.0435439 -0.0250167 1.49011e-05 0.00162151
0.00457983 -0.00466402 0.00866926 0.00129324 1.45704e-05 0.00112518
0.00457983 -0.00466402 0.0344183 0.0130817 1.34323e-05 0.0013085
0.00252823 -0.00765268 0.00457983 -0.00466402 1.45704e-05 0.00113564
0.00252823 -0.00765268 0.00293664 -0.00564127 1.30344e-05 0.000467416
-0.0205044 -0.0412053 -0.00655332 -0.0208822 1.45704e-05 0.000763154
-0.0205044 -0.0412053 -0.0256095 -0.0226184 1.63568e-05 -0.000679809
-0.0259037 -0.0227933 -0.025642 -0.0225003 7.65528e-06 0.000330883
-0.0259037 -0.0227933 -0.0256095 -0.0226184 1.34323e-05 0.00130873
-0.020437 0.0174808 -0.0313735 0.0258902 1.05591e-05 -0.000438457
-0.020437 0.0174808 0.00725037 0.0156037 1.5562e-05 0.00195978
-0.0332612 -0.027169 -0.0319809 -0.022757 7.82777e-06 0.000186341
-0.0332612 -0.027169 -0.0309415 -0.0257895 1.34323e-05 0.00138031
-0.0338346 -0.0291452 -0.0332612 -0.027169 7.82777e-06 0.000255034
-0.0338346 -0.0291452 -0.0347951 -0.0280813 8.48001e-06 -0.000235418
-0.0416432 -0.0321541 -0.0347951 -0.0280813 1.34323e-05 0.00131075
-0.00192784 -0.0295986 0.00252823 -0.00765268 1.30344e-05 0.000513458
-0.00192784 -0.0295986 -0.00655332 -0.0208822 1.6373e-05 -0.000408757
-0.0330234 -0.0197154 -0.0272113 -0.0167867 1.49011e-05 0.00166028
-0.0319809 -0.022757 -0.0330234 -0.0197154 9.10415e-06 -1.24037e-05
-0.0309415 -0.0257895 -0.0319809 -0.022757 9.10415e-06 -0.00017262
-0.0309415 -0.0257895 -0.0259037 -0.0227933 1.34323e-05 0.00149731
0.0254587 0.0257511 0.0129129 0.0434915 1.36155e-05 -0.000522731
0.0254587 0.0257511 0.0368094 0.0422862 1.45704e-05 0.000981349
0.0344183 0.0130817 0.0339131 0.013796 1.36155e-05 -0.000773514
0.0344183 0.0130817 0.0354448 0.0136921 1.34323e-05 0.00124104
-0.0311061 -0.00260662 -0.0220038 0.00823337 9.99995e-06 0.000439074
-0.0311061 -0.00260662 -0.0369305 0.0185991 1.63568e-05 -0.000563703
-0.0435439 -0.0250167 -0.0416432 -0.0321541 1.39708e-05 0.000190007
-0.0435439 -0.0250167 -0.0394319 -0.0229446 1.49011e-05 0.00182845
-0.0271526 0.0179361 -0.020437 0.0174808 1.5562e-05 0.00166228
-0.0271526 0.0179361 -0.0313735 0.0258902 1.6373e-05 -0.000239689
-0.0369305 0.0185991 -0.0271526 0.0179361 1.5562e-05 0.00205761
-0.0369305 0.0185991 -0.0409572 0.0332594 1.63568e-05 -0.000222159
0.0179929 0.0148753 0.0254587 0.0257511 1.45704e-05 0.00112178
0.0179929 0.0148753 0.0335327 0.0138218 1.5562e-05 0.0018653
0.00866926 0.00129324 0.0179929 0.0148753 1.45704e-05 0.00111957
0.00866926 0.00129324 0.0335327 0.0138218 1.49011e-05 0.00164963
0.00293664 -0.00564127 0.00385178 -0.00113426 1.30344e-05 0.000446899
0.00293664 -0.00564127 0.00457983 -0.00466402 1.34323e-05 0.00129716
-0.00655332 -0.0208822 0.00252823 -0.00765268 1.45704e-05 0.00109445
-0.00655332 -0.0208822 -0.0104244 -0.0135874 1.6373e-05 -0.000703579
-0.025642 -0.0225003 -0.0272113 -0.0167867 1.63568e-05 -0.000422324
-0.0256095 -0.0226184 -0.025642 -0.0225003 1.63568e-05 -0.000577184
-0.0256095 -0.0226184 -0.0104244 -0.0135874 1.34323e-05 0.00118377
-0.0313735 0.0258902 -0.0409572 0.0332594 1.05591e-05 -0.00081012
0.00725037 0.0156037 0.0179929 0.0148753 1.5562e-05 0.00186736
0.00725037 0.0156037 0.0129129 0.0434915 1.30344e-05 0.000546036
-0.0347951 -0.0280813 -0.0394319 -0.0229446 8.48001e-06 -0.000282201
-0.0347951 -0.0280813 -0.0332612 -0.027169 1.34323e-05 0.00134028
0.00385178 -0.00113426 0.00866926 0.00129324 1.49011e-05 0.00164415
0.00385178 -0.00113426 0.00725037 0.0156037 1.30344e-05 0.000435698
-0.0126265 -0.00943756 0.00385178 -0.00113426 1.49011e-05 0.00163435
-0.0126265 -0.00943756 -0.0220038 0.00823337 1.6373e-05 -0.000883605
-0.0272113 -0.0167867 -0.0126265 -0.00943756 1.49011e-05 0.00152081
-0.0272113 -0.0167867 -0.0311061 -0.00260662 1.63568e-05 -0.000295269
0.0339131 0.013796 0.0337997 0.0139563 1.36155e-05 -0.000750405
0.0339131 0.013796 0.0354448 0.0136921 1.5562e-05 0.00187179
0.0474791 0.0208493 0.05 0.0223485 1.34323e-05 0.0012141
0.0474791 0.0208493 0.05 0.0221195 1.49011e-05 0.00155244
0.0354448 0.0136921 0.0474791 0.0208493 1.34323e-05 0.00121566
0.0354448 0.0136921 0.05 0.0127053 1.5562e-05 0.00189369
-0.0220038 0.00823337 -0.0271526 0.0179361 1.6373e-05 -0.000615438
-0.0394319 -0.0229446 -0.0330234 -0.0197154 1.49011e-05 0.00166786
-0.0409572 0.0332594 -0.05 0.0402126 1.05591e-05 -0.00115426
0.0335327 0.0138218 0.0339131 0.013796 1.5562e-05 0.00189201
0.0335327 0.0138218 0.0337997 0.0139563 1.49011e-05 0.00162174
-0.0104244 -0.0135874 -0.0126265 -0.00943756 1.6373e-05 -0.000780273
-0.0104244 -0.0135874 0.00293664 -0.00564127 1.34323e-05 0.00127725
0.0337997 0.0139563 0.0254587 0.0257511 1.36155e-05 -0.000673012
0.0337997 0.0139563 0.0474791 0.0208493 1.49011e-05 0.00155103
