-0.5 0 -0.166667 0 9.99993e-05 0.00473834
-0.5 0.1 -0.25 0.05 0.000199994 0.0201753
-0.5 0.1 -0.235294 0.0411765 9.99992e-05 0.00492564
-0.5 0.1 -0.375 0.125 9.99991e-05 0.00566668
-0.5 0.2 -0.375 0.125 0.000199994 0.0198206
0 0 0.05 0 9.99997e-05 0.00342271
0 0 0.127273 -0.0254545 0.000199998 0.0105447
-0.05 0 -0.02 0 9.99988e-05 0.00397205
-0.05 0 -0.0189655 -0.00689655 9.99996e-05 0.00372026
-0.166667 0 -0.05 0 9.99992e-05 0.00396865
-0.166667 0 -0.00549451 -0.0967033 0.000199995 0.0125692
-0.25 0.05 -0.0206186 0.00412371 0.000199999 0.0149916
-0.25 0.05 -0.235294 0.0411765 0.000199995 0.0115833
-0.235294 0.0411765 -0.05 0 9.99992e-05 0.00372366
-0.235294 0.0411765 -0.166667 0 0.000199995 0.0121843
-0.294118 0.0764706 -0.0224138 0.016092 0.000199994 0.0140095
-0.294118 0.0764706 -0.25 0.05 0.0002 0.00639993
-0.375 0.125 -0.294118 0.0764706 0.000199994 0.0204097
-0.375 0.125 -0.0485437 0.190291 9.99993e-05 0.0044886
-0.0224138 0.016092 -0.0271871 0.0479139 0.000199996 0.0078039
-0.0271871 0.0479139 0.0736842 0 0.000199996 0.00831569
-0.0434783 0.156522 -0.0271871 0.0479139 0.0002 0.000511781
-0.0434783 0.156522 -3.46945e-17 0.2 9.99993e-05 0.00145032
-0.0485437 0.190291 -0.0434783 0.156522 0.000199999 0.00123694
-0.0485437 0.190291 -3.46945e-17 0.2 0.0001 0.00201469
0.05 0 0.0736842 0 9.99996e-05 0.00349712
0.05 0 0.0945055 -0.00989011 0.000199997 0.0114007
0.127273 -0.0254545 0.5 -0.1 0.000199997 0.0160119
0.182418 -0.0516484 0.127273 -0.0254545 0.0002 0.000937153
-0.02 0 0 0 9.99992e-05 0.00289549
-0.0189655 -0.00689655 -0.02 0 0.0002 0.000510894
-0.0189655 -0.00689655 0.182418 -0.0516484 9.99998e-05 0.00187431
-0.0189655 -0.00689655 -0.00549451 -0.0967033 0.0002 0.000412075
-0.00549451 -0.0967033 0.5 -0.4 0.000199995 0.0129813
-0.0206186 0.00412371 0 0 0.000199999 0.0108083
-0.02 0 -0.0206186 0.00412371 0.0002 0.00104917
-0.0224138 0.016092 0.05 0 0.000199997 0.0114379
-0.0206186 0.00412371 -0.0224138 0.016092 0.000199999 0.00523243
0.0736842 0 0.0945055 -0.00989011 0.000199996 0.00817623
0.0736842 0 0.5 0 9.9999e-05 0.00377601
-3.46945e-17 0.2 0.5 0.3 9.99993e-05 0.00346503
0.0945055 -0.00989011 0.5 -0.1 0.000199994 0.0150472
0.0945055 -0.00989011 0.127273 -0.0254545 0.000199999 0.00452989
