-0.5 0 -0.166667 0 9.99993e-05 0.00473834 -7.455e-10
-0.5 0.1 -0.25 0.05 0.000199994 0.0201753 -6.3495e-09
-0.5 0.1 -0.235294 0.0411765 9.99992e-05 0.00492564 -7.755e-10
-0.5 0.1 -0.375 0.125 9.99991e-05 0.00566668 -8.91e-10
-0.5 0.2 -0.375 0.125 0.000199994 0.0198206 -6.2385e-09
0 0 0.05 0 9.99997e-05 0.00342271 -2.97e-10
0 0 0.127273 -0.0254545 0.000199998 0.0105447 -1.7535e-09
-0.05 0 -0.02 0 9.99988e-05 0.00397205 -1.185e-09
-0.05 0 -0.0189655 -0.00689655 9.99996e-05 0.00372026 -4.185e-10
-0.166667 0 -0.05 0 9.99992e-05 0.00396865 -8.34e-10
-0.166667 0 -0.00549451 -0.0967033 0.000199995 0.0125692 -4.8135e-09
-0.25 0.05 -0.0206186 0.00412371 0.000199999 0.0149916 -1.4535e-09
-0.25 0.05 -0.235294 0.0411765 0.000199995 0.0115833 -4.896e-09
-0.235294 0.0411765 -0.05 0 9.99992e-05 0.00372366 -7.695e-10
-0.235294 0.0411765 -0.166667 0 0.000199995 0.0121843 -4.902e-09
-0.294118 0.0764706 -0.0224138 0.016092 0.000199994 0.0140095 -6.432e-09
-0.294118 0.0764706 -0.25 0.05 0.0002 0.00639993 0
-0.375 0.125 -0.294118 0.0764706 0.000199994 0.0204097 -6.432e-09
-0.375 0.125 -0.0485437 0.190291 9.99993e-05 0.0044886 -6.975e-10
-0.0224138 0.016092 -0.0271871 0.0479139 0.000199996 0.0078039 -4.449e-09
-0.0271871 0.0479139 0.0736842 0 0.000199996 0.00831569 -4.449e-09
-0.0434783 0.156522 -0.0271871 0.0479139 0.0002 0.000511781 0
-0.0434783 0.156522 -3.46945e-17 0.2 9.99993e-05 0.00145032 -6.975e-10
-0.0485437 0.190291 -0.0434783 0.156522 0.000199999 0.00123694 -6.975e-10
-0.0485437 0.190291 -3.46945e-17 0.2 0.0001 0.00201469 0
0.05 0 0.0736842 0 9.99996e-05 0.00349712 -4.425e-10
0.05 0 0.0945055 -0.00989011 0.000199997 0.0114007 -2.541e-09
0.127273 -0.0254545 0.5 -0.1 0.000199997 0.0160119 -2.7135e-09
0.182418 -0.0516484 0.127273 -0.0254545 0.0002 0.000937153 -1.995e-10
-0.02 0 0 0 9.99992e-05 0.00289549 -8.235e-10
-0.0189655 -0.00689655 -0.02 0 0.0002 0.000510894 -1.155e-10
-0.0189655 -0.00689655 0.182418 -0.0516484 9.99998e-05 0.00187431 -1.995e-10
-0.0189655 -0.00689655 -0.00549451 -0.0967033 0.0002 0.000412075 -1.035e-10
-0.00549451 -0.0967033 0.5 -0.4 0.000199995 0.0129813 -4.917e-09
-0.0206186 0.00412371 0 0 0.000199999 0.0108083 -1.227e-09
-0.02 0 -0.0206186 0.00412371 0.0002 0.00104917 -4.77e-10
-0.0224138 0.016092 0.05 0 0.000199997 0.0114379 -2.6865e-09
-0.0206186 0.00412371 -0.0224138 0.016092 0.000199999 0.00523243 -7.035e-10
0.0736842 0 0.0945055 -0.00989011 0.000199996 0.00817623 -3.849e-09
0.0736842 0 0.5 0 9.9999e-05 0.00377601 -1.0425e-09
-3.46945e-17 0.2 0.5 0.3 9.99993e-05 0.00346503 -6.975e-10
0.0945055 -0.00989011 0.5 -0.1 0.000199994 0.0150472 -5.6295e-09
0.0945055 -0.00989011 0.127273 -0.0254545 0.000199999 0.00452989 -7.605e-10
