-0.5 0 -0.166667 0 0.0001 0.00473836
-0.5 0.1 -0.25 0.05 0.0002 0.0201762
-0.5 0.1 -0.235294 0.0411765 0.0001 0.00492564
-0.5 0.1 -0.375 0.125 0.0001 0.00566669
-0.5 0.2 -0.375 0.125 0.0002 0.0198215
0 0 0.05 0 0.0001 0.0034228
0 0 0.127273 -0.0254545 0.0002 0.0105452
-0.05 0 -0.02 0 0.0001 0.00397218
-0.05 0 -0.0189655 -0.00689655 0.0001 0.00372032
-0.166667 0 -0.05 0 0.0001 0.00396875
-0.166667 0 -0.00549451 -0.0967033 0.0002 0.0125699
-0.25 0.05 -0.0206186 0.00412371 0.0002 0.014992
-0.25 0.05 -0.235294 0.0411765 0.0002 0.0115841
-0.235294 0.0411765 -0.05 0 0.0001 0.00372376
-0.235294 0.0411765 -0.166667 0 0.0002 0.0121851
-0.294118 0.0764706 -0.0224138 0.016092 0.0002 0.0140106
-0.294118 0.0764706 -0.25 0.05 0.0002 0.00639995
-0.375 0.125 -0.294118 0.0764706 0.0002 0.0204105
-0.375 0.125 -0.0485437 0.190291 0.0001 0.00448866
-0.0271871 0.0479139 -0.0224138 0.016092 0.0002 -0.00780447
-0.0271871 0.0479139 0.0736842 0 0.0002 0.00831625
-0.0434783 0.156522 -0.0271871 0.0479139 0.0002 0.000511782
-0.0434783 0.156522 -3.46945e-17 0.2 0.0001 0.00145037
-0.0485437 0.190291 -0.0434783 0.156522 0.0002 0.00123696
-0.0485437 0.190291 -3.46945e-17 0.2 0.0001 0.00201473
0.05 0 0.0736842 0 0.0001 0.00349723
0.05 0 0.0945055 -0.00989011 0.0002 0.0114013
0.127273 -0.0254545 0.5 -0.1 0.0002 0.0160124
0.127273 -0.0254545 0.182418 -0.0516484 0.0002 -0.000937179
-0.02 0 0 0 0.0001 0.00289562
-0.02 0 -0.0189655 -0.00689655 0.0002 -0.000510885
-0.0189655 -0.00689655 0.182418 -0.0516484 0.0001 0.00187436
-0.0189655 -0.00689655 -0.00549451 -0.0967033 0.0002 0.000412097
-0.00549451 -0.0967033 0.5 -0.4 0.0002 0.012982
-0.0206186 0.00412371 0 0 0.0002 0.0108088
-0.0206186 0.00412371 -0.02 0 0.0002 -0.00104917
-0.0224138 0.016092 0.05 0 0.0002 0.0114385
-0.0224138 0.016092 -0.0206186 0.00412371 0.0002 -0.00523241
0.0736842 0 0.0945055 -0.00989011 0.0002 0.00817681
0.0736842 0 0.5 0 0.0001 0.0037761
-3.46945e-17 0.2 0.5 0.3 0.0001 0.0034651
0.0945055 -0.00989011 0.5 -0.1 0.0002 0.0150481
0.0945055 -0.00989011 0.127273 -0.0254545 0.0002 0.00453002
